This is cutadapt 5.2 with Python 3.12.13
Command line parameters: --cores 8 --adapter AACTGTAGGCACCATCAAT --action=none --output /dev/null data/fastq/SRR34661443.fastq.gz
Processing single-end reads on 8 cores ...

=== Summary ===

Total reads processed:              27,502,550
Reads with adapters:                25,166,286 (91.5%)
Reads written (passing filters):    27,502,550 (100.0%)

Total basepairs processed: 1,771,042,596 bp
Total written (filtered):  1,771,042,596 bp (100.0%)

=== Adapter 1 ===

Sequence: AACTGTAGGCACCATCAAT; Type: regular 3'; Length: 19; Trimmed: 25166286 times

Minimum overlap: 3
No. of allowed errors:
1-9 bp: 0; 10-19 bp: 1

Bases preceding removed adapters:
  A: 14.6%
  C: 33.8%
  G: 30.6%
  T: 20.7%
  none/other: 0.3%

Overview of removed sequences
length	count	expect	max.err	error counts
3	23366	429727.3	0	23366
4	13316	107431.8	0	13316
5	2406	26858.0	0	2406
6	5357	6714.5	0	5357
7	64	1678.6	0	64
8	13	419.7	0	13
9	1366	104.9	0	1335 31
10	3560	26.2	1	3130 430
11	20	6.6	1	0 20
12	2211	1.6	1	1992 219
13	4701	0.4	1	4301 400
14	58	0.1	1	31 27
15	4739	0.0	1	4409 330
16	19254	0.0	1	18221 1033
17	6125	0.0	1	5704 421
18	53	0.0	1	16 37
19	6677	0.0	1	6164 513
20	15423	0.0	1	14650 773
21	8896	0.0	1	8326 570
22	3661	0.0	1	3289 372
23	4326	0.0	1	3926 400
24	2954	0.0	1	2545 409
25	4490	0.0	1	3891 599
26	7701	0.0	1	6856 845
27	11958	0.0	1	10662 1296
28	19209	0.0	1	17362 1847
29	50256	0.0	1	44367 5889
30	377512	0.0	1	264208 113304
31	23723876	0.0	1	22821735 902141
32	183236	0.0	1	149100 34136
33	526441	0.0	1	513319 13122
34	18601	0.0	1	15201 3400
35	86022	0.0	1	79786 6236
36	180	0.0	1	156 24
37	155	0.0	1	122 33
38	216	0.0	1	175 41
39	192	0.0	1	157 35
40	35	0.0	1	28 7
41	57	0.0	1	42 15
42	11	0.0	1	10 1
43	9	0.0	1	9
44	40	0.0	1	35 5
45	14	0.0	1	10 4
46	47	0.0	1	38 9
47	39	0.0	1	15 24
48	28	0.0	1	17 11
49	47	0.0	1	30 17
50	34	0.0	1	16 18
51	34	0.0	1	22 12
52	60	0.0	1	48 12
53	49	0.0	1	37 12
54	36	0.0	1	26 10
55	14	0.0	1	10 4
56	32	0.0	1	23 9
57	22	0.0	1	14 8
58	28	0.0	1	13 15
59	59	0.0	1	25 34
60	15	0.0	1	10 5
61	17	0.0	1	10 7
62	18	0.0	1	10 8
63	39	0.0	1	17 22
64	15	0.0	1	13 2
65	39	0.0	1	14 25
66	44	0.0	1	22 22
67	14	0.0	1	11 3
68	137	0.0	1	67 70
69	19	0.0	1	9 10
70	13	0.0	1	9 4
71	44	0.0	1	21 23
72	42	0.0	1	21 21
73	124	0.0	1	68 56
74	33	0.0	1	18 15
75	64	0.0	1	30 34
76	103	0.0	1	54 49
77	150	0.0	1	86 64
78	197	0.0	1	114 83
79	125	0.0	1	74 51
80	134	0.0	1	74 60
81	35	0.0	1	19 16
82	71	0.0	1	33 38
83	104	0.0	1	52 52
84	105	0.0	1	57 48
85	96	0.0	1	52 44
86	108	0.0	1	55 53
87	104	0.0	1	53 51
88	86	0.0	1	42 44
89	104	0.0	1	48 56
90	103	0.0	1	53 50
91	87	0.0	1	37 50
92	100	0.0	1	55 45
93	113	0.0	1	54 59
94	120	0.0	1	61 59
95	200	0.0	1	103 97
96	140	0.0	1	78 62
97	222	0.0	1	121 101
98	187	0.0	1	96 91
99	157	0.0	1	82 75
100	173	0.0	1	105 68
101	128	0.0	1	71 57
102	73	0.0	1	38 35
103	97	0.0	1	51 46
104	89	0.0	1	50 39
105	170	0.0	1	89 81
106	180	0.0	1	110 70
107	232	0.0	1	131 101
108	231	0.0	1	129 102
109	190	0.0	1	107 83
110	262	0.0	1	151 111
111	138	0.0	1	80 58
112	161	0.0	1	78 83
113	156	0.0	1	83 73
114	287	0.0	1	164 123
115	358	0.0	1	216 142
116	888	0.0	1	550 338
117	974	0.0	1	598 376
118	1525	0.0	1	966 559
119	2041	0.0	1	1295 746
120	4108	0.0	1	2715 1393
121	1635	0.0	1	1053 582
122	588	0.0	1	374 214
123	326	0.0	1	194 132
124	331	0.0	1	200 131
125	374	0.0	1	237 137
126	450	0.0	1	276 174
127	416	0.0	1	267 149
128	500	0.0	1	314 186
129	312	0.0	1	193 119
130	254	0.0	1	168 86
131	342	0.0	1	212 130
132	300	0.0	1	195 105
133	276	0.0	1	170 106
134	268	0.0	1	178 90
135	364	0.0	1	241 123
136	401	0.0	1	273 128
137	406	0.0	1	268 138
138	458	0.0	1	327 131
139	734	0.0	1	502 232
140	573	0.0	1	413 160
141	391	0.0	1	258 133
142	240	0.0	1	179 61
143	135	0.0	1	99 36
144	80	0.0	1	53 27
145	52	0.0	1	36 16
146	50	0.0	1	36 14
147	82	0.0	1	54 28
148	472	0.0	1	332 140
149	13	0.0	1	5 8
150	88	0.0	1	59 29
