This is cutadapt 5.2 with Python 3.12.13
Command line parameters: --cores 8 --adapter AACTGTAGGCACCATCAAT --action=none --output /dev/null data/fastq/SRR34661433.fastq.gz
Processing single-end reads on 8 cores ...

=== Summary ===

Total reads processed:              35,385,846
Reads with adapters:                31,255,689 (88.3%)
Reads written (passing filters):    35,385,846 (100.0%)

Total basepairs processed: 2,693,384,436 bp
Total written (filtered):  2,693,384,436 bp (100.0%)

=== Adapter 1 ===

Sequence: AACTGTAGGCACCATCAAT; Type: regular 3'; Length: 19; Trimmed: 31255689 times

Minimum overlap: 3
No. of allowed errors:
1-9 bp: 0; 10-19 bp: 1

Bases preceding removed adapters:
  A: 34.0%
  C: 16.3%
  G: 26.8%
  T: 22.8%
  none/other: 0.2%

Overview of removed sequences
length	count	expect	max.err	error counts
3	40793	552903.8	0	40793
4	26767	138226.0	0	26767
5	11589	34556.5	0	11589
6	32380	8639.1	0	32380
7	97	2159.8	0	97
8	11	539.9	0	11
9	12908	135.0	0	12846 62
10	19426	33.7	1	18437 989
11	71	8.4	1	3 68
12	12940	2.1	1	12302 638
13	23448	0.5	1	22345 1103
14	184	0.1	1	99 85
15	13520	0.0	1	12839 681
16	49475	0.0	1	47123 2352
17	21938	0.0	1	20759 1179
18	190	0.0	1	68 122
19	20719	0.0	1	19553 1166
20	29918	0.0	1	28469 1449
21	18899	0.0	1	17803 1096
22	11541	0.0	1	10668 873
23	12023	0.0	1	11188 835
24	11760	0.0	1	10820 940
25	12021	0.0	1	10931 1090
26	15798	0.0	1	14426 1372
27	22407	0.0	1	20367 2040
28	34406	0.0	1	31630 2776
29	75819	0.0	1	67781 8038
30	489175	0.0	1	346719 142456
31	29378488	0.0	1	28214446 1164042
32	189895	0.0	1	147773 42122
33	543414	0.0	1	531367 12047
34	17794	0.0	1	14544 3250
35	59700	0.0	1	54654 5046
36	388	0.0	1	335 53
37	380	0.0	1	311 69
38	540	0.0	1	417 123
39	430	0.0	1	352 78
40	345	0.0	1	299 46
41	111	0.0	1	84 27
42	27	0.0	1	24 3
43	36	0.0	1	27 9
44	132	0.0	1	92 40
45	46	0.0	1	38 8
46	130	0.0	1	86 44
47	76	0.0	1	39 37
48	80	0.0	1	47 33
49	169	0.0	1	111 58
50	101	0.0	1	74 27
51	56	0.0	1	37 19
52	64	0.0	1	46 18
53	93	0.0	1	57 36
54	71	0.0	1	48 23
55	44	0.0	1	33 11
56	73	0.0	1	44 29
57	50	0.0	1	29 21
58	70	0.0	1	41 29
59	224	0.0	1	121 103
60	21	0.0	1	11 10
61	41	0.0	1	31 10
62	57	0.0	1	36 21
63	164	0.0	1	82 82
64	28	0.0	1	20 8
65	92	0.0	1	47 45
66	113	0.0	1	50 63
67	133	0.0	1	67 66
68	159	0.0	1	79 80
69	238	0.0	1	123 115
70	371	0.0	1	185 186
71	287	0.0	1	163 124
72	104	0.0	1	67 37
73	430	0.0	1	217 213
74	111	0.0	1	69 42
75	418	0.0	1	222 196
76	421	0.0	1	232 189
77	753	0.0	1	411 342
78	1252	0.0	1	652 600
79	719	0.0	1	419 300
80	784	0.0	1	430 354
81	188	0.0	1	119 69
82	595	0.0	1	338 257
83	547	0.0	1	328 219
84	604	0.0	1	351 253
85	464	0.0	1	273 191
86	523	0.0	1	288 235
87	505	0.0	1	284 221
88	433	0.0	1	220 213
89	539	0.0	1	299 240
90	376	0.0	1	196 180
91	417	0.0	1	228 189
92	332	0.0	1	166 166
93	420	0.0	1	219 201
94	303	0.0	1	150 153
95	420	0.0	1	224 196
96	446	0.0	1	240 206
97	766	0.0	1	391 375
98	560	0.0	1	274 286
99	471	0.0	1	253 218
100	634	0.0	1	312 322
101	352	0.0	1	189 163
102	261	0.0	1	149 112
103	328	0.0	1	175 153
104	373	0.0	1	199 174
105	473	0.0	1	268 205
106	638	0.0	1	346 292
107	1453	0.0	1	802 651
108	1061	0.0	1	587 474
109	1017	0.0	1	582 435
110	1212	0.0	1	686 526
111	389	0.0	1	218 171
112	369	0.0	1	208 161
113	445	0.0	1	244 201
114	553	0.0	1	332 221
115	664	0.0	1	380 284
116	638	0.0	1	367 271
117	575	0.0	1	353 222
118	774	0.0	1	458 316
119	1133	0.0	1	680 453
120	1817	0.0	1	1170 647
121	1155	0.0	1	714 441
122	659	0.0	1	395 264
123	529	0.0	1	299 230
124	566	0.0	1	375 191
125	459	0.0	1	288 171
126	592	0.0	1	359 233
127	639	0.0	1	402 237
128	808	0.0	1	508 300
129	464	0.0	1	292 172
130	469	0.0	1	313 156
131	427	0.0	1	270 157
132	348	0.0	1	232 116
133	312	0.0	1	204 108
134	338	0.0	1	229 109
135	433	0.0	1	302 131
136	356	0.0	1	243 113
137	319	0.0	1	225 94
138	429	0.0	1	303 126
139	592	0.0	1	434 158
140	422	0.0	1	307 115
141	289	0.0	1	194 95
142	149	0.0	1	98 51
143	103	0.0	1	82 21
144	81	0.0	1	59 22
145	59	0.0	1	44 15
146	41	0.0	1	31 10
147	55	0.0	1	46 9
148	506	0.0	1	373 133
149	20	0.0	1	15 5
150	56	0.0	1	38 18
