This is cutadapt 5.2 with Python 3.12.13
Command line parameters: --cores 8 --adapter AACTGTAGGCACCATCAAT --action=none --output /dev/null data/fastq/SRR34661426.fastq.gz
Processing single-end reads on 8 cores ...

=== Summary ===

Total reads processed:              12,525,571
Reads with adapters:                12,311,501 (98.3%)
Reads written (passing filters):    12,525,571 (100.0%)

Total basepairs processed:   806,017,969 bp
Total written (filtered):    806,017,969 bp (100.0%)

=== Adapter 1 ===

Sequence: AACTGTAGGCACCATCAAT; Type: regular 3'; Length: 19; Trimmed: 12311501 times

Minimum overlap: 3
No. of allowed errors:
1-9 bp: 0; 10-19 bp: 1

Bases preceding removed adapters:
  A: 19.6%
  C: 19.6%
  G: 30.2%
  T: 30.6%
  none/other: 0.0%

Overview of removed sequences
length	count	expect	max.err	error counts
3	3186	195712.0	0	3186
4	1403	48928.0	0	1403
5	1394	12232.0	0	1394
6	2184	3058.0	0	2184
7	1593	764.5	0	1593
8	1231	191.1	0	1231
9	1834	47.8	0	1833 1
10	2645	11.9	1	1947 698
11	2879	3.0	1	2586 293
12	2968	0.7	1	2726 242
13	4161	0.2	1	3876 285
14	2903	0.0	1	2651 252
15	5435	0.0	1	4994 441
16	2284	0.0	1	2083 201
17	3336	0.0	1	3077 259
18	6128	0.0	1	5738 390
19	9123	0.0	1	8463 660
20	5383	0.0	1	4995 388
21	7176	0.0	1	6760 416
22	2545	0.0	1	2399 146
23	1565	0.0	1	1457 108
24	3461	0.0	1	3233 228
25	2606	0.0	1	2426 180
26	2107	0.0	1	1862 245
27	3003	0.0	1	2646 357
28	4415	0.0	1	3829 586
29	9358	0.0	1	7157 2201
30	146888	0.0	1	87295 59593
31	11724486	0.0	1	11413535 310951
32	289679	0.0	1	252889 36790
33	3033	0.0	1	2143 890
34	1301	0.0	1	802 499
35	1365	0.0	1	953 412
36	1280	0.0	1	872 408
37	1512	0.0	1	1070 442
38	1807	0.0	1	1352 455
39	1683	0.0	1	1091 592
40	1317	0.0	1	888 429
41	1690	0.0	1	1136 554
42	1871	0.0	1	1234 637
43	1464	0.0	1	1030 434
44	92	0.0	1	77 15
45	10	0.0	1	8 2
46	14	0.0	1	10 4
47	19	0.0	1	15 4
48	5	0.0	1	1 4
49	18	0.0	1	14 4
50	56	0.0	1	38 18
51	56	0.0	1	40 16
52	41	0.0	1	29 12
53	31	0.0	1	19 12
54	59	0.0	1	39 20
55	18	0.0	1	10 8
56	17	0.0	1	11 6
57	21	0.0	1	14 7
58	22	0.0	1	12 10
59	17	0.0	1	12 5
60	34	0.0	1	17 17
61	36	0.0	1	27 9
62	65	0.0	1	32 33
63	39	0.0	1	16 23
64	68	0.0	1	40 28
65	26	0.0	1	14 12
66	27	0.0	1	16 11
67	18	0.0	1	12 6
68	24	0.0	1	15 9
69	31	0.0	1	19 12
70	57	0.0	1	30 27
71	81	0.0	1	46 35
72	123	0.0	1	75 48
73	131	0.0	1	76 55
74	133	0.0	1	79 54
75	158	0.0	1	78 80
76	125	0.0	1	63 62
77	202	0.0	1	111 91
78	446	0.0	1	255 191
79	269	0.0	1	147 122
80	800	0.0	1	475 325
81	317	0.0	1	150 167
82	567	0.0	1	316 251
83	525	0.0	1	276 249
84	378	0.0	1	205 173
85	729	0.0	1	417 312
86	628	0.0	1	344 284
87	572	0.0	1	314 258
88	262	0.0	1	145 117
89	291	0.0	1	155 136
90	349	0.0	1	183 166
91	124	0.0	1	64 60
92	113	0.0	1	61 52
93	104	0.0	1	52 52
94	88	0.0	1	43 45
95	89	0.0	1	38 51
96	85	0.0	1	41 44
97	96	0.0	1	48 48
98	143	0.0	1	70 73
99	221	0.0	1	97 124
100	141	0.0	1	70 71
101	146	0.0	1	73 73
102	166	0.0	1	76 90
103	152	0.0	1	76 76
104	148	0.0	1	72 76
105	188	0.0	1	82 106
106	248	0.0	1	140 108
107	252	0.0	1	118 134
108	295	0.0	1	123 172
109	384	0.0	1	198 186
110	360	0.0	1	174 186
111	296	0.0	1	137 159
112	234	0.0	1	97 137
113	262	0.0	1	125 137
114	353	0.0	1	182 171
115	369	0.0	1	169 200
116	577	0.0	1	334 243
117	791	0.0	1	404 387
118	711	0.0	1	367 344
119	795	0.0	1	390 405
120	835	0.0	1	434 401
121	1067	0.0	1	584 483
122	829	0.0	1	426 403
123	602	0.0	1	310 292
124	473	0.0	1	254 219
125	438	0.0	1	211 227
126	402	0.0	1	197 205
127	651	0.0	1	341 310
128	1016	0.0	1	515 501
129	1657	0.0	1	848 809
130	695	0.0	1	376 319
131	913	0.0	1	499 414
132	1157	0.0	1	642 515
133	522	0.0	1	305 217
134	429	0.0	1	239 190
135	1272	0.0	1	752 520
136	1162	0.0	1	699 463
137	638	0.0	1	419 219
138	630	0.0	1	364 266
139	556	0.0	1	340 216
140	517	0.0	1	351 166
141	355	0.0	1	234 121
142	268	0.0	1	170 98
143	1285	0.0	1	1167 118
144	816	0.0	1	774 42
145	383	0.0	1	360 23
146	215	0.0	1	202 13
147	74	0.0	1	68 6
148	21	0.0	1	18 3
149	2	0.0	1	2
151	1	0.0	1	1
