This is cutadapt 5.2 with Python 3.12.13
Command line parameters: --cores 8 --adapter AACTGTAGGCACCATCAAT --action=none --output /dev/null data/fastq/SRR34661419.fastq.gz
Processing single-end reads on 8 cores ...

=== Summary ===

Total reads processed:              10,196,466
Reads with adapters:                 9,779,814 (95.9%)
Reads written (passing filters):    10,196,466 (100.0%)

Total basepairs processed: 1,539,666,366 bp
Total written (filtered):  1,539,666,366 bp (100.0%)

=== Adapter 1 ===

Sequence: AACTGTAGGCACCATCAAT; Type: regular 3'; Length: 19; Trimmed: 9779814 times

Minimum overlap: 3
No. of allowed errors:
1-9 bp: 0; 10-19 bp: 1

Bases preceding removed adapters:
  A: 17.3%
  C: 16.2%
  G: 44.7%
  T: 21.6%
  none/other: 0.2%

Overview of removed sequences
length	count	expect	max.err	error counts
3	307	159319.8	0	307
4	200	39829.9	0	200
5	127	9957.5	0	127
6	142	2489.4	0	142
7	90	622.3	0	90
8	102	155.6	0	102
9	181	38.9	0	181
10	209	9.7	1	206 3
11	126	2.4	1	122 4
12	142	0.6	1	136 6
13	203	0.2	1	201 2
14	146	0.0	1	139 7
15	197	0.0	1	191 6
16	201	0.0	1	191 10
17	216	0.0	1	210 6
18	410	0.0	1	396 14
19	384	0.0	1	374 10
20	216	0.0	1	204 12
21	380	0.0	1	366 14
22	259	0.0	1	242 17
23	163	0.0	1	159 4
24	280	0.0	1	267 13
25	189	0.0	1	170 19
26	171	0.0	1	161 10
27	178	0.0	1	172 6
28	167	0.0	1	163 4
29	174	0.0	1	168 6
30	198	0.0	1	191 7
31	287	0.0	1	274 13
32	176	0.0	1	168 8
33	184	0.0	1	174 10
34	390	0.0	1	377 13
35	275	0.0	1	256 19
36	315	0.0	1	305 10
37	317	0.0	1	308 9
38	297	0.0	1	290 7
39	264	0.0	1	254 10
40	231	0.0	1	221 10
41	267	0.0	1	262 5
42	257	0.0	1	252 5
43	299	0.0	1	288 11
44	345	0.0	1	329 16
45	316	0.0	1	303 13
46	316	0.0	1	298 18
47	318	0.0	1	305 13
48	313	0.0	1	305 8
49	335	0.0	1	331 4
50	351	0.0	1	341 10
51	400	0.0	1	389 11
52	408	0.0	1	394 14
53	463	0.0	1	442 21
54	621	0.0	1	573 48
55	462	0.0	1	445 17
56	434	0.0	1	411 23
57	489	0.0	1	470 19
58	532	0.0	1	511 21
59	582	0.0	1	561 21
60	594	0.0	1	556 38
61	889	0.0	1	864 25
62	1876	0.0	1	1821 55
63	780	0.0	1	753 27
64	1834	0.0	1	1767 67
65	1300	0.0	1	1266 34
66	954	0.0	1	919 35
67	888	0.0	1	854 34
68	1192	0.0	1	1150 42
69	1876	0.0	1	1822 54
70	2419	0.0	1	2320 99
71	2381	0.0	1	2287 94
72	4797	0.0	1	4639 158
73	5233	0.0	1	5040 193
74	6363	0.0	1	6115 248
75	4853	0.0	1	4680 173
76	5142	0.0	1	4953 189
77	5929	0.0	1	5736 193
78	9152	0.0	1	8860 292
79	5512	0.0	1	5271 241
80	7915	0.0	1	7659 256
81	6951	0.0	1	6662 289
82	7006	0.0	1	6739 267
83	10243	0.0	1	9905 338
84	11196	0.0	1	10808 388
85	14980	0.0	1	14517 463
86	17288	0.0	1	16548 740
87	10323	0.0	1	9827 496
88	8250	0.0	1	7825 425
89	9281	0.0	1	8883 398
90	10340	0.0	1	9939 401
91	5806	0.0	1	5435 371
92	6914	0.0	1	6587 327
93	11466	0.0	1	11074 392
94	13527	0.0	1	13027 500
95	10086	0.0	1	9668 418
96	17866	0.0	1	17291 575
97	12631	0.0	1	12062 569
98	17752	0.0	1	17142 610
99	33153	0.0	1	32188 965
100	20172	0.0	1	19344 828
101	24375	0.0	1	23572 803
102	34595	0.0	1	33459 1136
103	28885	0.0	1	27984 901
104	19456	0.0	1	18276 1180
105	21280	0.0	1	20479 801
106	32830	0.0	1	31672 1158
107	49232	0.0	1	47496 1736
108	82107	0.0	1	79196 2911
109	84967	0.0	1	81840 3127
110	72591	0.0	1	69124 3467
111	96829	0.0	1	93528 3301
112	39053	0.0	1	36606 2447
113	45290	0.0	1	43062 2228
114	63914	0.0	1	61699 2215
115	82251	0.0	1	79278 2973
116	91529	0.0	1	87083 4446
117	156563	0.0	1	150803 5760
118	158999	0.0	1	150434 8565
119	255832	0.0	1	245684 10148
120	351444	0.0	1	339220 12224
121	839457	0.0	1	815349 24108
122	567261	0.0	1	546893 20368
123	267583	0.0	1	254067 13516
124	216195	0.0	1	206190 10005
125	233822	0.0	1	224452 9370
126	235841	0.0	1	227212 8629
127	285492	0.0	1	275423 10069
128	336174	0.0	1	324008 12166
129	506218	0.0	1	490117 16101
130	245018	0.0	1	234877 10141
131	264551	0.0	1	254034 10517
132	385899	0.0	1	373436 12463
133	219360	0.0	1	209466 9894
134	218892	0.0	1	210561 8331
135	222638	0.0	1	214146 8492
136	250234	0.0	1	240084 10150
137	232586	0.0	1	222324 10262
138	260537	0.0	1	250904 9633
139	347618	0.0	1	335568 12050
140	500179	0.0	1	484892 15287
141	423211	0.0	1	406248 16963
142	213809	0.0	1	203800 10009
143	101492	0.0	1	95685 5807
144	87781	0.0	1	84339 3442
145	72566	0.0	1	69668 2898
146	48453	0.0	1	46043 2410
147	33764	0.0	1	31287 2477
148	8286	0.0	1	6573 1713
149	3031	0.0	1	1173 1858
150	999	0.0	1	771 228
151	15733	0.0	1	14534 1199
