This is cutadapt 5.2 with Python 3.12.13
Command line parameters: --cores 8 --adapter AACTGTAGGCACCATCAAT --action=none --output /dev/null data/fastq/SRR34661435.fastq.gz
Processing single-end reads on 8 cores ...

=== Summary ===

Total reads processed:              46,145,566
Reads with adapters:                43,960,589 (95.3%)
Reads written (passing filters):    46,145,566 (100.0%)

Total basepairs processed: 3,262,929,921 bp
Total written (filtered):  3,262,929,921 bp (100.0%)

=== Adapter 1 ===

Sequence: AACTGTAGGCACCATCAAT; Type: regular 3'; Length: 19; Trimmed: 43960589 times

Minimum overlap: 3
No. of allowed errors:
1-9 bp: 0; 10-19 bp: 1

Bases preceding removed adapters:
  A: 31.4%
  C: 16.6%
  G: 28.1%
  T: 23.7%
  none/other: 0.1%

Overview of removed sequences
length	count	expect	max.err	error counts
3	26494	721024.5	0	26494
4	17749	180256.1	0	17749
5	8734	45064.0	0	8734
6	25058	11266.0	0	25058
7	55	2816.5	0	55
8	13	704.1	0	13
9	8365	176.0	0	8316 49
10	14707	44.0	1	14216 491
11	44	11.0	1	0 44
12	10344	2.8	1	10023 321
13	19298	0.7	1	18620 678
14	166	0.2	1	87 79
15	10188	0.0	1	9828 360
16	34231	0.0	1	32968 1263
17	19318	0.0	1	18577 741
18	204	0.0	1	79 125
19	19781	0.0	1	19015 766
20	31104	0.0	1	29917 1187
21	19786	0.0	1	19012 774
22	12355	0.0	1	11758 597
23	11682	0.0	1	11049 633
24	10940	0.0	1	10240 700
25	11774	0.0	1	10904 870
26	16488	0.0	1	15292 1196
27	24223	0.0	1	22232 1991
28	36565	0.0	1	33800 2765
29	83810	0.0	1	74598 9212
30	648885	0.0	1	466178 182707
31	42183573	0.0	1	40935207 1248366
32	233833	0.0	1	181450 52383
33	303935	0.0	1	297199 6736
34	12958	0.0	1	10521 2437
35	39792	0.0	1	36317 3475
36	465	0.0	1	412 53
37	394	0.0	1	337 57
38	547	0.0	1	427 120
39	378	0.0	1	307 71
40	105	0.0	1	83 22
41	101	0.0	1	62 39
42	30	0.0	1	24 6
43	40	0.0	1	32 8
44	119	0.0	1	81 38
45	56	0.0	1	39 17
46	153	0.0	1	99 54
47	171	0.0	1	39 132
48	89	0.0	1	47 42
49	200	0.0	1	112 88
50	132	0.0	1	81 51
51	64	0.0	1	37 27
52	76	0.0	1	53 23
53	157	0.0	1	106 51
54	79	0.0	1	62 17
55	40	0.0	1	26 14
56	104	0.0	1	60 44
57	78	0.0	1	33 45
58	122	0.0	1	61 61
59	306	0.0	1	162 144
60	33	0.0	1	23 10
61	41	0.0	1	29 12
62	76	0.0	1	45 31
63	199	0.0	1	94 105
64	31	0.0	1	22 9
65	114	0.0	1	51 63
66	160	0.0	1	86 74
67	107	0.0	1	57 50
68	317	0.0	1	159 158
69	93	0.0	1	46 47
70	201	0.0	1	97 104
71	535	0.0	1	274 261
72	119	0.0	1	77 42
73	513	0.0	1	278 235
74	118	0.0	1	53 65
75	402	0.0	1	213 189
76	456	0.0	1	237 219
77	751	0.0	1	412 339
78	1346	0.0	1	657 689
79	729	0.0	1	410 319
80	855	0.0	1	467 388
81	172	0.0	1	95 77
82	690	0.0	1	372 318
83	644	0.0	1	350 294
84	782	0.0	1	453 329
85	662	0.0	1	380 282
86	759	0.0	1	424 335
87	655	0.0	1	355 300
88	572	0.0	1	307 265
89	634	0.0	1	345 289
90	535	0.0	1	261 274
91	542	0.0	1	286 256
92	584	0.0	1	323 261
93	694	0.0	1	353 341
94	446	0.0	1	216 230
95	682	0.0	1	346 336
96	666	0.0	1	364 302
97	1141	0.0	1	538 603
98	707	0.0	1	359 348
99	699	0.0	1	337 362
100	974	0.0	1	478 496
101	565	0.0	1	306 259
102	440	0.0	1	229 211
103	512	0.0	1	276 236
104	592	0.0	1	321 271
105	772	0.0	1	386 386
106	1060	0.0	1	547 513
107	2312	0.0	1	1202 1110
108	1696	0.0	1	870 826
109	1547	0.0	1	824 723
110	2188	0.0	1	1205 983
111	698	0.0	1	395 303
112	731	0.0	1	376 355
113	859	0.0	1	463 396
114	964	0.0	1	532 432
115	1136	0.0	1	635 501
116	993	0.0	1	580 413
117	901	0.0	1	513 388
118	1134	0.0	1	685 449
119	1727	0.0	1	1017 710
120	2530	0.0	1	1494 1036
121	1717	0.0	1	1017 700
122	1046	0.0	1	633 413
123	856	0.0	1	486 370
124	817	0.0	1	509 308
125	677	0.0	1	401 276
126	907	0.0	1	558 349
127	919	0.0	1	559 360
128	1123	0.0	1	688 435
129	718	0.0	1	444 274
130	682	0.0	1	422 260
131	657	0.0	1	433 224
132	614	0.0	1	397 217
133	526	0.0	1	344 182
134	479	0.0	1	350 129
135	590	0.0	1	388 202
136	478	0.0	1	314 164
137	512	0.0	1	355 157
138	534	0.0	1	356 178
139	720	0.0	1	504 216
140	454	0.0	1	321 133
141	314	0.0	1	220 94
142	201	0.0	1	148 53
143	185	0.0	1	128 57
144	101	0.0	1	68 33
145	79	0.0	1	54 25
146	58	0.0	1	40 18
147	60	0.0	1	41 19
148	268	0.0	1	190 78
149	12	0.0	1	6 6
150	34	0.0	1	22 12
