This is cutadapt 5.2 with Python 3.12.13
Command line parameters: --cores 8 --adapter AACTGTAGGCACCATCAAT --action=none --output /dev/null data/fastq/SRR34661427.fastq.gz
Processing single-end reads on 8 cores ...

=== Summary ===

Total reads processed:              14,547,184
Reads with adapters:                14,232,097 (97.8%)
Reads written (passing filters):    14,547,184 (100.0%)

Total basepairs processed: 1,000,620,825 bp
Total written (filtered):  1,000,620,825 bp (100.0%)

=== Adapter 1 ===

Sequence: AACTGTAGGCACCATCAAT; Type: regular 3'; Length: 19; Trimmed: 14232097 times

Minimum overlap: 3
No. of allowed errors:
1-9 bp: 0; 10-19 bp: 1

Bases preceding removed adapters:
  A: 24.7%
  C: 17.9%
  G: 27.9%
  T: 29.6%
  none/other: 0.0%

Overview of removed sequences
length	count	expect	max.err	error counts
3	5089	227299.8	0	5089
4	2423	56824.9	0	2423
5	2221	14206.2	0	2221
6	3517	3551.6	0	3517
7	2849	887.9	0	2849
8	2297	222.0	0	2297
9	2867	55.5	0	2863 4
10	3677	13.9	1	2679 998
11	6527	3.5	1	5819 708
12	6862	0.9	1	6285 577
13	7698	0.2	1	7128 570
14	6281	0.1	1	5747 534
15	11689	0.0	1	10774 915
16	4857	0.0	1	4485 372
17	7301	0.0	1	6823 478
18	13590	0.0	1	12710 880
19	20340	0.0	1	18874 1466
20	10640	0.0	1	9934 706
21	14526	0.0	1	13685 841
22	5113	0.0	1	4805 308
23	3524	0.0	1	3278 246
24	8506	0.0	1	8000 506
25	5851	0.0	1	5453 398
26	3982	0.0	1	3609 373
27	4441	0.0	1	3945 496
28	6169	0.0	1	5490 679
29	11884	0.0	1	9344 2540
30	166746	0.0	1	101788 64958
31	13485036	0.0	1	13113637 371399
32	329962	0.0	1	288762 41200
33	3767	0.0	1	2716 1051
34	1404	0.0	1	905 499
35	1959	0.0	1	1390 569
36	1633	0.0	1	1132 501
37	1930	0.0	1	1391 539
38	2303	0.0	1	1753 550
39	1916	0.0	1	1205 711
40	1576	0.0	1	1102 474
41	2119	0.0	1	1468 651
42	2029	0.0	1	1338 691
43	1777	0.0	1	1231 546
44	99	0.0	1	82 17
45	30	0.0	1	14 16
46	24	0.0	1	17 7
47	31	0.0	1	19 12
48	28	0.0	1	20 8
49	28	0.0	1	18 10
50	88	0.0	1	60 28
51	90	0.0	1	69 21
52	76	0.0	1	57 19
53	53	0.0	1	33 20
54	80	0.0	1	55 25
55	24	0.0	1	14 10
56	16	0.0	1	10 6
57	26	0.0	1	16 10
58	32	0.0	1	20 12
59	35	0.0	1	22 13
60	63	0.0	1	38 25
61	50	0.0	1	21 29
62	178	0.0	1	111 67
63	59	0.0	1	30 29
64	139	0.0	1	74 65
65	51	0.0	1	26 25
66	69	0.0	1	36 33
67	40	0.0	1	21 19
68	40	0.0	1	24 16
69	58	0.0	1	30 28
70	54	0.0	1	25 29
71	102	0.0	1	50 52
72	162	0.0	1	101 61
73	237	0.0	1	134 103
74	294	0.0	1	172 122
75	206	0.0	1	122 84
76	276	0.0	1	161 115
77	356	0.0	1	211 145
78	732	0.0	1	418 314
79	405	0.0	1	213 192
80	1191	0.0	1	681 510
81	483	0.0	1	269 214
82	821	0.0	1	465 356
83	977	0.0	1	525 452
84	585	0.0	1	307 278
85	1077	0.0	1	605 472
86	1037	0.0	1	573 464
87	873	0.0	1	474 399
88	365	0.0	1	209 156
89	410	0.0	1	211 199
90	556	0.0	1	276 280
91	185	0.0	1	94 91
92	194	0.0	1	110 84
93	166	0.0	1	83 83
94	178	0.0	1	91 87
95	113	0.0	1	57 56
96	131	0.0	1	62 69
97	173	0.0	1	86 87
98	269	0.0	1	137 132
99	354	0.0	1	192 162
100	185	0.0	1	74 111
101	194	0.0	1	92 102
102	264	0.0	1	137 127
103	258	0.0	1	131 127
104	259	0.0	1	117 142
105	268	0.0	1	135 133
106	346	0.0	1	167 179
107	398	0.0	1	198 200
108	445	0.0	1	204 241
109	611	0.0	1	336 275
110	484	0.0	1	249 235
111	463	0.0	1	243 220
112	346	0.0	1	166 180
113	354	0.0	1	169 185
114	481	0.0	1	246 235
115	393	0.0	1	185 208
116	600	0.0	1	337 263
117	730	0.0	1	374 356
118	607	0.0	1	320 287
119	746	0.0	1	393 353
120	967	0.0	1	503 464
121	1303	0.0	1	720 583
122	909	0.0	1	466 443
123	642	0.0	1	330 312
124	536	0.0	1	287 249
125	514	0.0	1	262 252
126	536	0.0	1	271 265
127	676	0.0	1	343 333
128	1255	0.0	1	630 625
129	1984	0.0	1	1052 932
130	792	0.0	1	421 371
131	680	0.0	1	400 280
132	765	0.0	1	423 342
133	446	0.0	1	246 200
134	420	0.0	1	248 172
135	933	0.0	1	516 417
136	810	0.0	1	472 338
137	623	0.0	1	398 225
138	645	0.0	1	414 231
139	540	0.0	1	368 172
140	621	0.0	1	417 204
141	437	0.0	1	283 154
142	291	0.0	1	201 90
143	1365	0.0	1	1275 90
144	931	0.0	1	851 80
145	402	0.0	1	362 40
146	196	0.0	1	181 15
147	83	0.0	1	78 5
148	14	0.0	1	12 2
149	1	0.0	1	1
151	1	0.0	1	1
