This is cutadapt 5.2 with Python 3.12.13
Command line parameters: --cores 8 --adapter AACTGTAGGCACCATCAAT --action=none --output /dev/null data/fastq/SRR34661424.fastq.gz
Processing single-end reads on 8 cores ...

=== Summary ===

Total reads processed:              17,924,853
Reads with adapters:                17,750,483 (99.0%)
Reads written (passing filters):    17,924,853 (100.0%)

Total basepairs processed: 1,176,069,310 bp
Total written (filtered):  1,176,069,310 bp (100.0%)

=== Adapter 1 ===

Sequence: AACTGTAGGCACCATCAAT; Type: regular 3'; Length: 19; Trimmed: 17750483 times

Minimum overlap: 3
No. of allowed errors:
1-9 bp: 0; 10-19 bp: 1

Bases preceding removed adapters:
  A: 17.8%
  C: 23.3%
  G: 31.4%
  T: 27.5%
  none/other: 0.0%

Overview of removed sequences
length	count	expect	max.err	error counts
3	3306	280075.8	0	3306
4	1577	70019.0	0	1577
5	1391	17504.7	0	1391
6	2552	4376.2	0	2552
7	1978	1094.0	0	1978
8	1287	273.5	0	1287
9	2391	68.4	0	2389 2
10	2952	17.1	1	2148 804
11	2709	4.3	1	2434 275
12	3129	1.1	1	2897 232
13	4827	0.3	1	4491 336
14	3477	0.1	1	3207 270
15	5149	0.0	1	4740 409
16	2764	0.0	1	2555 209
17	3348	0.0	1	3123 225
18	6882	0.0	1	6507 375
19	9452	0.0	1	8856 596
20	7140	0.0	1	6682 458
21	8794	0.0	1	8313 481
22	3051	0.0	1	2864 187
23	2160	0.0	1	1997 163
24	4383	0.0	1	4103 280
25	3986	0.0	1	3717 269
26	3297	0.0	1	2981 316
27	4270	0.0	1	3755 515
28	6492	0.0	1	5658 834
29	14040	0.0	1	11004 3036
30	213195	0.0	1	131933 81262
31	16968701	0.0	1	16529370 439331
32	381154	0.0	1	335110 46044
33	3883	0.0	1	2954 929
34	1658	0.0	1	1076 582
35	1853	0.0	1	1340 513
36	1645	0.0	1	1150 495
37	1755	0.0	1	1293 462
38	2064	0.0	1	1577 487
39	2109	0.0	1	1345 764
40	1621	0.0	1	1096 525
41	1702	0.0	1	1318 384
42	2193	0.0	1	1442 751
43	1728	0.0	1	1281 447
44	124	0.0	1	98 26
45	27	0.0	1	18 9
46	26	0.0	1	20 6
47	24	0.0	1	9 15
48	19	0.0	1	13 6
49	35	0.0	1	23 12
50	85	0.0	1	64 21
51	89	0.0	1	63 26
52	99	0.0	1	75 24
53	48	0.0	1	29 19
54	79	0.0	1	50 29
55	23	0.0	1	13 10
56	16	0.0	1	8 8
57	32	0.0	1	19 13
58	34	0.0	1	17 17
59	47	0.0	1	32 15
60	69	0.0	1	40 29
61	72	0.0	1	46 26
62	127	0.0	1	71 56
63	64	0.0	1	40 24
64	210	0.0	1	127 83
65	51	0.0	1	27 24
66	57	0.0	1	39 18
67	35	0.0	1	23 12
68	33	0.0	1	19 14
69	40	0.0	1	22 18
70	55	0.0	1	24 31
71	115	0.0	1	64 51
72	147	0.0	1	84 63
73	197	0.0	1	99 98
74	264	0.0	1	147 117
75	265	0.0	1	142 123
76	281	0.0	1	163 118
77	339	0.0	1	215 124
78	567	0.0	1	335 232
79	282	0.0	1	143 139
80	549	0.0	1	314 235
81	389	0.0	1	213 176
82	404	0.0	1	218 186
83	625	0.0	1	332 293
84	472	0.0	1	271 201
85	832	0.0	1	456 376
86	924	0.0	1	536 388
87	835	0.0	1	507 328
88	391	0.0	1	219 172
89	395	0.0	1	225 170
90	424	0.0	1	240 184
91	184	0.0	1	101 83
92	171	0.0	1	91 80
93	162	0.0	1	83 79
94	121	0.0	1	60 61
95	101	0.0	1	58 43
96	148	0.0	1	72 76
97	189	0.0	1	106 83
98	265	0.0	1	144 121
99	656	0.0	1	362 294
100	230	0.0	1	116 114
101	256	0.0	1	127 129
102	415	0.0	1	223 192
103	352	0.0	1	208 144
104	297	0.0	1	175 122
105	282	0.0	1	145 137
106	345	0.0	1	183 162
107	372	0.0	1	212 160
108	543	0.0	1	303 240
109	601	0.0	1	316 285
110	473	0.0	1	263 210
111	325	0.0	1	165 160
112	309	0.0	1	162 147
113	372	0.0	1	196 176
114	476	0.0	1	268 208
115	473	0.0	1	228 245
116	921	0.0	1	540 381
117	1243	0.0	1	667 576
118	1050	0.0	1	559 491
119	1274	0.0	1	704 570
120	1386	0.0	1	796 590
121	1880	0.0	1	1075 805
122	1412	0.0	1	749 663
123	805	0.0	1	421 384
124	644	0.0	1	366 278
125	769	0.0	1	411 358
126	705	0.0	1	388 317
127	920	0.0	1	515 405
128	1219	0.0	1	643 576
129	1805	0.0	1	986 819
130	922	0.0	1	517 405
131	819	0.0	1	472 347
132	893	0.0	1	507 386
133	661	0.0	1	396 265
134	689	0.0	1	410 279
135	1502	0.0	1	956 546
136	1115	0.0	1	695 420
137	813	0.0	1	540 273
138	745	0.0	1	485 260
139	678	0.0	1	462 216
140	692	0.0	1	498 194
141	476	0.0	1	338 138
142	267	0.0	1	183 84
143	1672	0.0	1	1566 106
144	1121	0.0	1	1049 72
145	530	0.0	1	491 39
146	281	0.0	1	252 29
147	57	0.0	1	56 1
148	25	0.0	1	21 4
149	1	0.0	1	1
151	11	0.0	1	11
