This is cutadapt 5.2 with Python 3.12.13
Command line parameters: --cores 8 --adapter AACTGTAGGCACCATCAAT --action=none --output /dev/null data/fastq/SRR34661437.fastq.gz
Processing single-end reads on 8 cores ...

=== Summary ===

Total reads processed:              30,896,231
Reads with adapters:                28,780,131 (93.2%)
Reads written (passing filters):    30,896,231 (100.0%)

Total basepairs processed: 2,162,167,367 bp
Total written (filtered):  2,162,167,367 bp (100.0%)

=== Adapter 1 ===

Sequence: AACTGTAGGCACCATCAAT; Type: regular 3'; Length: 19; Trimmed: 28780131 times

Minimum overlap: 3
No. of allowed errors:
1-9 bp: 0; 10-19 bp: 1

Bases preceding removed adapters:
  A: 32.3%
  C: 17.2%
  G: 28.1%
  T: 22.3%
  none/other: 0.1%

Overview of removed sequences
length	count	expect	max.err	error counts
3	27521	482753.6	0	27521
4	14150	120688.4	0	14150
5	7447	30172.1	0	7447
6	19538	7543.0	0	19538
7	63	1885.8	0	63
8	3	471.4	0	3
9	8805	117.9	0	8772 33
10	12406	29.5	1	11974 432
11	45	7.4	1	1 44
12	9565	1.8	1	9266 299
13	17943	0.5	1	17474 469
14	105	0.1	1	51 54
15	8239	0.0	1	7973 266
16	27887	0.0	1	26817 1070
17	13939	0.0	1	13444 495
18	145	0.0	1	48 97
19	13515	0.0	1	12963 552
20	19504	0.0	1	18753 751
21	12907	0.0	1	12342 565
22	7364	0.0	1	6939 425
23	8600	0.0	1	8167 433
24	8512	0.0	1	7975 537
25	7750	0.0	1	7161 589
26	9986	0.0	1	9222 764
27	15028	0.0	1	13727 1301
28	24835	0.0	1	22902 1933
29	57063	0.0	1	50858 6205
30	422747	0.0	1	296530 126217
31	27278218	0.0	1	26534024 744194
32	203201	0.0	1	161865 41336
33	444999	0.0	1	436523 8476
34	12027	0.0	1	9478 2549
35	26750	0.0	1	23587 3163
36	325	0.0	1	294 31
37	332	0.0	1	282 50
38	384	0.0	1	307 77
39	302	0.0	1	254 48
40	86	0.0	1	73 13
41	54	0.0	1	28 26
42	21	0.0	1	19 2
43	20	0.0	1	16 4
44	83	0.0	1	56 27
45	27	0.0	1	21 6
46	75	0.0	1	47 28
47	47	0.0	1	17 30
48	46	0.0	1	31 15
49	105	0.0	1	69 36
50	73	0.0	1	48 25
51	47	0.0	1	33 14
52	39	0.0	1	27 12
53	117	0.0	1	83 34
54	47	0.0	1	34 13
55	32	0.0	1	22 10
56	53	0.0	1	28 25
57	37	0.0	1	26 11
58	63	0.0	1	38 25
59	162	0.0	1	99 63
60	25	0.0	1	17 8
61	26	0.0	1	19 7
62	34	0.0	1	27 7
63	115	0.0	1	66 49
64	18	0.0	1	8 10
65	79	0.0	1	41 38
66	75	0.0	1	40 35
67	152	0.0	1	82 70
68	43	0.0	1	23 20
69	86	0.0	1	49 37
70	125	0.0	1	67 58
71	163	0.0	1	90 73
72	193	0.0	1	106 87
73	347	0.0	1	180 167
74	63	0.0	1	36 27
75	378	0.0	1	213 165
76	318	0.0	1	185 133
77	496	0.0	1	279 217
78	972	0.0	1	509 463
79	529	0.0	1	305 224
80	592	0.0	1	348 244
81	117	0.0	1	71 46
82	394	0.0	1	231 163
83	361	0.0	1	203 158
84	403	0.0	1	232 171
85	293	0.0	1	178 115
86	328	0.0	1	187 141
87	364	0.0	1	198 166
88	331	0.0	1	166 165
89	326	0.0	1	176 150
90	252	0.0	1	119 133
91	267	0.0	1	138 129
92	224	0.0	1	117 107
93	338	0.0	1	182 156
94	209	0.0	1	106 103
95	299	0.0	1	157 142
96	316	0.0	1	165 151
97	518	0.0	1	248 270
98	427	0.0	1	205 222
99	350	0.0	1	169 181
100	491	0.0	1	264 227
101	278	0.0	1	148 130
102	195	0.0	1	103 92
103	213	0.0	1	109 104
104	268	0.0	1	138 130
105	377	0.0	1	204 173
106	483	0.0	1	264 219
107	1139	0.0	1	608 531
108	900	0.0	1	516 384
109	749	0.0	1	416 333
110	1031	0.0	1	580 451
111	344	0.0	1	178 166
112	353	0.0	1	184 169
113	371	0.0	1	190 181
114	423	0.0	1	242 181
115	523	0.0	1	268 255
116	579	0.0	1	328 251
117	518	0.0	1	297 221
118	770	0.0	1	438 332
119	1197	0.0	1	735 462
120	1944	0.0	1	1193 751
121	1227	0.0	1	746 481
122	699	0.0	1	403 296
123	612	0.0	1	325 287
124	582	0.0	1	339 243
125	569	0.0	1	312 257
126	555	0.0	1	330 225
127	602	0.0	1	352 250
128	803	0.0	1	500 303
129	542	0.0	1	332 210
130	531	0.0	1	328 203
131	408	0.0	1	245 163
132	419	0.0	1	277 142
133	344	0.0	1	230 114
134	366	0.0	1	254 112
135	434	0.0	1	298 136
136	395	0.0	1	274 121
137	386	0.0	1	277 109
138	528	0.0	1	384 144
139	736	0.0	1	539 197
140	502	0.0	1	368 134
141	357	0.0	1	263 94
142	231	0.0	1	167 64
143	158	0.0	1	110 48
144	113	0.0	1	88 25
145	74	0.0	1	51 23
146	60	0.0	1	46 14
147	62	0.0	1	45 17
148	327	0.0	1	239 88
149	13	0.0	1	8 5
150	20	0.0	1	15 5
