This is cutadapt 5.2 with Python 3.12.13
Command line parameters: --cores 8 --adapter AACTGTAGGCACCATCAAT --action=none --output /dev/null data/fastq/SRR34661422.fastq.gz
Processing single-end reads on 8 cores ...

=== Summary ===

Total reads processed:              14,093,716
Reads with adapters:                13,855,233 (98.3%)
Reads written (passing filters):    14,093,716 (100.0%)

Total basepairs processed: 2,128,151,116 bp
Total written (filtered):  2,128,151,116 bp (100.0%)

=== Adapter 1 ===

Sequence: AACTGTAGGCACCATCAAT; Type: regular 3'; Length: 19; Trimmed: 13855233 times

Minimum overlap: 3
No. of allowed errors:
1-9 bp: 0; 10-19 bp: 1

Bases preceding removed adapters:
  A: 20.0%
  C: 14.2%
  G: 41.1%
  T: 24.6%
  none/other: 0.0%

Overview of removed sequences
length	count	expect	max.err	error counts
3	467	220214.3	0	467
4	315	55053.6	0	315
5	286	13763.4	0	286
6	295	3440.8	0	295
7	221	860.2	0	221
8	229	215.1	0	229
9	352	53.8	0	352
10	376	13.4	1	369 7
11	314	3.4	1	309 5
12	338	0.8	1	321 17
13	510	0.2	1	501 9
14	421	0.1	1	403 18
15	512	0.0	1	509 3
16	479	0.0	1	463 16
17	638	0.0	1	625 13
18	1041	0.0	1	1012 29
19	1043	0.0	1	1018 25
20	566	0.0	1	551 15
21	1359	0.0	1	1318 41
22	921	0.0	1	881 40
23	574	0.0	1	557 17
24	898	0.0	1	870 28
25	662	0.0	1	629 33
26	469	0.0	1	448 21
27	481	0.0	1	473 8
28	496	0.0	1	475 21
29	598	0.0	1	580 18
30	620	0.0	1	601 19
31	843	0.0	1	816 27
32	617	0.0	1	600 17
33	502	0.0	1	480 22
34	1180	0.0	1	1150 30
35	949	0.0	1	922 27
36	1082	0.0	1	1052 30
37	1045	0.0	1	1019 26
38	891	0.0	1	857 34
39	850	0.0	1	826 24
40	838	0.0	1	818 20
41	979	0.0	1	949 30
42	906	0.0	1	883 23
43	1037	0.0	1	1006 31
44	1203	0.0	1	1170 33
45	1144	0.0	1	1103 41
46	1026	0.0	1	998 28
47	1164	0.0	1	1122 42
48	1104	0.0	1	1061 43
49	1182	0.0	1	1148 34
50	1475	0.0	1	1428 47
51	1612	0.0	1	1557 55
52	1624	0.0	1	1576 48
53	1638	0.0	1	1582 56
54	2310	0.0	1	2236 74
55	1592	0.0	1	1540 52
56	1707	0.0	1	1645 62
57	1672	0.0	1	1615 57
58	1802	0.0	1	1737 65
59	1852	0.0	1	1797 55
60	2310	0.0	1	2249 61
61	3076	0.0	1	2989 87
62	8291	0.0	1	8088 203
63	2982	0.0	1	2868 114
64	6146	0.0	1	5969 177
65	4343	0.0	1	4196 147
66	3666	0.0	1	3567 99
67	3739	0.0	1	3635 104
68	4336	0.0	1	4237 99
69	6458	0.0	1	6273 185
70	8471	0.0	1	8245 226
71	9899	0.0	1	9564 335
72	19007	0.0	1	18514 493
73	21362	0.0	1	20770 592
74	23146	0.0	1	22504 642
75	20523	0.0	1	19889 634
76	20270	0.0	1	19715 555
77	28182	0.0	1	27423 759
78	40057	0.0	1	38892 1165
79	23539	0.0	1	22668 871
80	35673	0.0	1	34680 993
81	27179	0.0	1	26286 893
82	27273	0.0	1	26420 853
83	45928	0.0	1	44740 1188
84	46317	0.0	1	45088 1229
85	63431	0.0	1	61726 1705
86	64330	0.0	1	62368 1962
87	53981	0.0	1	51373 2608
88	34491	0.0	1	32867 1624
89	36402	0.0	1	35220 1182
90	47425	0.0	1	46004 1421
91	24473	0.0	1	23309 1164
92	26815	0.0	1	25850 965
93	31962	0.0	1	30936 1026
94	37742	0.0	1	36655 1087
95	32502	0.0	1	31449 1053
96	49132	0.0	1	47815 1317
97	38671	0.0	1	37323 1348
98	50481	0.0	1	49022 1459
99	99608	0.0	1	97320 2288
100	57529	0.0	1	55458 2071
101	68985	0.0	1	66942 2043
102	86619	0.0	1	84433 2186
103	64518	0.0	1	62654 1864
104	49551	0.0	1	47210 2341
105	57676	0.0	1	55912 1764
106	79016	0.0	1	76792 2224
107	112337	0.0	1	109062 3275
108	186610	0.0	1	181179 5431
109	192806	0.0	1	186903 5903
110	209468	0.0	1	202030 7438
111	208320	0.0	1	201858 6462
112	87880	0.0	1	83509 4371
113	104057	0.0	1	99873 4184
114	208839	0.0	1	203482 5357
115	194071	0.0	1	187844 6227
116	179897	0.0	1	173160 6737
117	218404	0.0	1	211786 6618
118	214097	0.0	1	205845 8252
119	279503	0.0	1	271233 8270
120	534976	0.0	1	520730 14246
121	954653	0.0	1	929719 24934
122	718782	0.0	1	695555 23227
123	382386	0.0	1	365325 17061
124	336875	0.0	1	323892 12983
125	345716	0.0	1	334026 11690
126	346071	0.0	1	334808 11263
127	405042	0.0	1	392445 12597
128	465231	0.0	1	450461 14770
129	705448	0.0	1	686462 18986
130	368051	0.0	1	354668 13383
131	370488	0.0	1	357660 12828
132	422191	0.0	1	409852 12339
133	302239	0.0	1	291291 10948
134	295561	0.0	1	285794 9767
135	287671	0.0	1	278064 9607
136	308571	0.0	1	297696 10875
137	277528	0.0	1	267051 10477
138	270366	0.0	1	261536 8830
139	342461	0.0	1	331944 10517
140	438483	0.0	1	426558 11925
141	394777	0.0	1	380840 13937
142	190953	0.0	1	182336 8617
143	86038	0.0	1	81452 4586
144	82703	0.0	1	79899 2804
145	71450	0.0	1	69231 2219
146	52470	0.0	1	50492 1978
147	37932	0.0	1	36339 1593
148	7918	0.0	1	6726 1192
149	1976	0.0	1	739 1237
150	281	0.0	1	194 87
151	4836	0.0	1	4496 340
