This is cutadapt 5.2 with Python 3.12.13
Command line parameters: --cores 8 --adapter AACTGTAGGCACCATCAAT --action=none --output /dev/null data/fastq/SRR34661441.fastq.gz
Processing single-end reads on 8 cores ...

=== Summary ===

Total reads processed:              12,546,391
Reads with adapters:                11,135,428 (88.8%)
Reads written (passing filters):    12,546,391 (100.0%)

Total basepairs processed: 1,014,232,646 bp
Total written (filtered):  1,014,232,646 bp (100.0%)

=== Adapter 1 ===

Sequence: AACTGTAGGCACCATCAAT; Type: regular 3'; Length: 19; Trimmed: 11135428 times

Minimum overlap: 3
No. of allowed errors:
1-9 bp: 0; 10-19 bp: 1

Bases preceding removed adapters:
  A: 34.6%
  C: 16.3%
  G: 26.6%
  T: 22.5%
  none/other: 0.1%

Overview of removed sequences
length	count	expect	max.err	error counts
3	14533	196037.4	0	14533
4	12011	49009.3	0	12011
5	6043	12252.3	0	6043
6	18084	3063.1	0	18084
7	24	765.8	0	24
8	3	191.4	0	3
9	6474	47.9	0	6451 23
10	10925	12.0	1	10505 420
11	32	3.0	1	4 28
12	8875	0.7	1	8571 304
13	16174	0.2	1	15616 558
14	136	0.0	1	79 57
15	6977	0.0	1	6712 265
16	23168	0.0	1	22257 911
17	12384	0.0	1	11913 471
18	129	0.0	1	42 87
19	13292	0.0	1	12759 533
20	19256	0.0	1	18512 744
21	11711	0.0	1	11117 594
22	7422	0.0	1	6987 435
23	7446	0.0	1	7064 382
24	6876	0.0	1	6453 423
25	6143	0.0	1	5753 390
26	7641	0.0	1	7110 531
27	10422	0.0	1	9688 734
28	16262	0.0	1	15186 1076
29	35858	0.0	1	32959 2899
30	187375	0.0	1	139252 48123
31	10485765	0.0	1	10093670 392095
32	59337	0.0	1	45099 14238
33	94668	0.0	1	92194 2474
34	3351	0.0	1	2636 715
35	8932	0.0	1	8094 838
36	170	0.0	1	151 19
37	176	0.0	1	144 32
38	238	0.0	1	187 51
39	170	0.0	1	136 34
40	30	0.0	1	24 6
41	33	0.0	1	21 12
42	16	0.0	1	13 3
43	14	0.0	1	7 7
44	75	0.0	1	43 32
45	23	0.0	1	15 8
46	69	0.0	1	48 21
47	63	0.0	1	24 39
48	54	0.0	1	35 19
49	67	0.0	1	42 25
50	48	0.0	1	36 12
51	23	0.0	1	16 7
52	23	0.0	1	15 8
53	69	0.0	1	49 20
54	42	0.0	1	26 16
55	14	0.0	1	10 4
56	42	0.0	1	29 13
57	27	0.0	1	10 17
58	51	0.0	1	31 20
59	133	0.0	1	74 59
60	22	0.0	1	18 4
61	22	0.0	1	15 7
62	33	0.0	1	18 15
63	123	0.0	1	60 63
64	21	0.0	1	16 5
65	86	0.0	1	41 45
66	15	0.0	1	6 9
67	92	0.0	1	58 34
68	28	0.0	1	16 12
69	137	0.0	1	71 66
70	105	0.0	1	57 48
71	639	0.0	1	337 302
72	26	0.0	1	17 9
73	50	0.0	1	19 31
74	55	0.0	1	34 21
75	87	0.0	1	38 49
76	128	0.0	1	69 59
77	307	0.0	1	154 153
78	578	0.0	1	286 292
79	338	0.0	1	198 140
80	398	0.0	1	213 185
81	118	0.0	1	62 56
82	272	0.0	1	152 120
83	289	0.0	1	161 128
84	273	0.0	1	172 101
85	238	0.0	1	131 107
86	231	0.0	1	111 120
87	279	0.0	1	150 129
88	190	0.0	1	108 82
89	178	0.0	1	97 81
90	167	0.0	1	74 93
91	176	0.0	1	93 83
92	162	0.0	1	83 79
93	166	0.0	1	90 76
94	131	0.0	1	67 64
95	179	0.0	1	85 94
96	151	0.0	1	88 63
97	296	0.0	1	146 150
98	214	0.0	1	107 107
99	196	0.0	1	100 96
100	248	0.0	1	123 125
101	143	0.0	1	75 68
102	109	0.0	1	50 59
103	122	0.0	1	69 53
104	140	0.0	1	64 76
105	180	0.0	1	93 87
106	219	0.0	1	118 101
107	484	0.0	1	273 211
108	416	0.0	1	226 190
109	391	0.0	1	220 171
110	445	0.0	1	257 188
111	154	0.0	1	69 85
112	153	0.0	1	93 60
113	166	0.0	1	82 84
114	220	0.0	1	120 100
115	241	0.0	1	148 93
116	179	0.0	1	111 68
117	189	0.0	1	93 96
118	239	0.0	1	134 105
119	387	0.0	1	224 163
120	564	0.0	1	330 234
121	392	0.0	1	219 173
122	192	0.0	1	105 87
123	179	0.0	1	108 71
124	175	0.0	1	100 75
125	158	0.0	1	100 58
126	165	0.0	1	103 62
127	175	0.0	1	108 67
128	215	0.0	1	143 72
129	127	0.0	1	77 50
130	141	0.0	1	83 58
131	117	0.0	1	68 49
132	119	0.0	1	76 43
133	104	0.0	1	62 42
134	95	0.0	1	60 35
135	147	0.0	1	99 48
136	98	0.0	1	62 36
137	86	0.0	1	54 32
138	116	0.0	1	74 42
139	176	0.0	1	121 55
140	116	0.0	1	76 40
141	84	0.0	1	56 28
142	57	0.0	1	37 20
143	43	0.0	1	27 16
144	28	0.0	1	17 11
145	14	0.0	1	10 4
146	10	0.0	1	7 3
147	18	0.0	1	11 7
148	89	0.0	1	54 35
149	3	0.0	1	2 1
150	5	0.0	1	3 2
