This is cutadapt 5.2 with Python 3.12.13
Command line parameters: --cores 8 --adapter AACTGTAGGCACCATCAAT --action=none --output /dev/null data/fastq/SRR34661418.fastq.gz
Processing single-end reads on 8 cores ...

=== Summary ===

Total reads processed:              11,529,170
Reads with adapters:                11,018,560 (95.6%)
Reads written (passing filters):    11,529,170 (100.0%)

Total basepairs processed: 1,740,904,670 bp
Total written (filtered):  1,740,904,670 bp (100.0%)

=== Adapter 1 ===

Sequence: AACTGTAGGCACCATCAAT; Type: regular 3'; Length: 19; Trimmed: 11018560 times

Minimum overlap: 3
No. of allowed errors:
1-9 bp: 0; 10-19 bp: 1

Bases preceding removed adapters:
  A: 19.6%
  C: 16.3%
  G: 41.4%
  T: 22.7%
  none/other: 0.1%

Overview of removed sequences
length	count	expect	max.err	error counts
3	634	180143.3	0	634
4	441	45035.8	0	441
5	350	11259.0	0	350
6	451	2814.7	0	451
7	316	703.7	0	316
8	405	175.9	0	405
9	766	44.0	0	766
10	792	11.0	1	775 17
11	551	2.7	1	536 15
12	526	0.7	1	504 22
13	880	0.2	1	843 37
14	576	0.0	1	545 31
15	798	0.0	1	773 25
16	636	0.0	1	605 31
17	989	0.0	1	961 28
18	1752	0.0	1	1703 49
19	1945	0.0	1	1881 64
20	758	0.0	1	726 32
21	1742	0.0	1	1646 96
22	867	0.0	1	817 50
23	548	0.0	1	520 28
24	1078	0.0	1	1034 44
25	981	0.0	1	937 44
26	597	0.0	1	544 53
27	531	0.0	1	511 20
28	476	0.0	1	452 24
29	570	0.0	1	550 20
30	573	0.0	1	557 16
31	664	0.0	1	640 24
32	490	0.0	1	464 26
33	434	0.0	1	426 8
34	969	0.0	1	929 40
35	889	0.0	1	850 39
36	860	0.0	1	826 34
37	941	0.0	1	905 36
38	967	0.0	1	927 40
39	740	0.0	1	699 41
40	786	0.0	1	756 30
41	872	0.0	1	837 35
42	743	0.0	1	721 22
43	948	0.0	1	919 29
44	1023	0.0	1	984 39
45	888	0.0	1	859 29
46	841	0.0	1	809 32
47	981	0.0	1	937 44
48	885	0.0	1	839 46
49	993	0.0	1	958 35
50	1456	0.0	1	1398 58
51	1636	0.0	1	1572 64
52	1565	0.0	1	1508 57
53	1675	0.0	1	1598 77
54	2491	0.0	1	2343 148
55	1418	0.0	1	1353 65
56	1481	0.0	1	1404 77
57	1566	0.0	1	1493 73
58	2216	0.0	1	2128 88
59	2344	0.0	1	2266 78
60	2729	0.0	1	2636 93
61	4245	0.0	1	4109 136
62	12638	0.0	1	12242 396
63	3165	0.0	1	2974 191
64	11258	0.0	1	10861 397
65	6551	0.0	1	6361 190
66	3835	0.0	1	3695 140
67	3285	0.0	1	3115 170
68	3859	0.0	1	3726 133
69	6998	0.0	1	6778 220
70	9273	0.0	1	8888 385
71	9598	0.0	1	9262 336
72	30231	0.0	1	29298 933
73	36619	0.0	1	35377 1242
74	41311	0.0	1	39937 1374
75	29005	0.0	1	27890 1115
76	31432	0.0	1	30473 959
77	31885	0.0	1	30836 1049
78	54861	0.0	1	53014 1847
79	30132	0.0	1	28747 1385
80	45423	0.0	1	43917 1506
81	39260	0.0	1	37803 1457
82	35667	0.0	1	34150 1517
83	59188	0.0	1	57164 2024
84	57773	0.0	1	55726 2047
85	75623	0.0	1	73339 2284
86	100404	0.0	1	95882 4522
87	49811	0.0	1	47413 2398
88	33351	0.0	1	31192 2159
89	38413	0.0	1	36789 1624
90	40621	0.0	1	38912 1709
91	20279	0.0	1	18777 1502
92	21698	0.0	1	20547 1151
93	30608	0.0	1	29330 1278
94	34718	0.0	1	33339 1379
95	23763	0.0	1	22655 1108
96	34323	0.0	1	33084 1239
97	30217	0.0	1	28892 1325
98	35054	0.0	1	33762 1292
99	68199	0.0	1	66144 2055
100	40884	0.0	1	39059 1825
101	46353	0.0	1	44588 1765
102	56186	0.0	1	54024 2162
103	46734	0.0	1	44912 1822
104	38971	0.0	1	36927 2044
105	47276	0.0	1	45420 1856
106	74552	0.0	1	71918 2634
107	96321	0.0	1	92667 3654
108	129345	0.0	1	124464 4881
109	134087	0.0	1	128853 5234
110	147023	0.0	1	140981 6042
111	151555	0.0	1	146038 5517
112	67494	0.0	1	63559 3935
113	77656	0.0	1	73688 3968
114	145567	0.0	1	140765 4802
115	148026	0.0	1	142201 5825
116	150374	0.0	1	143647 6727
117	209245	0.0	1	200891 8354
118	217555	0.0	1	207566 9989
119	264805	0.0	1	254824 9981
120	475791	0.0	1	459651 16140
121	922429	0.0	1	894209 28220
122	646576	0.0	1	622708 23868
123	315179	0.0	1	298533 16646
124	233574	0.0	1	222631 10943
125	234575	0.0	1	224308 10267
126	255573	0.0	1	245582 9991
127	281832	0.0	1	271171 10661
128	341472	0.0	1	328386 13086
129	392137	0.0	1	378468 13669
130	224889	0.0	1	215405 9484
131	215494	0.0	1	206376 9118
132	265680	0.0	1	256433 9247
133	211266	0.0	1	202351 8915
134	211927	0.0	1	203827 8100
135	186870	0.0	1	179357 7513
136	195172	0.0	1	186427 8745
137	192961	0.0	1	184722 8239
138	204076	0.0	1	196102 7974
139	253882	0.0	1	244610 9272
140	357008	0.0	1	345442 11566
141	291158	0.0	1	279542 11616
142	148671	0.0	1	141474 7197
143	91832	0.0	1	87177 4655
144	86625	0.0	1	83340 3285
145	77833	0.0	1	74822 3011
146	54728	0.0	1	52386 2342
147	43442	0.0	1	40647 2795
148	9582	0.0	1	7569 2013
149	3500	0.0	1	1000 2500
150	456	0.0	1	311 145
151	9767	0.0	1	9154 613
