This is cutadapt 5.2 with Python 3.12.13
Command line parameters: --cores 8 --adapter AACTGTAGGCACCATCAAT --action=none --output /dev/null data/fastq/SRR34661423.fastq.gz
Processing single-end reads on 8 cores ...

=== Summary ===

Total reads processed:              10,327,614
Reads with adapters:                 9,974,444 (96.6%)
Reads written (passing filters):    10,327,614 (100.0%)

Total basepairs processed: 1,559,469,714 bp
Total written (filtered):  1,559,469,714 bp (100.0%)

=== Adapter 1 ===

Sequence: AACTGTAGGCACCATCAAT; Type: regular 3'; Length: 19; Trimmed: 9974444 times

Minimum overlap: 3
No. of allowed errors:
1-9 bp: 0; 10-19 bp: 1

Bases preceding removed adapters:
  A: 22.4%
  C: 14.5%
  G: 39.4%
  T: 23.5%
  none/other: 0.3%

Overview of removed sequences
length	count	expect	max.err	error counts
3	657	161369.0	0	657
4	472	40342.2	0	472
5	275	10085.6	0	275
6	383	2521.4	0	383
7	247	630.3	0	247
8	228	157.6	0	228
9	483	39.4	0	483
10	629	9.8	1	620 9
11	446	2.5	1	434 12
12	423	0.6	1	408 15
13	634	0.2	1	611 23
14	731	0.0	1	714 17
15	762	0.0	1	739 23
16	533	0.0	1	520 13
17	918	0.0	1	890 28
18	1244	0.0	1	1212 32
19	1630	0.0	1	1598 32
20	653	0.0	1	625 28
21	1746	0.0	1	1684 62
22	813	0.0	1	774 39
23	632	0.0	1	608 24
24	1033	0.0	1	1008 25
25	999	0.0	1	968 31
26	544	0.0	1	499 45
27	388	0.0	1	368 20
28	352	0.0	1	342 10
29	402	0.0	1	390 12
30	401	0.0	1	387 14
31	548	0.0	1	526 22
32	391	0.0	1	378 13
33	371	0.0	1	356 15
34	900	0.0	1	873 27
35	829	0.0	1	809 20
36	804	0.0	1	776 28
37	764	0.0	1	748 16
38	841	0.0	1	794 47
39	647	0.0	1	631 16
40	589	0.0	1	563 26
41	769	0.0	1	732 37
42	700	0.0	1	679 21
43	756	0.0	1	733 23
44	912	0.0	1	877 35
45	765	0.0	1	740 25
46	754	0.0	1	728 26
47	870	0.0	1	842 28
48	773	0.0	1	750 23
49	923	0.0	1	896 27
50	1765	0.0	1	1712 53
51	1707	0.0	1	1657 50
52	1556	0.0	1	1516 40
53	1515	0.0	1	1463 52
54	1870	0.0	1	1829 41
55	1147	0.0	1	1105 42
56	1191	0.0	1	1152 39
57	1195	0.0	1	1161 34
58	1499	0.0	1	1435 64
59	1568	0.0	1	1525 43
60	2136	0.0	1	2072 64
61	3707	0.0	1	3596 111
62	12028	0.0	1	11719 309
63	3614	0.0	1	3460 154
64	11177	0.0	1	10888 289
65	5795	0.0	1	5658 137
66	3937	0.0	1	3813 124
67	3436	0.0	1	3302 134
68	4383	0.0	1	4236 147
69	6636	0.0	1	6438 198
70	8600	0.0	1	8313 287
71	9971	0.0	1	9670 301
72	34151	0.0	1	33330 821
73	41688	0.0	1	40570 1118
74	34416	0.0	1	33410 1006
75	28517	0.0	1	27599 918
76	40611	0.0	1	39678 933
77	47187	0.0	1	45880 1307
78	77207	0.0	1	75035 2172
79	37919	0.0	1	36521 1398
80	57354	0.0	1	55858 1496
81	35853	0.0	1	34644 1209
82	41209	0.0	1	39982 1227
83	92637	0.0	1	90226 2411
84	64994	0.0	1	63153 1841
85	108101	0.0	1	105329 2772
86	107378	0.0	1	104288 3090
87	65399	0.0	1	62475 2924
88	33439	0.0	1	31721 1718
89	46949	0.0	1	45453 1496
90	66859	0.0	1	64919 1940
91	23405	0.0	1	22020 1385
92	19955	0.0	1	19148 807
93	24723	0.0	1	23855 868
94	29621	0.0	1	28608 1013
95	19637	0.0	1	18941 696
96	26654	0.0	1	25807 847
97	25797	0.0	1	24990 807
98	31068	0.0	1	30237 831
99	47107	0.0	1	45887 1220
100	34835	0.0	1	33625 1210
101	42816	0.0	1	41548 1268
102	58702	0.0	1	56993 1709
103	45426	0.0	1	44009 1417
104	35956	0.0	1	34464 1492
105	40721	0.0	1	39474 1247
106	57774	0.0	1	56167 1607
107	72871	0.0	1	70655 2216
108	135279	0.0	1	131438 3841
109	132471	0.0	1	128555 3916
110	160512	0.0	1	155389 5123
111	135990	0.0	1	131608 4382
112	60127	0.0	1	56831 3296
113	75234	0.0	1	72257 2977
114	172521	0.0	1	167926 4595
115	155178	0.0	1	149991 5187
116	135419	0.0	1	130470 4949
117	151955	0.0	1	147270 4685
118	147034	0.0	1	141342 5692
119	191215	0.0	1	185442 5773
120	327202	0.0	1	318120 9082
121	565461	0.0	1	550460 15001
122	437400	0.0	1	423348 14052
123	222589	0.0	1	213247 9342
124	203526	0.0	1	195303 8223
125	189829	0.0	1	182733 7096
126	195147	0.0	1	188486 6661
127	235555	0.0	1	228340 7215
128	293920	0.0	1	285167 8753
129	474637	0.0	1	461677 12960
130	249930	0.0	1	240652 9278
131	259093	0.0	1	249942 9151
132	373151	0.0	1	362383 10768
133	235940	0.0	1	226952 8988
134	220276	0.0	1	212935 7341
135	218479	0.0	1	210945 7534
136	219321	0.0	1	211216 8105
137	201805	0.0	1	193764 8041
138	181256	0.0	1	174890 6366
139	221152	0.0	1	213983 7169
140	236864	0.0	1	229616 7248
141	214615	0.0	1	206845 7770
142	125887	0.0	1	120830 5057
143	72123	0.0	1	68944 3179
144	78248	0.0	1	75851 2397
145	74796	0.0	1	72455 2341
146	62349	0.0	1	60387 1962
147	57507	0.0	1	55423 2084
148	17914	0.0	1	16140 1774
149	5412	0.0	1	3243 2169
150	2238	0.0	1	1933 305
151	25954	0.0	1	23832 2122
