This is cutadapt 5.2 with Python 3.12.13
Command line parameters: --cores 8 --adapter AACTGTAGGCACCATCAAT --action=none --output /dev/null data/fastq/SRR34661431.fastq.gz
Processing single-end reads on 8 cores ...

=== Summary ===

Total reads processed:              16,728,310
Reads with adapters:                16,345,360 (97.7%)
Reads written (passing filters):    16,728,310 (100.0%)

Total basepairs processed: 1,118,686,663 bp
Total written (filtered):  1,118,686,663 bp (100.0%)

=== Adapter 1 ===

Sequence: AACTGTAGGCACCATCAAT; Type: regular 3'; Length: 19; Trimmed: 16345360 times

Minimum overlap: 3
No. of allowed errors:
1-9 bp: 0; 10-19 bp: 1

Bases preceding removed adapters:
  A: 20.3%
  C: 22.7%
  G: 28.8%
  T: 28.2%
  none/other: 0.0%

Overview of removed sequences
length	count	expect	max.err	error counts
3	4736	261379.8	0	4736
4	2330	65345.0	0	2330
5	3006	16336.2	0	3006
6	3234	4084.1	0	3234
7	2518	1021.0	0	2518
8	2084	255.3	0	2084
9	3061	63.8	0	3056 5
10	4102	16.0	1	3004 1098
11	4153	4.0	1	3700 453
12	4666	1.0	1	4271 395
13	6217	0.2	1	5785 432
14	4621	0.1	1	4206 415
15	7826	0.0	1	7149 677
16	3986	0.0	1	3640 346
17	6335	0.0	1	5897 438
18	10446	0.0	1	9738 708
19	13060	0.0	1	12001 1059
20	8842	0.0	1	8247 595
21	15703	0.0	1	14771 932
22	8353	0.0	1	7875 478
23	3731	0.0	1	3490 241
24	5745	0.0	1	5388 357
25	4956	0.0	1	4621 335
26	4185	0.0	1	3771 414
27	5431	0.0	1	4932 499
28	7546	0.0	1	6676 870
29	14120	0.0	1	11129 2991
30	196234	0.0	1	117839 78395
31	15526324	0.0	1	15122933 403391
32	378613	0.0	1	327514 51099
33	4346	0.0	1	3195 1151
34	2122	0.0	1	1370 752
35	2159	0.0	1	1505 654
36	2011	0.0	1	1329 682
37	2275	0.0	1	1609 666
38	2783	0.0	1	2065 718
39	2712	0.0	1	1698 1014
40	1864	0.0	1	1251 613
41	2656	0.0	1	1829 827
42	2950	0.0	1	1900 1050
43	2185	0.0	1	1481 704
44	148	0.0	1	119 29
45	57	0.0	1	38 19
46	34	0.0	1	24 10
47	56	0.0	1	40 16
48	52	0.0	1	44 8
49	49	0.0	1	39 10
50	114	0.0	1	81 33
51	132	0.0	1	93 39
52	102	0.0	1	71 31
53	79	0.0	1	54 25
54	136	0.0	1	93 43
55	57	0.0	1	38 19
56	56	0.0	1	32 24
57	44	0.0	1	29 15
58	39	0.0	1	22 17
59	49	0.0	1	30 19
60	59	0.0	1	37 22
61	91	0.0	1	51 40
62	186	0.0	1	100 86
63	71	0.0	1	36 35
64	126	0.0	1	77 49
65	62	0.0	1	30 32
66	82	0.0	1	39 43
67	59	0.0	1	31 28
68	60	0.0	1	33 27
69	81	0.0	1	45 36
70	87	0.0	1	42 45
71	112	0.0	1	62 50
72	163	0.0	1	86 77
73	206	0.0	1	112 94
74	226	0.0	1	129 97
75	225	0.0	1	132 93
76	233	0.0	1	137 96
77	305	0.0	1	166 139
78	570	0.0	1	321 249
79	352	0.0	1	195 157
80	769	0.0	1	423 346
81	460	0.0	1	261 199
82	619	0.0	1	350 269
83	912	0.0	1	520 392
84	521	0.0	1	290 231
85	1092	0.0	1	582 510
86	1016	0.0	1	577 439
87	1189	0.0	1	687 502
88	411	0.0	1	220 191
89	469	0.0	1	260 209
90	524	0.0	1	273 251
91	227	0.0	1	127 100
92	337	0.0	1	189 148
93	193	0.0	1	110 83
94	202	0.0	1	115 87
95	146	0.0	1	83 63
96	169	0.0	1	99 70
97	213	0.0	1	113 100
98	352	0.0	1	186 166
99	713	0.0	1	399 314
100	249	0.0	1	133 116
101	279	0.0	1	139 140
102	342	0.0	1	173 169
103	316	0.0	1	153 163
104	337	0.0	1	167 170
105	328	0.0	1	189 139
106	358	0.0	1	180 178
107	450	0.0	1	238 212
108	504	0.0	1	257 247
109	593	0.0	1	333 260
110	460	0.0	1	246 214
111	421	0.0	1	220 201
112	372	0.0	1	204 168
113	392	0.0	1	200 192
114	468	0.0	1	259 209
115	531	0.0	1	264 267
116	836	0.0	1	500 336
117	1215	0.0	1	635 580
118	1142	0.0	1	600 542
119	1350	0.0	1	732 618
120	1237	0.0	1	684 553
121	1597	0.0	1	861 736
122	1289	0.0	1	720 569
123	908	0.0	1	489 419
124	776	0.0	1	422 354
125	714	0.0	1	371 343
126	699	0.0	1	398 301
127	922	0.0	1	527 395
128	1321	0.0	1	741 580
129	2169	0.0	1	1119 1050
130	1066	0.0	1	572 494
131	1086	0.0	1	629 457
132	1120	0.0	1	667 453
133	746	0.0	1	419 327
134	705	0.0	1	452 253
135	1251	0.0	1	791 460
136	1125	0.0	1	709 416
137	908	0.0	1	580 328
138	909	0.0	1	582 327
139	734	0.0	1	492 242
140	703	0.0	1	475 228
141	428	0.0	1	297 131
142	297	0.0	1	209 88
143	1228	0.0	1	1149 79
144	636	0.0	1	581 55
145	240	0.0	1	215 25
146	176	0.0	1	160 16
147	73	0.0	1	68 5
148	24	0.0	1	19 5
149	1	0.0	1	1
150	2	0.0	1	1 1
151	6	0.0	1	4 2
