This is cutadapt 5.2 with Python 3.12.13
Command line parameters: --cores 8 --adapter AACTGTAGGCACCATCAAT --action=none --output /dev/null data/fastq/SRR34661428.fastq.gz
Processing single-end reads on 8 cores ...

=== Summary ===

Total reads processed:              21,264,995
Reads with adapters:                20,760,741 (97.6%)
Reads written (passing filters):    21,264,995 (100.0%)

Total basepairs processed: 1,405,151,846 bp
Total written (filtered):  1,405,151,846 bp (100.0%)

=== Adapter 1 ===

Sequence: AACTGTAGGCACCATCAAT; Type: regular 3'; Length: 19; Trimmed: 20760741 times

Minimum overlap: 3
No. of allowed errors:
1-9 bp: 0; 10-19 bp: 1

Bases preceding removed adapters:
  A: 21.1%
  C: 21.6%
  G: 29.9%
  T: 27.4%
  none/other: 0.0%

Overview of removed sequences
length	count	expect	max.err	error counts
3	7747	332265.5	0	7747
4	3712	83066.4	0	3712
5	4282	20766.6	0	4282
6	3292	5191.6	0	3292
7	2797	1297.9	0	2797
8	3220	324.5	0	3220
9	3045	81.1	0	3035 10
10	4051	20.3	1	3022 1029
11	3660	5.1	1	3295 365
12	3786	1.3	1	3497 289
13	4397	0.3	1	4085 312
14	3807	0.1	1	3507 300
15	4835	0.0	1	4458 377
16	5376	0.0	1	4953 423
17	6052	0.0	1	5620 432
18	11033	0.0	1	10355 678
19	9460	0.0	1	8782 678
20	5797	0.0	1	5432 365
21	11600	0.0	1	10967 633
22	10303	0.0	1	9729 574
23	4444	0.0	1	4175 269
24	6840	0.0	1	6420 420
25	5531	0.0	1	5155 376
26	5671	0.0	1	5213 458
27	7490	0.0	1	6783 707
28	11475	0.0	1	10360 1115
29	20804	0.0	1	16898 3906
30	255700	0.0	1	158134 97566
31	19816624	0.0	1	19288793 527831
32	431193	0.0	1	375128 56065
33	4830	0.0	1	3654 1176
34	2645	0.0	1	1861 784
35	2736	0.0	1	2027 709
36	2250	0.0	1	1567 683
37	2634	0.0	1	1946 688
38	2791	0.0	1	2063 728
39	2580	0.0	1	1661 919
40	1989	0.0	1	1324 665
41	2611	0.0	1	1820 791
42	2848	0.0	1	1915 933
43	2514	0.0	1	1739 775
44	176	0.0	1	133 43
45	52	0.0	1	30 22
46	63	0.0	1	40 23
47	77	0.0	1	46 31
48	62	0.0	1	43 19
49	78	0.0	1	46 32
50	136	0.0	1	93 43
51	120	0.0	1	84 36
52	115	0.0	1	76 39
53	88	0.0	1	63 25
54	110	0.0	1	74 36
55	88	0.0	1	62 26
56	87	0.0	1	58 29
57	70	0.0	1	41 29
58	55	0.0	1	37 18
59	80	0.0	1	55 25
60	78	0.0	1	48 30
61	86	0.0	1	47 39
62	113	0.0	1	69 44
63	81	0.0	1	48 33
64	94	0.0	1	58 36
65	58	0.0	1	33 25
66	97	0.0	1	55 42
67	68	0.0	1	40 28
68	95	0.0	1	55 40
69	99	0.0	1	59 40
70	125	0.0	1	78 47
71	129	0.0	1	80 49
72	157	0.0	1	89 68
73	140	0.0	1	76 64
74	215	0.0	1	113 102
75	199	0.0	1	110 89
76	155	0.0	1	92 63
77	232	0.0	1	122 110
78	432	0.0	1	248 184
79	259	0.0	1	146 113
80	623	0.0	1	360 263
81	378	0.0	1	199 179
82	486	0.0	1	282 204
83	430	0.0	1	225 205
84	548	0.0	1	322 226
85	649	0.0	1	366 283
86	578	0.0	1	317 261
87	527	0.0	1	290 237
88	367	0.0	1	198 169
89	335	0.0	1	188 147
90	515	0.0	1	269 246
91	187	0.0	1	105 82
92	167	0.0	1	82 85
93	195	0.0	1	108 87
94	179	0.0	1	91 88
95	169	0.0	1	84 85
96	272	0.0	1	135 137
97	307	0.0	1	139 168
98	472	0.0	1	239 233
99	517	0.0	1	278 239
100	358	0.0	1	189 169
101	315	0.0	1	166 149
102	385	0.0	1	184 201
103	287	0.0	1	147 140
104	324	0.0	1	170 154
105	393	0.0	1	204 189
106	525	0.0	1	301 224
107	516	0.0	1	274 242
108	566	0.0	1	313 253
109	795	0.0	1	413 382
110	608	0.0	1	350 258
111	562	0.0	1	307 255
112	379	0.0	1	206 173
113	398	0.0	1	221 177
114	572	0.0	1	305 267
115	519	0.0	1	268 251
116	905	0.0	1	548 357
117	1131	0.0	1	661 470
118	1117	0.0	1	614 503
119	1618	0.0	1	856 762
120	2025	0.0	1	1176 849
121	2845	0.0	1	1594 1251
122	1846	0.0	1	995 851
123	1086	0.0	1	597 489
124	830	0.0	1	447 383
125	919	0.0	1	483 436
126	853	0.0	1	460 393
127	998	0.0	1	504 494
128	949	0.0	1	512 437
129	1298	0.0	1	703 595
130	783	0.0	1	455 328
131	769	0.0	1	439 330
132	792	0.0	1	451 341
133	495	0.0	1	296 199
134	649	0.0	1	402 247
135	1421	0.0	1	893 528
136	1148	0.0	1	773 375
137	789	0.0	1	512 277
138	958	0.0	1	628 330
139	850	0.0	1	575 275
140	969	0.0	1	682 287
141	638	0.0	1	442 196
142	312	0.0	1	213 99
143	1864	0.0	1	1742 122
144	959	0.0	1	892 67
145	407	0.0	1	368 39
146	211	0.0	1	195 16
147	61	0.0	1	59 2
148	14	0.0	1	13 1
151	8	0.0	1	7 1
