This is cutadapt 5.2 with Python 3.12.13
Command line parameters: --cores 8 --adapter AACTGTAGGCACCATCAAT --action=none --output /dev/null data/fastq/SRR34661421.fastq.gz
Processing single-end reads on 8 cores ...

=== Summary ===

Total reads processed:              14,285,606
Reads with adapters:                14,051,816 (98.4%)
Reads written (passing filters):    14,285,606 (100.0%)

Total basepairs processed: 2,157,126,506 bp
Total written (filtered):  2,157,126,506 bp (100.0%)

=== Adapter 1 ===

Sequence: AACTGTAGGCACCATCAAT; Type: regular 3'; Length: 19; Trimmed: 14051816 times

Minimum overlap: 3
No. of allowed errors:
1-9 bp: 0; 10-19 bp: 1

Bases preceding removed adapters:
  A: 17.3%
  C: 14.7%
  G: 44.7%
  T: 23.2%
  none/other: 0.1%

Overview of removed sequences
length	count	expect	max.err	error counts
3	474	223212.6	0	474
4	330	55803.1	0	330
5	212	13950.8	0	212
6	276	3487.7	0	276
7	197	871.9	0	197
8	193	218.0	0	193
9	426	54.5	0	426
10	450	13.6	1	444 6
11	373	3.4	1	370 3
12	370	0.9	1	356 14
13	591	0.2	1	578 13
14	559	0.1	1	542 17
15	660	0.0	1	644 16
16	401	0.0	1	388 13
17	681	0.0	1	660 21
18	974	0.0	1	941 33
19	1260	0.0	1	1226 34
20	583	0.0	1	562 21
21	1547	0.0	1	1498 49
22	717	0.0	1	684 33
23	570	0.0	1	551 19
24	905	0.0	1	881 24
25	769	0.0	1	737 32
26	475	0.0	1	432 43
27	330	0.0	1	317 13
28	369	0.0	1	359 10
29	394	0.0	1	378 16
30	375	0.0	1	362 13
31	518	0.0	1	498 20
32	405	0.0	1	392 13
33	379	0.0	1	368 11
34	690	0.0	1	671 19
35	661	0.0	1	632 29
36	650	0.0	1	628 22
37	697	0.0	1	668 29
38	729	0.0	1	713 16
39	580	0.0	1	557 23
40	636	0.0	1	611 25
41	737	0.0	1	720 17
42	679	0.0	1	661 18
43	794	0.0	1	770 24
44	874	0.0	1	841 33
45	973	0.0	1	935 38
46	835	0.0	1	809 26
47	934	0.0	1	914 20
48	832	0.0	1	787 45
49	941	0.0	1	906 35
50	1609	0.0	1	1559 50
51	1658	0.0	1	1605 53
52	1603	0.0	1	1562 41
53	1797	0.0	1	1725 72
54	2288	0.0	1	2207 81
55	1294	0.0	1	1241 53
56	1299	0.0	1	1271 28
57	1308	0.0	1	1258 50
58	1608	0.0	1	1556 52
59	1690	0.0	1	1642 48
60	2921	0.0	1	2822 99
61	4518	0.0	1	4386 132
62	12597	0.0	1	12263 334
63	3591	0.0	1	3419 172
64	10485	0.0	1	10201 284
65	5890	0.0	1	5718 172
66	4071	0.0	1	3954 117
67	3528	0.0	1	3398 130
68	4727	0.0	1	4595 132
69	6376	0.0	1	6189 187
70	8949	0.0	1	8658 291
71	12227	0.0	1	11862 365
72	29418	0.0	1	28626 792
73	35603	0.0	1	34497 1106
74	37944	0.0	1	36777 1167
75	28317	0.0	1	27336 981
76	34376	0.0	1	33491 885
77	45033	0.0	1	43780 1253
78	64530	0.0	1	62648 1882
79	35502	0.0	1	34155 1347
80	57529	0.0	1	55830 1699
81	32699	0.0	1	31532 1167
82	38030	0.0	1	36842 1188
83	68938	0.0	1	67034 1904
84	57531	0.0	1	55824 1707
85	94640	0.0	1	92071 2569
86	89508	0.0	1	86702 2806
87	58015	0.0	1	55255 2760
88	35094	0.0	1	33346 1748
89	43980	0.0	1	42476 1504
90	57334	0.0	1	55476 1858
91	25907	0.0	1	24532 1375
92	21795	0.0	1	20914 881
93	26953	0.0	1	25978 975
94	32133	0.0	1	31145 988
95	24046	0.0	1	23166 880
96	33171	0.0	1	32176 995
97	28265	0.0	1	27259 1006
98	36633	0.0	1	35516 1117
99	64620	0.0	1	62875 1745
100	39798	0.0	1	38273 1525
101	50064	0.0	1	48541 1523
102	68610	0.0	1	66629 1981
103	53430	0.0	1	51720 1710
104	42566	0.0	1	40790 1776
105	51629	0.0	1	49986 1643
106	76254	0.0	1	74080 2174
107	103858	0.0	1	100326 3532
108	165281	0.0	1	159740 5541
109	171478	0.0	1	165988 5490
110	223984	0.0	1	216800 7184
111	199994	0.0	1	193484 6510
112	84247	0.0	1	79790 4457
113	99785	0.0	1	95600 4185
114	177072	0.0	1	172178 4894
115	225515	0.0	1	218669 6846
116	223228	0.0	1	215630 7598
117	283874	0.0	1	274699 9175
118	275457	0.0	1	262714 12743
119	369960	0.0	1	358192 11768
120	531747	0.0	1	515545 16202
121	959760	0.0	1	933643 26117
122	940791	0.0	1	912081 28710
123	434228	0.0	1	415711 18517
124	385564	0.0	1	371444 14120
125	344220	0.0	1	332103 12117
126	352146	0.0	1	340601 11545
127	404183	0.0	1	391730 12453
128	460838	0.0	1	446158 14680
129	669709	0.0	1	650778 18931
130	398836	0.0	1	384712 14124
131	360527	0.0	1	347683 12844
132	473053	0.0	1	458920 14133
133	335846	0.0	1	323924 11922
134	308185	0.0	1	297536 10649
135	308511	0.0	1	298438 10073
136	297315	0.0	1	286725 10590
137	244546	0.0	1	234960 9586
138	224250	0.0	1	216463 7787
139	261625	0.0	1	253366 8259
140	288262	0.0	1	279540 8722
141	253922	0.0	1	244885 9037
142	138621	0.0	1	132890 5731
143	73518	0.0	1	70115 3403
144	73949	0.0	1	71455 2494
145	68116	0.0	1	66003 2113
146	47492	0.0	1	45844 1648
147	39422	0.0	1	37835 1587
148	7901	0.0	1	6756 1145
149	2167	0.0	1	1124 1043
150	1433	0.0	1	1255 178
151	12466	0.0	1	11536 930
