This is cutadapt 5.2 with Python 3.12.13
Command line parameters: --cores 8 --adapter AACTGTAGGCACCATCAAT --action=none --output /dev/null data/fastq/SRR34661420.fastq.gz
Processing single-end reads on 8 cores ...

=== Summary ===

Total reads processed:              12,322,177
Reads with adapters:                12,064,065 (97.9%)
Reads written (passing filters):    12,322,177 (100.0%)

Total basepairs processed: 1,860,648,727 bp
Total written (filtered):  1,860,648,727 bp (100.0%)

=== Adapter 1 ===

Sequence: AACTGTAGGCACCATCAAT; Type: regular 3'; Length: 19; Trimmed: 12064065 times

Minimum overlap: 3
No. of allowed errors:
1-9 bp: 0; 10-19 bp: 1

Bases preceding removed adapters:
  A: 22.2%
  C: 13.1%
  G: 42.6%
  T: 22.1%
  none/other: 0.0%

Overview of removed sequences
length	count	expect	max.err	error counts
3	493	192534.0	0	493
4	355	48133.5	0	355
5	212	12033.4	0	212
6	297	3008.3	0	297
7	232	752.1	0	232
8	205	188.0	0	205
9	367	47.0	0	367
10	392	11.8	1	387 5
11	324	2.9	1	318 6
12	337	0.7	1	328 9
13	606	0.2	1	596 10
14	500	0.0	1	477 23
15	592	0.0	1	574 18
16	474	0.0	1	462 12
17	625	0.0	1	599 26
18	854	0.0	1	832 22
19	1212	0.0	1	1170 42
20	522	0.0	1	483 39
21	1370	0.0	1	1318 52
22	664	0.0	1	628 36
23	527	0.0	1	503 24
24	850	0.0	1	831 19
25	798	0.0	1	773 25
26	428	0.0	1	402 26
27	357	0.0	1	339 18
28	331	0.0	1	320 11
29	460	0.0	1	439 21
30	395	0.0	1	377 18
31	532	0.0	1	514 18
32	448	0.0	1	423 25
33	368	0.0	1	359 9
34	805	0.0	1	784 21
35	750	0.0	1	721 29
36	715	0.0	1	685 30
37	699	0.0	1	678 21
38	701	0.0	1	678 23
39	614	0.0	1	588 26
40	665	0.0	1	648 17
41	644	0.0	1	630 14
42	628	0.0	1	607 21
43	733	0.0	1	719 14
44	836	0.0	1	810 26
45	755	0.0	1	726 29
46	748	0.0	1	732 16
47	906	0.0	1	866 40
48	709	0.0	1	688 21
49	896	0.0	1	871 25
50	1454	0.0	1	1407 47
51	1448	0.0	1	1391 57
52	1345	0.0	1	1292 53
53	1533	0.0	1	1471 62
54	2173	0.0	1	2112 61
55	1175	0.0	1	1132 43
56	1179	0.0	1	1132 47
57	1252	0.0	1	1204 48
58	1437	0.0	1	1382 55
59	1482	0.0	1	1435 47
60	2000	0.0	1	1935 65
61	3675	0.0	1	3551 124
62	12650	0.0	1	12294 356
63	3130	0.0	1	2964 166
64	9375	0.0	1	9091 284
65	5053	0.0	1	4914 139
66	3510	0.0	1	3395 115
67	3227	0.0	1	3106 121
68	3900	0.0	1	3773 127
69	5745	0.0	1	5543 202
70	6750	0.0	1	6534 216
71	9053	0.0	1	8782 271
72	24960	0.0	1	24278 682
73	33280	0.0	1	32331 949
74	31968	0.0	1	30982 986
75	24842	0.0	1	23923 919
76	31642	0.0	1	30782 860
77	38909	0.0	1	37807 1102
78	62527	0.0	1	60711 1816
79	32009	0.0	1	30673 1336
80	49794	0.0	1	48328 1466
81	32887	0.0	1	31691 1196
82	34501	0.0	1	33319 1182
83	63911	0.0	1	62037 1874
84	56885	0.0	1	55089 1796
85	89050	0.0	1	86641 2409
86	91260	0.0	1	88366 2894
87	55550	0.0	1	52671 2879
88	30387	0.0	1	28769 1618
89	40073	0.0	1	38642 1431
90	58557	0.0	1	56600 1957
91	22028	0.0	1	20698 1330
92	20628	0.0	1	19729 899
93	26574	0.0	1	25641 933
94	32366	0.0	1	31341 1025
95	22756	0.0	1	21857 899
96	34759	0.0	1	33643 1116
97	30146	0.0	1	29043 1103
98	37538	0.0	1	36397 1141
99	61789	0.0	1	60187 1602
100	39009	0.0	1	37559 1450
101	51469	0.0	1	49836 1633
102	69699	0.0	1	67703 1996
103	53095	0.0	1	51437 1658
104	38804	0.0	1	36926 1878
105	43644	0.0	1	42201 1443
106	61721	0.0	1	59937 1784
107	84459	0.0	1	81735 2724
108	174275	0.0	1	169171 5104
109	176204	0.0	1	170917 5287
110	173415	0.0	1	166860 6555
111	176429	0.0	1	170772 5657
112	68892	0.0	1	64768 4124
113	79180	0.0	1	75442 3738
114	124713	0.0	1	121074 3639
115	138293	0.0	1	133707 4586
116	132981	0.0	1	127329 5652
117	162672	0.0	1	157124 5548
118	163672	0.0	1	156800 6872
119	199521	0.0	1	192638 6883
120	358519	0.0	1	347429 11090
121	650315	0.0	1	632185 18130
122	518914	0.0	1	501056 17858
123	271636	0.0	1	259172 12464
124	245822	0.0	1	235734 10088
125	240175	0.0	1	231367 8808
126	269692	0.0	1	260961 8731
127	332487	0.0	1	321829 10658
128	419891	0.0	1	406347 13544
129	711031	0.0	1	691118 19913
130	352347	0.0	1	339005 13342
131	347264	0.0	1	334567 12697
132	437589	0.0	1	424102 13487
133	310708	0.0	1	298698 12010
134	284874	0.0	1	274901 9973
135	287905	0.0	1	277736 10169
136	308097	0.0	1	296807 11290
137	285437	0.0	1	274336 11101
138	274633	0.0	1	264890 9743
139	360958	0.0	1	349388 11570
140	409175	0.0	1	396970 12205
141	372782	0.0	1	359483 13299
142	192685	0.0	1	183745 8940
143	83605	0.0	1	79007 4598
144	77241	0.0	1	74611 2630
145	66667	0.0	1	64352 2315
146	45310	0.0	1	43646 1664
147	39429	0.0	1	37647 1782
148	7911	0.0	1	6594 1317
149	2293	0.0	1	1029 1264
150	245	0.0	1	181 64
151	4228	0.0	1	3865 363
