This is cutadapt 5.2 with Python 3.12.13
Command line parameters: --cores 8 --adapter AACTGTAGGCACCATCAAT --action=none --output /dev/null data/fastq/SRR34661436.fastq.gz
Processing single-end reads on 8 cores ...

=== Summary ===

Total reads processed:              28,079,602
Reads with adapters:                26,444,008 (94.2%)
Reads written (passing filters):    28,079,602 (100.0%)

Total basepairs processed: 1,851,971,347 bp
Total written (filtered):  1,851,971,347 bp (100.0%)

=== Adapter 1 ===

Sequence: AACTGTAGGCACCATCAAT; Type: regular 3'; Length: 19; Trimmed: 26444008 times

Minimum overlap: 3
No. of allowed errors:
1-9 bp: 0; 10-19 bp: 1

Bases preceding removed adapters:
  A: 31.4%
  C: 16.9%
  G: 29.4%
  T: 21.8%
  none/other: 0.5%

Overview of removed sequences
length	count	expect	max.err	error counts
3	24005	438743.8	0	24005
4	8841	109685.9	0	8841
5	5520	27421.5	0	5520
6	11529	6855.4	0	11529
7	98	1713.8	0	98
8	10	428.5	0	10
9	6567	107.1	0	6535 32
10	8964	26.8	1	8469 495
11	36	6.7	1	0 36
12	7468	1.7	1	7111 357
13	16384	0.4	1	15699 685
14	93	0.1	1	35 58
15	5927	0.0	1	5585 342
16	17137	0.0	1	16227 910
17	13068	0.0	1	12426 642
18	110	0.0	1	28 82
19	10964	0.0	1	10325 639
20	11292	0.0	1	10646 646
21	7328	0.0	1	6829 499
22	6588	0.0	1	6141 447
23	7549	0.0	1	6978 571
24	6321	0.0	1	5806 515
25	5109	0.0	1	4526 583
26	6395	0.0	1	5521 874
27	9681	0.0	1	8413 1268
28	14450	0.0	1	12486 1964
29	33113	0.0	1	26984 6129
30	378844	0.0	1	241298 137546
31	24386134	0.0	1	23349405 1036729
32	272871	0.0	1	230145 42726
33	950460	0.0	1	924018 26442
34	34503	0.0	1	28348 6155
35	139453	0.0	1	127999 11454
36	200	0.0	1	179 21
37	159	0.0	1	134 25
38	204	0.0	1	152 52
39	192	0.0	1	164 28
40	55	0.0	1	42 13
41	50	0.0	1	33 17
42	29	0.0	1	27 2
43	27	0.0	1	22 5
44	72	0.0	1	59 13
45	18	0.0	1	16 2
46	67	0.0	1	49 18
47	29	0.0	1	16 13
48	33	0.0	1	17 16
49	82	0.0	1	53 29
50	57	0.0	1	38 19
51	38	0.0	1	25 13
52	59	0.0	1	38 21
53	43	0.0	1	34 9
54	34	0.0	1	21 13
55	26	0.0	1	20 6
56	42	0.0	1	31 11
57	32	0.0	1	11 21
58	51	0.0	1	28 23
59	124	0.0	1	65 59
60	19	0.0	1	12 7
61	24	0.0	1	15 9
62	25	0.0	1	8 17
63	93	0.0	1	53 40
64	23	0.0	1	13 10
65	64	0.0	1	37 27
66	37	0.0	1	18 19
67	54	0.0	1	24 30
68	141	0.0	1	70 71
69	208	0.0	1	118 90
70	23	0.0	1	12 11
71	36	0.0	1	20 16
72	211	0.0	1	110 101
73	308	0.0	1	167 141
74	83	0.0	1	56 27
75	233	0.0	1	139 94
76	317	0.0	1	182 135
77	483	0.0	1	268 215
78	957	0.0	1	471 486
79	534	0.0	1	285 249
80	598	0.0	1	352 246
81	151	0.0	1	77 74
82	495	0.0	1	297 198
83	396	0.0	1	231 165
84	426	0.0	1	230 196
85	368	0.0	1	192 176
86	374	0.0	1	217 157
87	349	0.0	1	197 152
88	313	0.0	1	166 147
89	357	0.0	1	197 160
90	265	0.0	1	134 131
91	280	0.0	1	156 124
92	226	0.0	1	97 129
93	306	0.0	1	165 141
94	206	0.0	1	100 106
95	318	0.0	1	163 155
96	297	0.0	1	151 146
97	513	0.0	1	259 254
98	370	0.0	1	198 172
99	318	0.0	1	157 161
100	476	0.0	1	238 238
101	246	0.0	1	139 107
102	202	0.0	1	106 96
103	250	0.0	1	128 122
104	277	0.0	1	167 110
105	408	0.0	1	214 194
106	477	0.0	1	261 216
107	1012	0.0	1	558 454
108	754	0.0	1	394 360
109	699	0.0	1	373 326
110	1348	0.0	1	800 548
111	331	0.0	1	189 142
112	339	0.0	1	185 154
113	419	0.0	1	205 214
114	390	0.0	1	222 168
115	461	0.0	1	254 207
116	560	0.0	1	330 230
117	501	0.0	1	276 225
118	641	0.0	1	380 261
119	1017	0.0	1	608 409
120	1852	0.0	1	1115 737
121	1035	0.0	1	624 411
122	566	0.0	1	318 248
123	494	0.0	1	284 210
124	438	0.0	1	263 175
125	398	0.0	1	230 168
126	499	0.0	1	299 200
127	482	0.0	1	289 193
128	629	0.0	1	376 253
129	389	0.0	1	234 155
130	392	0.0	1	229 163
131	339	0.0	1	207 132
132	323	0.0	1	201 122
133	276	0.0	1	179 97
134	295	0.0	1	191 104
135	373	0.0	1	252 121
136	390	0.0	1	257 133
137	341	0.0	1	232 109
138	456	0.0	1	307 149
139	756	0.0	1	527 229
140	541	0.0	1	373 168
141	412	0.0	1	302 110
142	281	0.0	1	181 100
143	204	0.0	1	130 74
144	141	0.0	1	97 44
145	137	0.0	1	95 42
146	128	0.0	1	97 31
147	177	0.0	1	134 43
148	951	0.0	1	690 261
149	38	0.0	1	26 12
150	133	0.0	1	82 51
