This is cutadapt 5.2 with Python 3.12.13
Command line parameters: --cores 8 --adapter AACTGTAGGCACCATCAAT --action=none --output /dev/null data/fastq/SRR34661432.fastq.gz
Processing single-end reads on 8 cores ...

=== Summary ===

Total reads processed:              29,183,088
Reads with adapters:                26,628,236 (91.2%)
Reads written (passing filters):    29,183,088 (100.0%)

Total basepairs processed: 2,017,818,661 bp
Total written (filtered):  2,017,818,661 bp (100.0%)

=== Adapter 1 ===

Sequence: AACTGTAGGCACCATCAAT; Type: regular 3'; Length: 19; Trimmed: 26628236 times

Minimum overlap: 3
No. of allowed errors:
1-9 bp: 0; 10-19 bp: 1

Bases preceding removed adapters:
  A: 33.5%
  C: 16.4%
  G: 26.8%
  T: 22.9%
  none/other: 0.3%

Overview of removed sequences
length	count	expect	max.err	error counts
3	35907	455985.8	0	35907
4	16600	113996.4	0	16600
5	6685	28499.1	0	6685
6	15950	7124.8	0	15950
7	154	1781.2	0	154
8	19	445.3	0	19
9	5386	111.3	0	5337 49
10	12056	27.8	1	11312 744
11	61	7.0	1	2 59
12	6594	1.7	1	6201 393
13	12860	0.4	1	12111 749
14	114	0.1	1	48 66
15	7355	0.0	1	6896 459
16	21385	0.0	1	20158 1227
17	9138	0.0	1	8496 642
18	104	0.0	1	31 73
19	9300	0.0	1	8603 697
20	11291	0.0	1	10526 765
21	9638	0.0	1	8926 712
22	6933	0.0	1	6342 591
23	7553	0.0	1	6920 633
24	7068	0.0	1	6410 658
25	8199	0.0	1	7373 826
26	10977	0.0	1	9862 1115
27	16198	0.0	1	14612 1586
28	25142	0.0	1	22817 2325
29	54117	0.0	1	47396 6721
30	398895	0.0	1	277199 121696
31	25048885	0.0	1	23924101 1124784
32	175913	0.0	1	138658 37255
33	560544	0.0	1	547777 12767
34	18552	0.0	1	14915 3637
35	72657	0.0	1	66805 5852
36	232	0.0	1	200 32
37	236	0.0	1	190 46
38	378	0.0	1	290 88
39	285	0.0	1	225 60
40	73	0.0	1	60 13
41	77	0.0	1	46 31
42	23	0.0	1	19 4
43	25	0.0	1	19 6
44	83	0.0	1	57 26
45	26	0.0	1	22 4
46	69	0.0	1	39 30
47	57	0.0	1	18 39
48	70	0.0	1	44 26
49	78	0.0	1	41 37
50	53	0.0	1	37 16
51	33	0.0	1	17 16
52	48	0.0	1	35 13
53	75	0.0	1	48 27
54	54	0.0	1	33 21
55	22	0.0	1	13 9
56	51	0.0	1	21 30
57	38	0.0	1	20 18
58	67	0.0	1	27 40
59	158	0.0	1	70 88
60	22	0.0	1	13 9
61	15	0.0	1	9 6
62	38	0.0	1	14 24
63	86	0.0	1	39 47
64	22	0.0	1	7 15
65	73	0.0	1	36 37
66	92	0.0	1	50 42
67	62	0.0	1	23 39
68	103	0.0	1	45 58
69	134	0.0	1	61 73
70	134	0.0	1	59 75
71	126	0.0	1	63 63
72	130	0.0	1	65 65
73	236	0.0	1	115 121
74	45	0.0	1	28 17
75	212	0.0	1	112 100
76	178	0.0	1	91 87
77	412	0.0	1	210 202
78	698	0.0	1	373 325
79	477	0.0	1	272 205
80	468	0.0	1	257 211
81	110	0.0	1	57 53
82	324	0.0	1	176 148
83	269	0.0	1	152 117
84	327	0.0	1	174 153
85	264	0.0	1	142 122
86	327	0.0	1	182 145
87	380	0.0	1	198 182
88	266	0.0	1	136 130
89	363	0.0	1	186 177
90	298	0.0	1	143 155
91	310	0.0	1	153 157
92	279	0.0	1	146 133
93	380	0.0	1	196 184
94	253	0.0	1	145 108
95	439	0.0	1	232 207
96	362	0.0	1	193 169
97	694	0.0	1	354 340
98	457	0.0	1	247 210
99	430	0.0	1	219 211
100	590	0.0	1	305 285
101	316	0.0	1	164 152
102	242	0.0	1	116 126
103	252	0.0	1	112 140
104	295	0.0	1	153 142
105	353	0.0	1	190 163
106	504	0.0	1	269 235
107	1036	0.0	1	560 476
108	849	0.0	1	439 410
109	792	0.0	1	403 389
110	1239	0.0	1	675 564
111	309	0.0	1	164 145
112	323	0.0	1	177 146
113	417	0.0	1	209 208
114	395	0.0	1	222 173
115	516	0.0	1	293 223
116	470	0.0	1	297 173
117	412	0.0	1	209 203
118	710	0.0	1	416 294
119	1220	0.0	1	701 519
120	2027	0.0	1	1256 771
121	1229	0.0	1	690 539
122	584	0.0	1	356 228
123	467	0.0	1	245 222
124	501	0.0	1	304 197
125	403	0.0	1	225 178
126	553	0.0	1	321 232
127	474	0.0	1	286 188
128	593	0.0	1	369 224
129	383	0.0	1	245 138
130	293	0.0	1	174 119
131	267	0.0	1	172 95
132	259	0.0	1	157 102
133	208	0.0	1	132 76
134	207	0.0	1	116 91
135	338	0.0	1	235 103
136	265	0.0	1	182 83
137	273	0.0	1	177 96
138	398	0.0	1	260 138
139	638	0.0	1	447 191
140	458	0.0	1	328 130
141	295	0.0	1	221 74
142	161	0.0	1	97 64
143	116	0.0	1	67 49
144	64	0.0	1	48 16
145	46	0.0	1	35 11
146	53	0.0	1	32 21
147	73	0.0	1	49 24
148	461	0.0	1	322 139
149	12	0.0	1	10 2
150	61	0.0	1	43 18
