This is cutadapt 5.2 with Python 3.12.13
Command line parameters: --cores 8 --adapter AACTGTAGGCACCATCAAT --action=none --output /dev/null data/fastq/SRR34661417.fastq.gz
Processing single-end reads on 8 cores ...

=== Summary ===

Total reads processed:              12,551,059
Reads with adapters:                12,302,063 (98.0%)
Reads written (passing filters):    12,551,059 (100.0%)

Total basepairs processed: 1,895,209,909 bp
Total written (filtered):  1,895,209,909 bp (100.0%)

=== Adapter 1 ===

Sequence: AACTGTAGGCACCATCAAT; Type: regular 3'; Length: 19; Trimmed: 12302063 times

Minimum overlap: 3
No. of allowed errors:
1-9 bp: 0; 10-19 bp: 1

Bases preceding removed adapters:
  A: 19.9%
  C: 14.7%
  G: 42.2%
  T: 23.1%
  none/other: 0.0%

Overview of removed sequences
length	count	expect	max.err	error counts
3	510	196110.3	0	510
4	396	49027.6	0	396
5	285	12256.9	0	285
6	401	3064.2	0	401
7	246	766.1	0	246
8	253	191.5	0	253
9	543	47.9	0	543
10	614	12.0	1	602 12
11	360	3.0	1	349 11
12	406	0.7	1	392 14
13	739	0.2	1	712 27
14	681	0.0	1	662 19
15	698	0.0	1	682 16
16	610	0.0	1	598 12
17	844	0.0	1	819 25
18	1289	0.0	1	1252 37
19	1648	0.0	1	1597 51
20	736	0.0	1	714 22
21	1631	0.0	1	1561 70
22	795	0.0	1	756 39
23	670	0.0	1	648 22
24	968	0.0	1	935 33
25	943	0.0	1	901 42
26	532	0.0	1	493 39
27	466	0.0	1	449 17
28	446	0.0	1	428 18
29	502	0.0	1	485 17
30	496	0.0	1	486 10
31	661	0.0	1	637 24
32	511	0.0	1	485 26
33	395	0.0	1	384 11
34	933	0.0	1	907 26
35	792	0.0	1	760 32
36	807	0.0	1	784 23
37	879	0.0	1	859 20
38	949	0.0	1	926 23
39	714	0.0	1	689 25
40	803	0.0	1	771 32
41	769	0.0	1	751 18
42	754	0.0	1	735 19
43	848	0.0	1	834 14
44	1004	0.0	1	972 32
45	903	0.0	1	862 41
46	891	0.0	1	865 26
47	882	0.0	1	846 36
48	906	0.0	1	874 32
49	1019	0.0	1	973 46
50	1721	0.0	1	1655 66
51	1722	0.0	1	1674 48
52	1749	0.0	1	1698 51
53	1682	0.0	1	1617 65
54	2315	0.0	1	2241 74
55	1343	0.0	1	1284 59
56	1377	0.0	1	1332 45
57	1459	0.0	1	1405 54
58	1649	0.0	1	1592 57
59	1833	0.0	1	1775 58
60	2520	0.0	1	2440 80
61	4298	0.0	1	4147 151
62	12931	0.0	1	12577 354
63	3641	0.0	1	3461 180
64	12460	0.0	1	12105 355
65	6534	0.0	1	6355 179
66	4139	0.0	1	4012 127
67	3578	0.0	1	3451 127
68	4449	0.0	1	4310 139
69	6553	0.0	1	6355 198
70	8672	0.0	1	8439 233
71	10626	0.0	1	10322 304
72	31537	0.0	1	30690 847
73	37828	0.0	1	36809 1019
74	37070	0.0	1	36000 1070
75	27267	0.0	1	26363 904
76	34454	0.0	1	33538 916
77	43696	0.0	1	42494 1202
78	66536	0.0	1	64627 1909
79	34640	0.0	1	33125 1515
80	57573	0.0	1	56020 1553
81	37626	0.0	1	36394 1232
82	39383	0.0	1	38121 1262
83	68792	0.0	1	66856 1936
84	61706	0.0	1	59983 1723
85	94907	0.0	1	92406 2501
86	94777	0.0	1	91733 3044
87	61113	0.0	1	58448 2665
88	35474	0.0	1	33571 1903
89	46094	0.0	1	44488 1606
90	62823	0.0	1	60847 1976
91	23563	0.0	1	22090 1473
92	21638	0.0	1	20693 945
93	28475	0.0	1	27446 1029
94	34370	0.0	1	33208 1162
95	23411	0.0	1	22436 975
96	34539	0.0	1	33496 1043
97	29641	0.0	1	28574 1067
98	38065	0.0	1	36970 1095
99	69036	0.0	1	67255 1781
100	41597	0.0	1	40068 1529
101	51141	0.0	1	49584 1557
102	68495	0.0	1	66587 1908
103	54442	0.0	1	52789 1653
104	42163	0.0	1	40249 1914
105	46952	0.0	1	45495 1457
106	66393	0.0	1	64412 1981
107	93524	0.0	1	90606 2918
108	168031	0.0	1	163085 4946
109	163299	0.0	1	158076 5223
110	188994	0.0	1	182142 6852
111	164047	0.0	1	158580 5467
112	69828	0.0	1	66120 3708
113	85166	0.0	1	81617 3549
114	180684	0.0	1	175792 4892
115	159070	0.0	1	153457 5613
116	148222	0.0	1	142350 5872
117	198267	0.0	1	191983 6284
118	191981	0.0	1	183610 8371
119	245051	0.0	1	236883 8168
120	423642	0.0	1	411121 12521
121	810117	0.0	1	788677 21440
122	606814	0.0	1	587105 19709
123	304798	0.0	1	291093 13705
124	258677	0.0	1	248684 9993
125	252456	0.0	1	243468 8988
126	259944	0.0	1	251597 8347
127	311549	0.0	1	301922 9627
128	379972	0.0	1	367982 11990
129	588400	0.0	1	572727 15673
130	302134	0.0	1	290973 11161
131	309183	0.0	1	298465 10718
132	435563	0.0	1	423177 12386
133	280003	0.0	1	269219 10784
134	263516	0.0	1	254848 8668
135	264501	0.0	1	255458 9043
136	275317	0.0	1	265569 9748
137	246298	0.0	1	236768 9530
138	250970	0.0	1	242712 8258
139	324188	0.0	1	313978 10210
140	406097	0.0	1	394482 11615
141	371117	0.0	1	358218 12899
142	191134	0.0	1	183011 8123
143	92893	0.0	1	88357 4536
144	85048	0.0	1	82304 2744
145	72048	0.0	1	69748 2300
146	48385	0.0	1	46641 1744
147	39559	0.0	1	37767 1792
148	8588	0.0	1	7183 1405
149	1924	0.0	1	706 1218
150	182	0.0	1	135 47
151	2286	0.0	1	2125 161
