This is cutadapt 5.2 with Python 3.12.13
Command line parameters: --cores 8 --adapter AACTGTAGGCACCATCAAT --action=none --output /dev/null data/fastq/SRR34661439.fastq.gz
Processing single-end reads on 8 cores ...

=== Summary ===

Total reads processed:              28,584,624
Reads with adapters:                26,710,244 (93.4%)
Reads written (passing filters):    28,584,624 (100.0%)

Total basepairs processed: 2,003,427,053 bp
Total written (filtered):  2,003,427,053 bp (100.0%)

=== Adapter 1 ===

Sequence: AACTGTAGGCACCATCAAT; Type: regular 3'; Length: 19; Trimmed: 26710244 times

Minimum overlap: 3
No. of allowed errors:
1-9 bp: 0; 10-19 bp: 1

Bases preceding removed adapters:
  A: 32.8%
  C: 17.5%
  G: 26.6%
  T: 23.0%
  none/other: 0.2%

Overview of removed sequences
length	count	expect	max.err	error counts
3	21209	446634.8	0	21209
4	13320	111658.7	0	13320
5	8113	27914.7	0	8113
6	20692	6978.7	0	20692
7	75	1744.7	0	75
8	9	436.2	0	9
9	9700	109.0	0	9672 28
10	11256	27.3	1	10867 389
11	46	6.8	1	1 45
12	9830	1.7	1	9503 327
13	17875	0.4	1	17271 604
14	118	0.1	1	62 56
15	8638	0.0	1	8302 336
16	27712	0.0	1	26520 1192
17	14458	0.0	1	13893 565
18	116	0.0	1	41 75
19	13728	0.0	1	13193 535
20	17864	0.0	1	17071 793
21	10886	0.0	1	10380 506
22	7553	0.0	1	7130 423
23	8522	0.0	1	8077 445
24	8366	0.0	1	7860 506
25	7532	0.0	1	6941 591
26	9330	0.0	1	8522 808
27	13291	0.0	1	12084 1207
28	19845	0.0	1	18006 1839
29	43957	0.0	1	38240 5717
30	383034	0.0	1	264529 118505
31	25381306	0.0	1	24506814 874492
32	173174	0.0	1	136277 36897
33	357670	0.0	1	349035 8635
34	11651	0.0	1	9283 2368
35	40690	0.0	1	37366 3324
36	206	0.0	1	170 36
37	216	0.0	1	180 36
38	318	0.0	1	240 78
39	201	0.0	1	154 47
40	100	0.0	1	88 12
41	59	0.0	1	39 20
42	17	0.0	1	17
43	23	0.0	1	19 4
44	68	0.0	1	52 16
45	28	0.0	1	25 3
46	79	0.0	1	53 26
47	62	0.0	1	19 43
48	46	0.0	1	30 16
49	98	0.0	1	60 38
50	77	0.0	1	53 24
51	48	0.0	1	22 26
52	42	0.0	1	30 12
53	89	0.0	1	63 26
54	46	0.0	1	29 17
55	33	0.0	1	20 13
56	71	0.0	1	42 29
57	53	0.0	1	27 26
58	56	0.0	1	33 23
59	172	0.0	1	96 76
60	31	0.0	1	18 13
61	41	0.0	1	31 10
62	58	0.0	1	29 29
63	135	0.0	1	71 64
64	24	0.0	1	14 10
65	188	0.0	1	85 103
66	19	0.0	1	12 7
67	41	0.0	1	22 19
68	101	0.0	1	41 60
69	59	0.0	1	27 32
70	109	0.0	1	56 53
71	159	0.0	1	88 71
72	241	0.0	1	142 99
73	366	0.0	1	179 187
74	117	0.0	1	69 48
75	297	0.0	1	164 133
76	300	0.0	1	177 123
77	513	0.0	1	282 231
78	1005	0.0	1	519 486
79	543	0.0	1	323 220
80	546	0.0	1	322 224
81	262	0.0	1	145 117
82	386	0.0	1	225 161
83	397	0.0	1	243 154
84	460	0.0	1	246 214
85	323	0.0	1	171 152
86	318	0.0	1	163 155
87	341	0.0	1	169 172
88	316	0.0	1	171 145
89	282	0.0	1	136 146
90	266	0.0	1	134 132
91	271	0.0	1	138 133
92	186	0.0	1	94 92
93	266	0.0	1	143 123
94	215	0.0	1	97 118
95	252	0.0	1	125 127
96	283	0.0	1	152 131
97	451	0.0	1	222 229
98	346	0.0	1	189 157
99	340	0.0	1	175 165
100	415	0.0	1	212 203
101	285	0.0	1	154 131
102	236	0.0	1	134 102
103	227	0.0	1	120 107
104	231	0.0	1	120 111
105	414	0.0	1	229 185
106	528	0.0	1	289 239
107	1073	0.0	1	565 508
108	867	0.0	1	438 429
109	762	0.0	1	431 331
110	1086	0.0	1	605 481
111	299	0.0	1	168 131
112	409	0.0	1	212 197
113	427	0.0	1	259 168
114	447	0.0	1	255 192
115	586	0.0	1	333 253
116	667	0.0	1	357 310
117	570	0.0	1	323 247
118	805	0.0	1	454 351
119	1259	0.0	1	748 511
120	2086	0.0	1	1249 837
121	1195	0.0	1	690 505
122	690	0.0	1	387 303
123	609	0.0	1	329 280
124	520	0.0	1	306 214
125	527	0.0	1	308 219
126	653	0.0	1	386 267
127	780	0.0	1	470 310
128	1045	0.0	1	625 420
129	597	0.0	1	354 243
130	482	0.0	1	282 200
131	378	0.0	1	233 145
132	376	0.0	1	246 130
133	304	0.0	1	193 111
134	282	0.0	1	181 101
135	378	0.0	1	268 110
136	315	0.0	1	213 102
137	297	0.0	1	205 92
138	350	0.0	1	240 110
139	506	0.0	1	335 171
140	378	0.0	1	251 127
141	246	0.0	1	168 78
142	154	0.0	1	112 42
143	125	0.0	1	91 34
144	96	0.0	1	67 29
145	83	0.0	1	62 21
146	60	0.0	1	39 21
147	69	0.0	1	51 18
148	395	0.0	1	269 126
149	10	0.0	1	6 4
150	37	0.0	1	23 14
