This is cutadapt 5.2 with Python 3.12.13
Command line parameters: --cores 8 --adapter AACTGTAGGCACCATCAAT --action=none --output /dev/null data/fastq/SRR34661434.fastq.gz
Processing single-end reads on 8 cores ...

=== Summary ===

Total reads processed:              28,988,650
Reads with adapters:                26,453,617 (91.3%)
Reads written (passing filters):    28,988,650 (100.0%)

Total basepairs processed: 2,037,166,845 bp
Total written (filtered):  2,037,166,845 bp (100.0%)

=== Adapter 1 ===

Sequence: AACTGTAGGCACCATCAAT; Type: regular 3'; Length: 19; Trimmed: 26453617 times

Minimum overlap: 3
No. of allowed errors:
1-9 bp: 0; 10-19 bp: 1

Bases preceding removed adapters:
  A: 35.0%
  C: 17.1%
  G: 25.7%
  T: 22.2%
  none/other: 0.1%

Overview of removed sequences
length	count	expect	max.err	error counts
3	32567	452947.7	0	32567
4	15292	113236.9	0	15292
5	6696	28309.2	0	6696
6	16620	7077.3	0	16620
7	129	1769.3	0	129
8	16	442.3	0	16
9	5961	110.6	0	5911 50
10	11102	27.6	1	10581 521
11	63	6.9	1	2 61
12	7028	1.7	1	6704 324
13	12634	0.4	1	12069 565
14	98	0.1	1	46 52
15	7004	0.0	1	6632 372
16	22437	0.0	1	21417 1020
17	10335	0.0	1	9783 552
18	84	0.0	1	25 59
19	10319	0.0	1	9747 572
20	13751	0.0	1	13053 698
21	10781	0.0	1	10156 625
22	6473	0.0	1	5984 489
23	6262	0.0	1	5796 466
24	5952	0.0	1	5442 510
25	6887	0.0	1	6201 686
26	9277	0.0	1	8271 1006
27	13373	0.0	1	11970 1403
28	20327	0.0	1	18279 2048
29	45365	0.0	1	38782 6583
30	394782	0.0	1	264977 129805
31	25265423	0.0	1	24234416 1031007
32	154593	0.0	1	116022 38571
33	271539	0.0	1	264486 7053
34	8514	0.0	1	6759 1755
35	22043	0.0	1	20010 2033
36	237	0.0	1	210 27
37	236	0.0	1	200 36
38	386	0.0	1	302 84
39	250	0.0	1	197 53
40	64	0.0	1	52 12
41	62	0.0	1	42 20
42	9	0.0	1	9
43	25	0.0	1	17 8
44	67	0.0	1	51 16
45	22	0.0	1	16 6
46	85	0.0	1	60 25
47	72	0.0	1	31 41
48	46	0.0	1	31 15
49	83	0.0	1	55 28
50	58	0.0	1	36 22
51	46	0.0	1	30 16
52	36	0.0	1	24 12
53	66	0.0	1	47 19
54	44	0.0	1	32 12
55	25	0.0	1	15 10
56	64	0.0	1	45 19
57	41	0.0	1	25 16
58	66	0.0	1	29 37
59	161	0.0	1	81 80
60	16	0.0	1	12 4
61	30	0.0	1	13 17
62	44	0.0	1	23 21
63	96	0.0	1	51 45
64	19	0.0	1	11 8
65	120	0.0	1	61 59
66	57	0.0	1	32 25
67	41	0.0	1	17 24
68	75	0.0	1	37 38
69	114	0.0	1	55 59
70	122	0.0	1	46 76
71	125	0.0	1	58 67
72	277	0.0	1	154 123
73	157	0.0	1	81 76
74	78	0.0	1	47 31
75	174	0.0	1	96 78
76	279	0.0	1	141 138
77	394	0.0	1	210 184
78	845	0.0	1	467 378
79	463	0.0	1	292 171
80	408	0.0	1	230 178
81	294	0.0	1	167 127
82	384	0.0	1	216 168
83	344	0.0	1	173 171
84	442	0.0	1	251 191
85	311	0.0	1	168 143
86	361	0.0	1	211 150
87	416	0.0	1	217 199
88	329	0.0	1	171 158
89	352	0.0	1	207 145
90	325	0.0	1	158 167
91	355	0.0	1	194 161
92	241	0.0	1	147 94
93	348	0.0	1	165 183
94	292	0.0	1	143 149
95	332	0.0	1	171 161
96	328	0.0	1	159 169
97	569	0.0	1	275 294
98	493	0.0	1	251 242
99	470	0.0	1	229 241
100	605	0.0	1	307 298
101	465	0.0	1	254 211
102	342	0.0	1	179 163
103	266	0.0	1	120 146
104	327	0.0	1	173 154
105	478	0.0	1	244 234
106	639	0.0	1	353 286
107	1596	0.0	1	850 746
108	1287	0.0	1	708 579
109	1059	0.0	1	604 455
110	1417	0.0	1	854 563
111	374	0.0	1	209 165
112	470	0.0	1	258 212
113	399	0.0	1	227 172
114	424	0.0	1	245 179
115	627	0.0	1	340 287
116	667	0.0	1	384 283
117	472	0.0	1	268 204
118	727	0.0	1	404 323
119	1130	0.0	1	665 465
120	1916	0.0	1	1164 752
121	1094	0.0	1	662 432
122	575	0.0	1	348 227
123	480	0.0	1	292 188
124	514	0.0	1	303 211
125	477	0.0	1	288 189
126	580	0.0	1	348 232
127	699	0.0	1	437 262
128	862	0.0	1	526 336
129	524	0.0	1	322 202
130	413	0.0	1	269 144
131	353	0.0	1	232 121
132	327	0.0	1	211 116
133	270	0.0	1	181 89
134	268	0.0	1	179 89
135	406	0.0	1	265 141
136	309	0.0	1	199 110
137	318	0.0	1	204 114
138	370	0.0	1	248 122
139	573	0.0	1	397 176
140	437	0.0	1	307 130
141	292	0.0	1	198 94
142	169	0.0	1	112 57
143	159	0.0	1	104 55
144	84	0.0	1	54 30
145	78	0.0	1	54 24
146	68	0.0	1	46 22
147	44	0.0	1	26 18
148	260	0.0	1	181 79
149	9	0.0	1	7 2
150	20	0.0	1	17 3
