This is cutadapt 5.2 with Python 3.12.13
Command line parameters: --cores 8 --adapter AACTGTAGGCACCATCAAT --action=none --output /dev/null data/fastq/SRR34661438.fastq.gz
Processing single-end reads on 8 cores ...

=== Summary ===

Total reads processed:              36,492,783
Reads with adapters:                33,387,939 (91.5%)
Reads written (passing filters):    36,492,783 (100.0%)

Total basepairs processed: 2,614,807,866 bp
Total written (filtered):  2,614,807,866 bp (100.0%)

=== Adapter 1 ===

Sequence: AACTGTAGGCACCATCAAT; Type: regular 3'; Length: 19; Trimmed: 33387939 times

Minimum overlap: 3
No. of allowed errors:
1-9 bp: 0; 10-19 bp: 1

Bases preceding removed adapters:
  A: 33.9%
  C: 17.1%
  G: 24.6%
  T: 24.2%
  none/other: 0.1%

Overview of removed sequences
length	count	expect	max.err	error counts
3	28190	570199.7	0	28190
4	22125	142549.9	0	22125
5	8032	35637.5	0	8032
6	21289	8909.4	0	21289
7	68	2227.3	0	68
8	14	556.8	0	14
9	6206	139.2	0	6174 32
10	12057	34.8	1	11590 467
11	54	8.7	1	3 51
12	7390	2.2	1	7085 305
13	14052	0.5	1	13535 517
14	147	0.1	1	83 64
15	11075	0.0	1	10663 412
16	34504	0.0	1	33058 1446
17	13618	0.0	1	12956 662
18	100	0.0	1	23 77
19	13645	0.0	1	13000 645
20	24007	0.0	1	23006 1001
21	15633	0.0	1	14856 777
22	8265	0.0	1	7780 485
23	7930	0.0	1	7443 487
24	7535	0.0	1	7042 493
25	9622	0.0	1	8926 696
26	14292	0.0	1	13201 1091
27	21697	0.0	1	19973 1724
28	36390	0.0	1	33872 2518
29	83796	0.0	1	76141 7655
30	514369	0.0	1	383545 130824
31	31782053	0.0	1	30635431 1146622
32	191449	0.0	1	150926 40523
33	373691	0.0	1	364629 9062
34	12443	0.0	1	9643 2800
35	46613	0.0	1	42847 3766
36	378	0.0	1	335 43
37	323	0.0	1	272 51
38	437	0.0	1	318 119
39	294	0.0	1	236 58
40	379	0.0	1	343 36
41	100	0.0	1	72 28
42	26	0.0	1	24 2
43	27	0.0	1	17 10
44	98	0.0	1	74 24
45	22	0.0	1	17 5
46	107	0.0	1	72 35
47	91	0.0	1	27 64
48	65	0.0	1	44 21
49	132	0.0	1	82 50
50	86	0.0	1	56 30
51	46	0.0	1	29 17
52	50	0.0	1	34 16
53	74	0.0	1	45 29
54	57	0.0	1	40 17
55	39	0.0	1	32 7
56	69	0.0	1	36 33
57	41	0.0	1	22 19
58	81	0.0	1	38 43
59	208	0.0	1	112 96
60	25	0.0	1	18 7
61	23	0.0	1	15 8
62	46	0.0	1	20 26
63	130	0.0	1	57 73
64	38	0.0	1	24 14
65	73	0.0	1	31 42
66	96	0.0	1	52 44
67	104	0.0	1	57 47
68	235	0.0	1	124 111
69	174	0.0	1	81 93
70	83	0.0	1	30 53
71	149	0.0	1	72 77
72	148	0.0	1	71 77
73	278	0.0	1	131 147
74	64	0.0	1	34 30
75	241	0.0	1	134 107
76	260	0.0	1	143 117
77	428	0.0	1	228 200
78	852	0.0	1	490 362
79	397	0.0	1	211 186
80	425	0.0	1	215 210
81	83	0.0	1	48 35
82	289	0.0	1	167 122
83	324	0.0	1	171 153
84	326	0.0	1	170 156
85	294	0.0	1	156 138
86	378	0.0	1	214 164
87	427	0.0	1	244 183
88	382	0.0	1	205 177
89	365	0.0	1	184 181
90	321	0.0	1	165 156
91	320	0.0	1	149 171
92	336	0.0	1	162 174
93	429	0.0	1	242 187
94	337	0.0	1	158 179
95	423	0.0	1	225 198
96	492	0.0	1	275 217
97	845	0.0	1	423 422
98	561	0.0	1	292 269
99	534	0.0	1	273 261
100	726	0.0	1	385 341
101	413	0.0	1	203 210
102	332	0.0	1	158 174
103	374	0.0	1	194 180
104	372	0.0	1	203 169
105	544	0.0	1	304 240
106	681	0.0	1	374 307
107	1620	0.0	1	912 708
108	1249	0.0	1	697 552
109	1128	0.0	1	618 510
110	1487	0.0	1	855 632
111	435	0.0	1	247 188
112	551	0.0	1	317 234
113	509	0.0	1	303 206
114	528	0.0	1	284 244
115	741	0.0	1	417 324
116	762	0.0	1	426 336
117	648	0.0	1	387 261
118	953	0.0	1	544 409
119	1556	0.0	1	952 604
120	2629	0.0	1	1648 981
121	1521	0.0	1	922 599
122	764	0.0	1	449 315
123	672	0.0	1	420 252
124	589	0.0	1	360 229
125	543	0.0	1	313 230
126	701	0.0	1	447 254
127	633	0.0	1	376 257
128	803	0.0	1	517 286
129	492	0.0	1	307 185
130	449	0.0	1	279 170
131	386	0.0	1	256 130
132	360	0.0	1	226 134
133	290	0.0	1	186 104
134	345	0.0	1	243 102
135	338	0.0	1	235 103
136	294	0.0	1	195 99
137	343	0.0	1	237 106
138	414	0.0	1	297 117
139	588	0.0	1	418 170
140	442	0.0	1	308 134
141	309	0.0	1	218 91
142	217	0.0	1	146 71
143	175	0.0	1	125 50
144	107	0.0	1	77 30
145	85	0.0	1	62 23
146	61	0.0	1	42 19
147	60	0.0	1	41 19
148	353	0.0	1	254 99
149	13	0.0	1	9 4
150	38	0.0	1	26 12
