This is cutadapt 5.2 with Python 3.12.13
Command line parameters: --cores 8 --adapter AACTGTAGGCACCATCAAT --action=none --output /dev/null data/fastq/SRR34661416.fastq.gz
Processing single-end reads on 8 cores ...

=== Summary ===

Total reads processed:              12,196,040
Reads with adapters:                11,922,397 (97.8%)
Reads written (passing filters):    12,196,040 (100.0%)

Total basepairs processed: 1,841,602,040 bp
Total written (filtered):  1,841,602,040 bp (100.0%)

=== Adapter 1 ===

Sequence: AACTGTAGGCACCATCAAT; Type: regular 3'; Length: 19; Trimmed: 11922397 times

Minimum overlap: 3
No. of allowed errors:
1-9 bp: 0; 10-19 bp: 1

Bases preceding removed adapters:
  A: 19.9%
  C: 15.5%
  G: 39.9%
  T: 24.6%
  none/other: 0.0%

Overview of removed sequences
length	count	expect	max.err	error counts
3	526	190563.1	0	526
4	352	47640.8	0	352
5	314	11910.2	0	314
6	311	2977.5	0	311
7	258	744.4	0	258
8	234	186.1	0	234
9	415	46.5	0	415
10	455	11.6	1	443 12
11	319	2.9	1	307 12
12	375	0.7	1	363 12
13	574	0.2	1	564 10
14	469	0.0	1	447 22
15	519	0.0	1	496 23
16	544	0.0	1	524 20
17	700	0.0	1	678 22
18	1140	0.0	1	1102 38
19	1200	0.0	1	1157 43
20	573	0.0	1	548 25
21	1110	0.0	1	1067 43
22	689	0.0	1	663 26
23	482	0.0	1	454 28
24	815	0.0	1	790 25
25	545	0.0	1	514 31
26	448	0.0	1	426 22
27	430	0.0	1	411 19
28	486	0.0	1	472 14
29	579	0.0	1	554 25
30	582	0.0	1	563 19
31	907	0.0	1	875 32
32	522	0.0	1	495 27
33	485	0.0	1	471 14
34	1309	0.0	1	1264 45
35	1013	0.0	1	975 38
36	1268	0.0	1	1225 43
37	1292	0.0	1	1244 48
38	904	0.0	1	870 34
39	818	0.0	1	774 44
40	865	0.0	1	835 30
41	858	0.0	1	835 23
42	838	0.0	1	817 21
43	932	0.0	1	907 25
44	1055	0.0	1	1025 30
45	953	0.0	1	917 36
46	936	0.0	1	904 32
47	967	0.0	1	932 35
48	905	0.0	1	868 37
49	992	0.0	1	958 34
50	1268	0.0	1	1234 34
51	1440	0.0	1	1384 56
52	1522	0.0	1	1466 56
53	1529	0.0	1	1471 58
54	2044	0.0	1	1968 76
55	1427	0.0	1	1359 68
56	1451	0.0	1	1397 54
57	1410	0.0	1	1341 69
58	1671	0.0	1	1614 57
59	1819	0.0	1	1756 63
60	2166	0.0	1	2088 78
61	3412	0.0	1	3320 92
62	7591	0.0	1	7360 231
63	2629	0.0	1	2492 137
64	6557	0.0	1	6354 203
65	4329	0.0	1	4214 115
66	3233	0.0	1	3127 106
67	3093	0.0	1	2975 118
68	3476	0.0	1	3350 126
69	5696	0.0	1	5541 155
70	7796	0.0	1	7549 247
71	8404	0.0	1	8101 303
72	15327	0.0	1	14798 529
73	18159	0.0	1	17548 611
74	21548	0.0	1	20918 630
75	17924	0.0	1	17274 650
76	19501	0.0	1	18913 588
77	23536	0.0	1	22807 729
78	36093	0.0	1	34948 1145
79	21526	0.0	1	20650 876
80	27402	0.0	1	26524 878
81	22410	0.0	1	21605 805
82	23574	0.0	1	22690 884
83	32950	0.0	1	31933 1017
84	44185	0.0	1	42862 1323
85	55795	0.0	1	54148 1647
86	58044	0.0	1	56066 1978
87	39472	0.0	1	37482 1990
88	27450	0.0	1	25992 1458
89	29423	0.0	1	28274 1149
90	37741	0.0	1	36422 1319
91	16554	0.0	1	15542 1012
92	19983	0.0	1	19079 904
93	27870	0.0	1	26953 917
94	30823	0.0	1	29779 1044
95	23224	0.0	1	22313 911
96	37024	0.0	1	35979 1045
97	29188	0.0	1	28038 1150
98	41503	0.0	1	40168 1335
99	81260	0.0	1	79133 2127
100	45428	0.0	1	43633 1795
101	52473	0.0	1	50803 1670
102	68271	0.0	1	66330 1941
103	55071	0.0	1	53342 1729
104	37647	0.0	1	35454 2193
105	42190	0.0	1	40782 1408
106	61707	0.0	1	59835 1872
107	83793	0.0	1	80956 2837
108	151776	0.0	1	147161 4615
109	146380	0.0	1	141519 4861
110	140909	0.0	1	135120 5789
111	153728	0.0	1	148631 5097
112	63051	0.0	1	59581 3470
113	77780	0.0	1	74257 3523
114	132214	0.0	1	128387 3827
115	132703	0.0	1	127919 4784
116	120961	0.0	1	115494 5467
117	183645	0.0	1	178003 5642
118	177591	0.0	1	170517 7074
119	264407	0.0	1	255818 8589
120	545885	0.0	1	529699 16186
121	1061010	0.0	1	1031736 29274
122	724984	0.0	1	698908 26076
123	346376	0.0	1	328933 17443
124	293109	0.0	1	280149 12960
125	297165	0.0	1	285598 11567
126	294734	0.0	1	283595 11139
127	331501	0.0	1	319928 11573
128	402759	0.0	1	388532 14227
129	766065	0.0	1	744835 21230
130	323730	0.0	1	310460 13270
131	308098	0.0	1	295934 12164
132	358727	0.0	1	347221 11506
133	239535	0.0	1	229386 10149
134	232280	0.0	1	223890 8390
135	217473	0.0	1	209581 7892
136	247641	0.0	1	237504 10137
137	202276	0.0	1	193124 9152
138	211312	0.0	1	203411 7901
139	260305	0.0	1	251440 8865
140	373428	0.0	1	362528 10900
141	319229	0.0	1	306346 12883
142	144338	0.0	1	137011 7327
143	67896	0.0	1	63830 4066
144	60302	0.0	1	58149 2153
145	48881	0.0	1	47033 1848
146	30626	0.0	1	29154 1472
147	22443	0.0	1	21038 1405
148	4510	0.0	1	3613 897
149	1534	0.0	1	496 1038
150	356	0.0	1	256 100
151	5449	0.0	1	5094 355
