This is cutadapt 5.2 with Python 3.12.13
Command line parameters: --cores 8 --adapter AACTGTAGGCACCATCAAT --action=none --output /dev/null data/fastq/SRR34661442.fastq.gz
Processing single-end reads on 8 cores ...

=== Summary ===

Total reads processed:              33,719,048
Reads with adapters:                32,168,390 (95.4%)
Reads written (passing filters):    33,719,048 (100.0%)

Total basepairs processed: 2,355,593,099 bp
Total written (filtered):  2,355,593,099 bp (100.0%)

=== Adapter 1 ===

Sequence: AACTGTAGGCACCATCAAT; Type: regular 3'; Length: 19; Trimmed: 32168390 times

Minimum overlap: 3
No. of allowed errors:
1-9 bp: 0; 10-19 bp: 1

Bases preceding removed adapters:
  A: 34.8%
  C: 16.1%
  G: 26.4%
  T: 22.6%
  none/other: 0.1%

Overview of removed sequences
length	count	expect	max.err	error counts
3	17275	526860.1	0	17275
4	11296	131715.0	0	11296
5	6119	32928.8	0	6119
6	17038	8232.2	0	17038
7	47	2058.0	0	47
8	7	514.5	0	7
9	6805	128.6	0	6787 18
10	11336	32.2	1	10956 380
11	25	8.0	1	0 25
12	7634	2.0	1	7355 279
13	15090	0.5	1	14630 460
14	96	0.1	1	52 44
15	6927	0.0	1	6674 253
16	21165	0.0	1	20319 846
17	10683	0.0	1	10255 428
18	103	0.0	1	39 64
19	10904	0.0	1	10446 458
20	15985	0.0	1	15334 651
21	10624	0.0	1	10167 457
22	6862	0.0	1	6512 350
23	7173	0.0	1	6772 401
24	6565	0.0	1	6133 432
25	7041	0.0	1	6436 605
26	10308	0.0	1	9448 860
27	16745	0.0	1	15266 1479
28	28780	0.0	1	26483 2297
29	70246	0.0	1	62915 7331
30	490464	0.0	1	347983 142481
31	30784141	0.0	1	29887621 896520
32	204266	0.0	1	161177 43089
33	299443	0.0	1	292356 7087
34	7967	0.0	1	6148 1819
35	20129	0.0	1	18132 1997
36	264	0.0	1	235 29
37	242	0.0	1	197 45
38	309	0.0	1	245 64
39	250	0.0	1	203 47
40	91	0.0	1	76 15
41	63	0.0	1	43 20
42	22	0.0	1	18 4
43	32	0.0	1	25 7
44	83	0.0	1	61 22
45	26	0.0	1	23 3
46	81	0.0	1	59 22
47	73	0.0	1	17 56
48	39	0.0	1	21 18
49	92	0.0	1	62 30
50	51	0.0	1	43 8
51	41	0.0	1	27 14
52	46	0.0	1	35 11
53	78	0.0	1	57 21
54	51	0.0	1	35 16
55	32	0.0	1	25 7
56	54	0.0	1	32 22
57	28	0.0	1	13 15
58	61	0.0	1	31 30
59	184	0.0	1	93 91
60	18	0.0	1	14 4
61	38	0.0	1	28 10
62	45	0.0	1	22 23
63	103	0.0	1	54 49
64	16	0.0	1	11 5
65	207	0.0	1	94 113
66	25	0.0	1	17 8
67	132	0.0	1	69 63
68	17	0.0	1	10 7
69	32	0.0	1	16 16
70	204	0.0	1	95 109
71	38	0.0	1	20 18
72	196	0.0	1	103 93
73	336	0.0	1	184 152
74	100	0.0	1	56 44
75	232	0.0	1	125 107
76	345	0.0	1	171 174
77	531	0.0	1	299 232
78	1300	0.0	1	723 577
79	507	0.0	1	295 212
80	552	0.0	1	305 247
81	247	0.0	1	133 114
82	405	0.0	1	238 167
83	360	0.0	1	189 171
84	436	0.0	1	251 185
85	361	0.0	1	187 174
86	426	0.0	1	227 199
87	418	0.0	1	228 190
88	299	0.0	1	168 131
89	312	0.0	1	171 141
90	340	0.0	1	185 155
91	386	0.0	1	192 194
92	299	0.0	1	164 135
93	345	0.0	1	190 155
94	250	0.0	1	147 103
95	310	0.0	1	157 153
96	316	0.0	1	162 154
97	602	0.0	1	294 308
98	477	0.0	1	243 234
99	408	0.0	1	200 208
100	533	0.0	1	260 273
101	361	0.0	1	207 154
102	268	0.0	1	138 130
103	272	0.0	1	145 127
104	304	0.0	1	161 143
105	452	0.0	1	258 194
106	604	0.0	1	334 270
107	1320	0.0	1	727 593
108	1096	0.0	1	624 472
109	925	0.0	1	509 416
110	1238	0.0	1	692 546
111	349	0.0	1	195 154
112	412	0.0	1	224 188
113	432	0.0	1	244 188
114	492	0.0	1	266 226
115	578	0.0	1	325 253
116	570	0.0	1	337 233
117	487	0.0	1	267 220
118	663	0.0	1	391 272
119	967	0.0	1	559 408
120	1490	0.0	1	874 616
121	961	0.0	1	580 381
122	584	0.0	1	341 243
123	533	0.0	1	305 228
124	504	0.0	1	310 194
125	407	0.0	1	244 163
126	505	0.0	1	289 216
127	591	0.0	1	356 235
128	709	0.0	1	434 275
129	439	0.0	1	272 167
130	410	0.0	1	270 140
131	433	0.0	1	279 154
132	364	0.0	1	231 133
133	325	0.0	1	208 117
134	309	0.0	1	201 108
135	407	0.0	1	283 124
136	414	0.0	1	284 130
137	355	0.0	1	257 98
138	461	0.0	1	314 147
139	650	0.0	1	461 189
140	435	0.0	1	314 121
141	329	0.0	1	231 98
142	204	0.0	1	162 42
143	140	0.0	1	92 48
144	81	0.0	1	58 23
145	86	0.0	1	64 22
146	58	0.0	1	40 18
147	46	0.0	1	27 19
148	260	0.0	1	192 68
149	5	0.0	1	4 1
150	19	0.0	1	11 8
