This is cutadapt 5.2 with Python 3.12.13
Command line parameters: --cores 8 --adapter AACTGTAGGCACCATCAAT --action=none --output /dev/null data/fastq/SRR34661440.fastq.gz
Processing single-end reads on 8 cores ...

=== Summary ===

Total reads processed:              29,871,653
Reads with adapters:                28,588,990 (95.7%)
Reads written (passing filters):    29,871,653 (100.0%)

Total basepairs processed: 2,013,460,293 bp
Total written (filtered):  2,013,460,293 bp (100.0%)

=== Adapter 1 ===

Sequence: AACTGTAGGCACCATCAAT; Type: regular 3'; Length: 19; Trimmed: 28588990 times

Minimum overlap: 3
No. of allowed errors:
1-9 bp: 0; 10-19 bp: 1

Bases preceding removed adapters:
  A: 32.7%
  C: 16.7%
  G: 26.1%
  T: 24.4%
  none/other: 0.1%

Overview of removed sequences
length	count	expect	max.err	error counts
3	16480	466744.6	0	16480
4	7906	116686.1	0	7906
5	4079	29171.5	0	4079
6	10001	7292.9	0	10001
7	54	1823.2	0	54
8	4	455.8	0	4
9	3936	114.0	0	3907 29
10	7309	28.5	1	7056 253
11	18	7.1	1	1 17
12	4933	1.8	1	4777 156
13	9489	0.4	1	9198 291
14	54	0.1	1	27 27
15	4532	0.0	1	4384 148
16	13935	0.0	1	13378 557
17	7294	0.0	1	7001 293
18	64	0.0	1	28 36
19	7310	0.0	1	6966 344
20	10208	0.0	1	9751 457
21	7053	0.0	1	6737 316
22	4725	0.0	1	4450 275
23	4457	0.0	1	4181 276
24	4635	0.0	1	4296 339
25	5048	0.0	1	4566 482
26	7447	0.0	1	6661 786
27	11365	0.0	1	10138 1227
28	17983	0.0	1	16182 1801
29	42070	0.0	1	35967 6103
30	407671	0.0	1	274701 132970
31	27460838	0.0	1	26639124 821714
32	181861	0.0	1	141518 40343
33	261761	0.0	1	255814 5947
34	7887	0.0	1	6273 1614
35	18482	0.0	1	16516 1966
36	151	0.0	1	133 18
37	161	0.0	1	137 24
38	243	0.0	1	180 63
39	154	0.0	1	113 41
40	48	0.0	1	40 8
41	48	0.0	1	30 18
42	9	0.0	1	7 2
43	28	0.0	1	21 7
44	53	0.0	1	29 24
45	13	0.0	1	10 3
46	61	0.0	1	45 16
47	56	0.0	1	22 34
48	40	0.0	1	23 17
49	75	0.0	1	48 27
50	41	0.0	1	31 10
51	28	0.0	1	18 10
52	28	0.0	1	20 8
53	52	0.0	1	31 21
54	36	0.0	1	26 10
55	17	0.0	1	10 7
56	47	0.0	1	25 22
57	24	0.0	1	12 12
58	45	0.0	1	23 22
59	114	0.0	1	62 52
60	13	0.0	1	11 2
61	18	0.0	1	11 7
62	29	0.0	1	12 17
63	67	0.0	1	41 26
64	12	0.0	1	8 4
65	42	0.0	1	20 22
66	36	0.0	1	17 19
67	67	0.0	1	38 29
68	75	0.0	1	38 37
69	89	0.0	1	44 45
70	84	0.0	1	42 42
71	230	0.0	1	121 109
72	125	0.0	1	72 53
73	149	0.0	1	87 62
74	75	0.0	1	49 26
75	234	0.0	1	122 112
76	235	0.0	1	134 101
77	437	0.0	1	216 221
78	908	0.0	1	474 434
79	405	0.0	1	239 166
80	394	0.0	1	228 166
81	232	0.0	1	135 97
82	294	0.0	1	166 128
83	327	0.0	1	193 134
84	421	0.0	1	224 197
85	326	0.0	1	181 145
86	377	0.0	1	197 180
87	401	0.0	1	215 186
88	304	0.0	1	160 144
89	297	0.0	1	155 142
90	367	0.0	1	198 169
91	383	0.0	1	197 186
92	240	0.0	1	124 116
93	311	0.0	1	165 146
94	244	0.0	1	128 116
95	312	0.0	1	165 147
96	277	0.0	1	141 136
97	560	0.0	1	298 262
98	426	0.0	1	219 207
99	378	0.0	1	186 192
100	520	0.0	1	261 259
101	356	0.0	1	192 164
102	285	0.0	1	134 151
103	240	0.0	1	112 128
104	265	0.0	1	144 121
105	452	0.0	1	225 227
106	527	0.0	1	259 268
107	1197	0.0	1	601 596
108	942	0.0	1	483 459
109	901	0.0	1	458 443
110	1265	0.0	1	695 570
111	359	0.0	1	193 166
112	423	0.0	1	218 205
113	459	0.0	1	223 236
114	511	0.0	1	289 222
115	565	0.0	1	295 270
116	600	0.0	1	308 292
117	533	0.0	1	296 237
118	808	0.0	1	465 343
119	1323	0.0	1	742 581
120	2152	0.0	1	1247 905
121	1357	0.0	1	791 566
122	729	0.0	1	423 306
123	594	0.0	1	347 247
124	533	0.0	1	306 227
125	456	0.0	1	271 185
126	573	0.0	1	318 255
127	622	0.0	1	364 258
128	858	0.0	1	500 358
129	511	0.0	1	305 206
130	509	0.0	1	322 187
131	393	0.0	1	258 135
132	350	0.0	1	213 137
133	311	0.0	1	192 119
134	299	0.0	1	184 115
135	419	0.0	1	265 154
136	332	0.0	1	222 110
137	361	0.0	1	233 128
138	411	0.0	1	270 141
139	508	0.0	1	345 163
140	370	0.0	1	277 93
141	278	0.0	1	183 95
142	170	0.0	1	107 63
143	146	0.0	1	89 57
144	114	0.0	1	80 34
145	78	0.0	1	47 31
146	61	0.0	1	46 15
147	53	0.0	1	33 20
148	222	0.0	1	147 75
149	6	0.0	1	3 3
150	21	0.0	1	14 7
