This is cutadapt 5.2 with Python 3.12.13
Command line parameters: --cores 8 --adapter AACTGTAGGCACCATCAAT --action=none --output /dev/null data/fastq/SRR34661430.fastq.gz
Processing single-end reads on 8 cores ...

=== Summary ===

Total reads processed:              18,544,996
Reads with adapters:                18,271,600 (98.5%)
Reads written (passing filters):    18,544,996 (100.0%)

Total basepairs processed: 1,198,959,541 bp
Total written (filtered):  1,198,959,541 bp (100.0%)

=== Adapter 1 ===

Sequence: AACTGTAGGCACCATCAAT; Type: regular 3'; Length: 19; Trimmed: 18271600 times

Minimum overlap: 3
No. of allowed errors:
1-9 bp: 0; 10-19 bp: 1

Bases preceding removed adapters:
  A: 20.5%
  C: 23.2%
  G: 27.4%
  T: 28.8%
  none/other: 0.0%

Overview of removed sequences
length	count	expect	max.err	error counts
3	3662	289765.6	0	3662
4	1546	72441.4	0	1546
5	1668	18110.3	0	1668
6	2062	4527.6	0	2062
7	1557	1131.9	0	1557
8	1344	283.0	0	1344
9	1755	70.7	0	1752 3
10	2161	17.7	1	1646 515
11	2572	4.4	1	2339 233
12	2830	1.1	1	2604 226
13	3823	0.3	1	3549 274
14	2994	0.1	1	2740 254
15	5313	0.0	1	4911 402
16	2489	0.0	1	2296 193
17	3646	0.0	1	3389 257
18	6559	0.0	1	6143 416
19	7968	0.0	1	7428 540
20	5278	0.0	1	4983 295
21	8464	0.0	1	7957 507
22	3987	0.0	1	3745 242
23	2039	0.0	1	1905 134
24	3751	0.0	1	3487 264
25	3089	0.0	1	2834 255
26	2833	0.0	1	2503 330
27	4349	0.0	1	3811 538
28	6857	0.0	1	5944 913
29	14247	0.0	1	11054 3193
30	215840	0.0	1	130091 85749
31	17480055	0.0	1	17031059 448996
32	388595	0.0	1	335163 53432
33	4316	0.0	1	3106 1210
34	1933	0.0	1	1280 653
35	2047	0.0	1	1396 651
36	1840	0.0	1	1266 574
37	2213	0.0	1	1528 685
38	2543	0.0	1	1890 653
39	2625	0.0	1	1630 995
40	1877	0.0	1	1228 649
41	2384	0.0	1	1676 708
42	2844	0.0	1	1830 1014
43	2137	0.0	1	1511 626
44	119	0.0	1	94 25
45	25	0.0	1	18 7
46	24	0.0	1	12 12
47	33	0.0	1	23 10
48	29	0.0	1	21 8
49	36	0.0	1	23 13
50	84	0.0	1	55 29
51	68	0.0	1	47 21
52	60	0.0	1	43 17
53	65	0.0	1	43 22
54	84	0.0	1	64 20
55	39	0.0	1	22 17
56	28	0.0	1	20 8
57	32	0.0	1	16 16
58	27	0.0	1	15 12
59	43	0.0	1	22 21
60	39	0.0	1	25 14
61	62	0.0	1	32 30
62	97	0.0	1	59 38
63	56	0.0	1	28 28
64	117	0.0	1	70 47
65	43	0.0	1	24 19
66	61	0.0	1	33 28
67	44	0.0	1	31 13
68	57	0.0	1	41 16
69	83	0.0	1	43 40
70	96	0.0	1	54 42
71	98	0.0	1	56 42
72	119	0.0	1	65 54
73	169	0.0	1	98 71
74	228	0.0	1	125 103
75	197	0.0	1	120 77
76	184	0.0	1	99 85
77	259	0.0	1	137 122
78	482	0.0	1	280 202
79	323	0.0	1	192 131
80	781	0.0	1	440 341
81	350	0.0	1	189 161
82	623	0.0	1	365 258
83	831	0.0	1	436 395
84	504	0.0	1	283 221
85	981	0.0	1	541 440
86	946	0.0	1	524 422
87	980	0.0	1	563 417
88	391	0.0	1	215 176
89	434	0.0	1	244 190
90	513	0.0	1	267 246
91	214	0.0	1	108 106
92	279	0.0	1	153 126
93	197	0.0	1	102 95
94	173	0.0	1	99 74
95	124	0.0	1	62 62
96	176	0.0	1	99 77
97	234	0.0	1	126 108
98	324	0.0	1	171 153
99	503	0.0	1	265 238
100	254	0.0	1	131 123
101	267	0.0	1	134 133
102	300	0.0	1	151 149
103	296	0.0	1	164 132
104	319	0.0	1	159 160
105	340	0.0	1	174 166
106	447	0.0	1	237 210
107	507	0.0	1	257 250
108	594	0.0	1	314 280
109	714	0.0	1	378 336
110	546	0.0	1	309 237
111	454	0.0	1	223 231
112	417	0.0	1	217 200
113	461	0.0	1	250 211
114	547	0.0	1	280 267
115	594	0.0	1	298 296
116	978	0.0	1	582 396
117	1131	0.0	1	627 504
118	1111	0.0	1	572 539
119	1477	0.0	1	793 684
120	1224	0.0	1	679 545
121	1634	0.0	1	899 735
122	1276	0.0	1	648 628
123	933	0.0	1	510 423
124	775	0.0	1	437 338
125	779	0.0	1	423 356
126	832	0.0	1	420 412
127	1007	0.0	1	543 464
128	1615	0.0	1	857 758
129	2579	0.0	1	1353 1226
130	1172	0.0	1	621 551
131	1155	0.0	1	676 479
132	1046	0.0	1	551 495
133	747	0.0	1	453 294
134	727	0.0	1	442 285
135	1338	0.0	1	805 533
136	1172	0.0	1	714 458
137	892	0.0	1	580 312
138	830	0.0	1	525 305
139	733	0.0	1	462 271
140	716	0.0	1	510 206
141	484	0.0	1	330 154
142	312	0.0	1	215 97
143	1384	0.0	1	1298 86
144	690	0.0	1	636 54
145	281	0.0	1	259 22
146	174	0.0	1	160 14
147	65	0.0	1	59 6
148	13	0.0	1	11 2
151	1	0.0	1	1
