This is cutadapt 5.2 with Python 3.12.13
Command line parameters: --cores 8 --adapter AACTGTAGGCACCATCAAT --action=none --output /dev/null data/fastq/SRR34661429.fastq.gz
Processing single-end reads on 8 cores ...

=== Summary ===

Total reads processed:              14,785,525
Reads with adapters:                14,521,261 (98.2%)
Reads written (passing filters):    14,785,525 (100.0%)

Total basepairs processed: 1,024,712,389 bp
Total written (filtered):  1,024,712,389 bp (100.0%)

=== Adapter 1 ===

Sequence: AACTGTAGGCACCATCAAT; Type: regular 3'; Length: 19; Trimmed: 14521261 times

Minimum overlap: 3
No. of allowed errors:
1-9 bp: 0; 10-19 bp: 1

Bases preceding removed adapters:
  A: 26.7%
  C: 20.1%
  G: 27.3%
  T: 25.9%
  none/other: 0.0%

Overview of removed sequences
length	count	expect	max.err	error counts
3	4420	231023.8	0	4420
4	2135	57756.0	0	2135
5	1930	14439.0	0	1930
6	2269	3609.7	0	2269
7	1917	902.4	0	1917
8	1540	225.6	0	1540
9	1878	56.4	0	1872 6
10	2264	14.1	1	1682 582
11	3534	3.5	1	3189 345
12	3923	0.9	1	3608 315
13	4856	0.2	1	4530 326
14	3902	0.1	1	3588 314
15	6939	0.0	1	6400 539
16	3261	0.0	1	3015 246
17	4077	0.0	1	3777 300
18	7821	0.0	1	7359 462
19	9705	0.0	1	9022 683
20	6885	0.0	1	6436 449
21	8843	0.0	1	8365 478
22	4065	0.0	1	3845 220
23	2247	0.0	1	2110 137
24	4330	0.0	1	4098 232
25	3209	0.0	1	2965 244
26	2851	0.0	1	2535 316
27	3656	0.0	1	3232 424
28	5647	0.0	1	4959 688
29	12050	0.0	1	9447 2603
30	172267	0.0	1	103967 68300
31	13817333	0.0	1	13446404 370929
32	345532	0.0	1	303207 42325
33	3621	0.0	1	2585 1036
34	1935	0.0	1	1277 658
35	2028	0.0	1	1407 621
36	1641	0.0	1	1129 512
37	1882	0.0	1	1351 531
38	2142	0.0	1	1564 578
39	1665	0.0	1	1099 566
40	1624	0.0	1	1039 585
41	1732	0.0	1	1232 500
42	1989	0.0	1	1305 684
43	2190	0.0	1	1542 648
44	130	0.0	1	102 28
45	30	0.0	1	16 14
46	32	0.0	1	24 8
47	28	0.0	1	15 13
48	24	0.0	1	19 5
49	37	0.0	1	22 15
50	124	0.0	1	85 39
51	82	0.0	1	49 33
52	115	0.0	1	77 38
53	44	0.0	1	29 15
54	67	0.0	1	36 31
55	50	0.0	1	33 17
56	34	0.0	1	24 10
57	43	0.0	1	30 13
58	51	0.0	1	29 22
59	40	0.0	1	24 16
60	63	0.0	1	30 33
61	67	0.0	1	35 32
62	122	0.0	1	73 49
63	60	0.0	1	31 29
64	123	0.0	1	71 52
65	52	0.0	1	32 20
66	56	0.0	1	34 22
67	50	0.0	1	25 25
68	45	0.0	1	24 21
69	63	0.0	1	31 32
70	82	0.0	1	56 26
71	105	0.0	1	58 47
72	168	0.0	1	89 79
73	192	0.0	1	93 99
74	271	0.0	1	171 100
75	256	0.0	1	147 109
76	246	0.0	1	148 98
77	339	0.0	1	186 153
78	559	0.0	1	328 231
79	515	0.0	1	286 229
80	1263	0.0	1	756 507
81	429	0.0	1	219 210
82	612	0.0	1	351 261
83	750	0.0	1	412 338
84	611	0.0	1	316 295
85	771	0.0	1	406 365
86	761	0.0	1	391 370
87	594	0.0	1	336 258
88	361	0.0	1	214 147
89	466	0.0	1	250 216
90	504	0.0	1	282 222
91	167	0.0	1	77 90
92	192	0.0	1	110 82
93	233	0.0	1	131 102
94	207	0.0	1	106 101
95	152	0.0	1	76 76
96	193	0.0	1	109 84
97	305	0.0	1	160 145
98	377	0.0	1	199 178
99	350	0.0	1	195 155
100	317	0.0	1	165 152
101	272	0.0	1	140 132
102	313	0.0	1	152 161
103	305	0.0	1	155 150
104	297	0.0	1	164 133
105	309	0.0	1	166 143
106	473	0.0	1	250 223
107	448	0.0	1	249 199
108	538	0.0	1	304 234
109	749	0.0	1	393 356
110	537	0.0	1	282 255
111	637	0.0	1	337 300
112	368	0.0	1	195 173
113	376	0.0	1	195 181
114	563	0.0	1	317 246
115	455	0.0	1	232 223
116	799	0.0	1	495 304
117	843	0.0	1	447 396
118	791	0.0	1	415 376
119	1134	0.0	1	601 533
120	1543	0.0	1	836 707
121	2087	0.0	1	1159 928
122	1340	0.0	1	727 613
123	720	0.0	1	371 349
124	644	0.0	1	336 308
125	665	0.0	1	352 313
126	588	0.0	1	321 267
127	609	0.0	1	312 297
128	676	0.0	1	363 313
129	906	0.0	1	480 426
130	504	0.0	1	276 228
131	458	0.0	1	265 193
132	531	0.0	1	307 224
133	373	0.0	1	220 153
134	409	0.0	1	259 150
135	965	0.0	1	594 371
136	693	0.0	1	458 235
137	498	0.0	1	334 164
138	547	0.0	1	352 195
139	526	0.0	1	355 171
140	564	0.0	1	376 188
141	404	0.0	1	291 113
142	242	0.0	1	171 71
143	1134	0.0	1	1044 90
144	871	0.0	1	818 53
145	432	0.0	1	406 26
146	274	0.0	1	256 18
147	94	0.0	1	85 9
148	30	0.0	1	30
149	5	0.0	1	4 1
151	7	0.0	1	6 1
