This is cutadapt 5.2 with Python 3.12.13
Command line parameters: --cores 8 --adapter AACTGTAGGCACCATCAAT --action=none --output /dev/null data/fastq/SRR34661425.fastq.gz
Processing single-end reads on 8 cores ...

=== Summary ===

Total reads processed:              13,276,355
Reads with adapters:                13,114,493 (98.8%)
Reads written (passing filters):    13,276,355 (100.0%)

Total basepairs processed:   912,718,691 bp
Total written (filtered):    912,718,691 bp (100.0%)

=== Adapter 1 ===

Sequence: AACTGTAGGCACCATCAAT; Type: regular 3'; Length: 19; Trimmed: 13114493 times

Minimum overlap: 3
No. of allowed errors:
1-9 bp: 0; 10-19 bp: 1

Bases preceding removed adapters:
  A: 24.6%
  C: 19.8%
  G: 25.8%
  T: 29.8%
  none/other: 0.0%

Overview of removed sequences
length	count	expect	max.err	error counts
3	2450	207443.0	0	2450
4	1036	51860.8	0	1036
5	836	12965.2	0	836
6	1248	3241.3	0	1248
7	959	810.3	0	959
8	801	202.6	0	801
9	1043	50.6	0	1041 2
10	1252	12.7	1	918 334
11	2021	3.2	1	1806 215
12	2208	0.8	1	2015 193
13	2814	0.2	1	2617 197
14	2185	0.0	1	2008 177
15	3665	0.0	1	3388 277
16	1772	0.0	1	1615 157
17	2331	0.0	1	2159 172
18	4373	0.0	1	4065 308
19	6539	0.0	1	6071 468
20	4145	0.0	1	3874 271
21	5172	0.0	1	4849 323
22	1826	0.0	1	1712 114
23	1356	0.0	1	1262 94
24	3247	0.0	1	3033 214
25	2283	0.0	1	2074 209
26	1955	0.0	1	1699 256
27	2845	0.0	1	2465 380
28	4498	0.0	1	3863 635
29	10242	0.0	1	7649 2593
30	164794	0.0	1	92946 71848
31	12540299	0.0	1	12205605 334694
32	270399	0.0	1	230807 39592
33	3575	0.0	1	2574 1001
34	1394	0.0	1	884 510
35	1585	0.0	1	1107 478
36	1458	0.0	1	942 516
37	1763	0.0	1	1214 549
38	2032	0.0	1	1490 542
39	1926	0.0	1	1188 738
40	1320	0.0	1	873 447
41	2306	0.0	1	1613 693
42	2062	0.0	1	1297 765
43	1832	0.0	1	1233 599
44	81	0.0	1	64 17
45	17	0.0	1	12 5
46	14	0.0	1	11 3
47	15	0.0	1	10 5
48	22	0.0	1	10 12
49	21	0.0	1	14 7
50	96	0.0	1	68 28
51	63	0.0	1	41 22
52	42	0.0	1	27 15
53	39	0.0	1	29 10
54	71	0.0	1	47 24
55	27	0.0	1	20 7
56	22	0.0	1	12 10
57	27	0.0	1	17 10
58	29	0.0	1	15 14
59	30	0.0	1	20 10
60	45	0.0	1	28 17
61	72	0.0	1	43 29
62	123	0.0	1	80 43
63	46	0.0	1	24 22
64	148	0.0	1	83 65
65	50	0.0	1	23 27
66	61	0.0	1	39 22
67	34	0.0	1	20 14
68	42	0.0	1	26 16
69	47	0.0	1	23 24
70	73	0.0	1	43 30
71	87	0.0	1	47 40
72	164	0.0	1	105 59
73	193	0.0	1	114 79
74	254	0.0	1	149 105
75	240	0.0	1	137 103
76	250	0.0	1	137 113
77	325	0.0	1	181 144
78	681	0.0	1	390 291
79	425	0.0	1	218 207
80	1277	0.0	1	769 508
81	465	0.0	1	243 222
82	906	0.0	1	526 380
83	978	0.0	1	547 431
84	548	0.0	1	308 240
85	1140	0.0	1	617 523
86	1026	0.0	1	591 435
87	811	0.0	1	453 358
88	405	0.0	1	245 160
89	448	0.0	1	260 188
90	560	0.0	1	295 265
91	158	0.0	1	84 74
92	210	0.0	1	96 114
93	213	0.0	1	99 114
94	166	0.0	1	80 86
95	139	0.0	1	68 71
96	135	0.0	1	67 68
97	186	0.0	1	88 98
98	290	0.0	1	141 149
99	327	0.0	1	180 147
100	248	0.0	1	108 140
101	239	0.0	1	115 124
102	255	0.0	1	141 114
103	259	0.0	1	134 125
104	308	0.0	1	153 155
105	325	0.0	1	174 151
106	367	0.0	1	183 184
107	428	0.0	1	219 209
108	508	0.0	1	247 261
109	642	0.0	1	334 308
110	509	0.0	1	265 244
111	468	0.0	1	251 217
112	371	0.0	1	181 190
113	397	0.0	1	206 191
114	529	0.0	1	270 259
115	473	0.0	1	221 252
116	682	0.0	1	366 316
117	993	0.0	1	544 449
118	896	0.0	1	470 426
119	985	0.0	1	515 470
120	1378	0.0	1	749 629
121	1812	0.0	1	950 862
122	1307	0.0	1	647 660
123	756	0.0	1	408 348
124	638	0.0	1	336 302
125	569	0.0	1	286 283
126	576	0.0	1	293 283
127	705	0.0	1	373 332
128	1123	0.0	1	602 521
129	1824	0.0	1	958 866
130	750	0.0	1	439 311
131	599	0.0	1	327 272
132	566	0.0	1	328 238
133	361	0.0	1	228 133
134	332	0.0	1	209 123
135	877	0.0	1	549 328
136	608	0.0	1	396 212
137	430	0.0	1	298 132
138	372	0.0	1	226 146
139	345	0.0	1	231 114
140	326	0.0	1	227 99
141	273	0.0	1	175 98
142	154	0.0	1	108 46
143	792	0.0	1	732 60
144	509	0.0	1	461 48
145	231	0.0	1	214 17
146	116	0.0	1	100 16
147	56	0.0	1	53 3
148	14	0.0	1	12 2
151	1	0.0	1	1
