Sample	0	1	2	3	4	5	6	7	8	9	10	11	12	13	14	15	16	17	18	19	20	21	22	23	24	25	26	27	28	29	30	31	32	33	34	35	36	37	38	39	40	41	42	43	44	45	46	47	48	49	50	51	52	53	54	55	56	57	58	59	60	61	62	63	64	65	66	67	68	69	70	71	72	73
SRR34661416 - illumina_universal_adapter	(1, 1.639876550093309e-05)	(2, 9.839259300559854e-05)	(3, 0.0001639876550093309)	(4, 0.00024598148251399636)	(5, 0.0003443740755195949)	(6, 0.000360772841020528)	(7, 0.0005329598787803254)	(8, 0.006608702496876035)	(9, 0.006698895707131167)	(10, 0.010070481894123011)	(15, 0.010708393872109308)	(20, 0.011503733998904564)	(25, 0.07182659289408694)	(30, 0.568227063866632)	(35, 1.2219458119192788)	(40, 6.774064368434344)	(45, 16.99490326368231)	(50, 28.96188926897583)	(55, 45.63208057697417)	(60, 65.74354298608401)	(65, 78.66478463501268)	(70, 83.39119747065442)	(75, 87.92916553241874)	(80, 90.15806114115729)	(85, 92.03295167939757)	(90, 93.14139671565523)	(95, 94.63473553710877)	(100, 96.10542930328204)	(105, 97.1283367388103)	(110, 97.78132574179816)	(115, 97.99967202468999)	(120, 98.17835953309434)	(125, 98.2644481323446)	(130, 98.32921013706088)	(135, 98.3745346850289)	(140, 98.3999314531602)																																						
SRR34661416 - polya	(1, 0.0016808734638456416)	(2, 0.002845185814411891)	(3, 0.0049688259467827265)	(4, 0.006411917310864838)	(5, 0.008527358060485206)	(6, 0.010528007451599044)	(7, 0.01826822476803946)	(8, 0.027377739003807793)	(9, 0.03716780200786485)	(10, 0.07201353882079756)	(15, 0.15731663720355132)	(20, 0.19791342107766127)	(25, 0.21595370300523778)	(30, 0.23019439096624805)	(35, 0.24235899521484025)	(40, 0.25409559168385804)	(45, 0.264744950000164)	(50, 0.2775195883253908)	(55, 0.2832952335348195)	(60, 0.2861453389788816)	(65, 0.2879869203446364)	(70, 0.28933653874536325)	(75, 0.29056152652828293)	(80, 0.29123715566692143)	(85, 0.29177503517535197)	(90, 0.29211448962122133)	(95, 0.2924687029560415)	(100, 0.29266712801860273)	(105, 0.2928278359205119)	(110, 0.29301970147687284)	(115, 0.2931574511070807)	(120, 0.29327388234213736)	(125, 0.2933952332068442)	(130, 0.2935001853060501)	(135, 0.29370844962791204)	(140, 0.2937838839492163)																																						
SRR34661416 - polyg	(1, 0.0)	(2, 0.0)	(3, 0.001639876550093309)	(4, 0.0019022567981082383)	(5, 0.0020252475393652365)	(6, 0.0021154407496203685)	(7, 0.002336824083882965)	(8, 0.0023860203803857645)	(9, 0.00244341605963903)	(10, 0.0025237700105936027)	(15, 0.0025975644553478013)	(20, 0.002684477912502747)	(25, 0.0027189153200547064)	(30, 0.0027845103820584387)	(35, 0.002818947789610398)	(40, 0.002861584579912824)	(45, 0.0029320992715668364)	(50, 0.0030567298893739285)	(55, 0.003258434705035405)	(60, 0.00342406223659483)	(65, 0.0040816527331822465)	(70, 0.005508345331763425)	(75, 0.020787075148982787)	(80, 0.04258103449972286)	(85, 0.1622756238910335)	(90, 0.4504872073230327)	(95, 0.7562257913224293)	(100, 1.453475062397303)	(105, 2.2080593372930886)	(110, 5.803288608433557)	(115, 15.559657069015845)	(120, 26.505172170638993)	(125, 43.159474714743475)	(130, 61.53926684399198)	(135, 77.93014617859568)	(140, 81.47912765127042)																																						
SRR34661417 - illumina_universal_adapter	(1, 1.5934910352982962e-05)	(2, 0.00011951182764737223)	(3, 0.0002868283863536933)	(4, 0.0002868283863536933)	(5, 0.0004939822209424719)	(6, 0.0005258520416484378)	(7, 0.0006692662348252845)	(8, 0.012182238964855475)	(9, 0.012245978606267407)	(10, 0.014607532320579483)	(15, 0.014851336448980124)	(20, 0.015233774297451713)	(25, 0.06021165225978142)	(30, 0.5159166250433529)	(35, 1.480816877683389)	(40, 8.161776627773003)	(45, 19.793236570714868)	(50, 32.41353259513799)	(55, 46.76224213430915)	(60, 62.92034799613323)	(65, 74.29456430728276)	(70, 79.75893189570698)	(75, 84.77420909263512)	(80, 86.97668459689338)	(85, 88.67046517748024)	(90, 89.92191814252487)	(95, 92.15020820155495)	(100, 94.59473658756603)	(105, 96.37795981996419)	(110, 97.50275733705021)	(115, 97.78809102881279)	(120, 98.05970476276146)	(125, 98.1564041727475)	(130, 98.22580070733474)	(135, 98.27249477514209)	(140, 98.2954426395414)																																						
SRR34661417 - polya	(1, 0.0027009673048306124)	(2, 0.004174946512481536)	(3, 0.006597052886134947)	(4, 0.008644688866493258)	(5, 0.011265981619558956)	(6, 0.014739792076509241)	(7, 0.028125116773014932)	(8, 0.04114393853140201)	(9, 0.05327837276519854)	(10, 0.0947569444140132)	(15, 0.17089713306263637)	(20, 0.20530697847886784)	(25, 0.22208006511641765)	(30, 0.23595937203386583)	(35, 0.2471122157899186)	(40, 0.2585837577530311)	(45, 0.26820206964209153)	(50, 0.27824903061964734)	(55, 0.2827267404288355)	(60, 0.2850978550893594)	(65, 0.2867184354722577)	(70, 0.288103179181932)	(75, 0.2891899400680054)	(80, 0.28971738560068916)	(85, 0.29008866901191366)	(90, 0.2903452210685967)	(95, 0.2905953991611385)	(100, 0.29071491098878594)	(105, 0.2907882115764096)	(110, 0.29090931689509225)	(115, 0.2910065198482455)	(120, 0.2910686659986221)	(125, 0.29112921865796343)	(130, 0.29123757604836376)	(135, 0.2914670387574466)	(140, 0.29159292454923524)																																						
SRR34661417 - polyg	(1, 0.0)	(2, 0.0)	(3, 0.0013943046558860092)	(4, 0.0015934910352982962)	(5, 0.0016572306767102282)	(6, 0.00172097031812216)	(7, 0.001768775049181109)	(8, 0.0018086123250635664)	(9, 0.0018086123250635664)	(10, 0.0018468561099107255)	(15, 0.001865978002334305)	(20, 0.0018882868768284812)	(25, 0.0019121892423579554)	(30, 0.001956806991346308)	(35, 0.001980709356875782)	(40, 0.0020173596506876433)	(45, 0.002073131836923083)	(50, 0.0021193430769467342)	(55, 0.0021591803528291918)	(60, 0.0022516028328764927)	(65, 0.002618105770995101)	(70, 0.0037606388433039798)	(75, 0.006150875396251423)	(80, 0.020404652706994687)	(85, 0.03736577128670975)	(90, 0.07690984481867227)	(95, 0.12662357813790853)	(100, 0.5184423083343008)	(105, 1.0741770873676875)	(110, 4.750918627663212)	(115, 16.102732048347473)	(120, 27.701955667645258)	(125, 42.539905198437836)	(130, 56.83123631240998)	(135, 72.4180214593844)	(140, 76.68335397037015)																																						
SRR34661418 - illumina_universal_adapter	(1, 0.00012143111776476537)	(2, 0.00012143111776476537)	(3, 0.000277556840605178)	(4, 0.0008586914756222694)	(5, 0.0010928800598828884)	(6, 0.0013183949928745956)	(7, 0.0015178889720595672)	(8, 0.017937110824109627)	(9, 0.017980479080454186)	(10, 0.0224543484049589)	(15, 0.02315344469723319)	(20, 0.024556841472543122)	(25, 0.313417184411367)	(30, 2.2667702878871596)	(35, 3.45449325493509)	(40, 9.800375916045995)	(45, 19.885039426081843)	(50, 29.689040928358246)	(55, 42.3711281904942)	(60, 60.94398295800998)	(65, 74.41364122482364)	(70, 79.74819349528198)	(75, 84.48119509036644)	(80, 86.71424569158056)	(85, 88.49319768899235)	(90, 89.78038835406191)	(95, 91.89119771848277)	(100, 94.27721336401494)	(105, 95.94054905947262)	(110, 97.14781723228992)	(115, 97.44749882255185)	(120, 97.72806021595656)	(125, 97.8435811077467)	(130, 97.91855267985468)	(135, 97.96736105027509)	(140, 97.99402732373623)																																						
SRR34661418 - polya	(1, 0.003747017348169903)	(2, 0.005395011089263147)	(3, 0.008821103340483314)	(4, 0.010790022178526294)	(5, 0.01340079121046875)	(6, 0.016636063133772857)	(7, 0.028701112048829188)	(8, 0.04322947792425647)	(9, 0.05772314919460811)	(10, 0.1116246876401337)	(15, 0.2241479655517266)	(20, 0.27734520351421654)	(25, 0.3052466049160521)	(30, 0.3287660776968333)	(35, 0.34689400884885907)	(40, 0.3640608994402893)	(45, 0.3784366090533837)	(50, 0.39443255672351085)	(55, 0.40208271714269106)	(60, 0.40581585664883074)	(65, 0.4084630550161027)	(70, 0.4105221798273423)	(75, 0.4118700652345312)	(80, 0.41280335011106606)	(85, 0.4133844847460832)	(90, 0.41382857569105147)	(95, 0.4141807259325693)	(100, 0.41444267020089043)	(105, 0.41471155339022675)	(110, 0.4149440072442336)	(115, 0.41512441919062687)	(120, 0.4152597281504219)	(125, 0.4153638119656488)	(130, 0.4155355502607733)	(135, 0.41591198672584406)	(140, 0.41602300946208615)																																						
SRR34661418 - polyg	(1, 0.0)	(2, 0.0)	(3, 0.0016740146948999797)	(4, 0.0018388140690093042)	(5, 0.0018648350228160397)	(6, 0.0019082032791605987)	(7, 0.001942897884236246)	(8, 0.0020036134431186286)	(9, 0.002029634396925364)	(10, 0.0020886152255539642)	(15, 0.002125044560883394)	(20, 0.0021510655146901297)	(25, 0.002175351738243083)	(30, 0.0021892295802733415)	(35, 0.002244740948394377)	(40, 0.0022794355534700244)	(45, 0.002321069079560801)	(50, 0.0023869888292045306)	(55, 0.002484133723416343)	(60, 0.002579543887374373)	(65, 0.003805998176798503)	(70, 0.006071555888238269)	(75, 0.010417055173963087)	(80, 0.030722072794485633)	(85, 0.04456348548941511)	(90, 0.07152119363319302)	(95, 0.13086284615458008)	(100, 1.7749204843019921)	(105, 2.8666521527568767)	(110, 6.536389002851029)	(115, 16.650069345841892)	(120, 26.009903575018843)	(125, 38.133230752950986)	(130, 53.31117678028861)	(135, 72.06835184145953)	(140, 76.79763590961015)																																						
SRR34661419 - illumina_universal_adapter	(1, 2.942195854916792e-05)	(2, 0.00010788051468028236)	(3, 0.00022556834887695404)	(4, 0.000578631851466969)	(5, 0.000578631851466969)	(6, 0.0006276684490489156)	(7, 0.0009807319516389305)	(8, 0.013357569181322235)	(9, 0.01343602773745335)	(10, 0.018259267475613607)	(15, 0.01891831934711497)	(20, 0.020373725563347145)	(25, 0.3000392488927046)	(30, 2.191563233771387)	(35, 3.4245767111860133)	(40, 12.685771717377374)	(45, 27.603991422126057)	(50, 40.83866900551622)	(55, 56.428907819630844)	(60, 75.10638097552622)	(65, 87.29522365886376)	(70, 90.71601866764426)	(75, 93.75917695405448)	(80, 95.10105952395664)	(85, 96.0852848428073)	(90, 96.6104942634046)	(95, 97.12755576294767)	(100, 97.6286705609571)	(105, 97.9573726818684)	(110, 98.18360400554467)	(115, 98.26582072651445)	(120, 98.32660060848534)	(125, 98.35871761843761)	(130, 98.3834281406911)	(135, 98.40215227511177)	(140, 98.41318550956773)																																						
SRR34661419 - polya	(1, 0.0015005198860075638)	(2, 0.0026087469913595555)	(3, 0.004491752338506302)	(4, 0.006100152739194148)	(5, 0.007845855613111444)	(6, 0.010582097758184061)	(7, 0.019683290269393337)	(8, 0.029598490300462924)	(9, 0.04058268815881895)	(10, 0.0762381789926039)	(15, 0.15901980156654277)	(20, 0.197282077927784)	(25, 0.21393490646661303)	(30, 0.226725612579888)	(35, 0.23529132544550238)	(40, 0.24325290742890723)	(45, 0.25005526424547486)	(50, 0.25753628757257657)	(55, 0.26047456049968687)	(60, 0.2618475852319814)	(65, 0.2628243942558137)	(70, 0.26361486420883473)	(75, 0.26420526484372137)	(80, 0.26461521079950645)	(85, 0.26480547279812433)	(90, 0.26489373867377186)	(95, 0.26500161918845216)	(100, 0.26511930702264885)	(105, 0.26519580411487664)	(110, 0.2653232992685898)	(115, 0.2654527558862061)	(120, 0.26550571541159457)	(125, 0.2655665207925962)	(130, 0.2657077461936322)	(135, 0.26585681745028134)	(140, 0.26590585404786327)																																						
SRR34661419 - polyg	(1, 0.0)	(2, 0.0)	(3, 0.0014612906079420065)	(4, 0.0016574369982697928)	(5, 0.0016770516373025713)	(6, 0.0016966662763353499)	(7, 0.0017260882348845178)	(8, 0.001765317512950075)	(9, 0.001794739471499243)	(10, 0.0018202385022418552)	(15, 0.0018692750998238017)	(20, 0.0019006585222762474)	(25, 0.0019281190169221376)	(30, 0.0019516565837614716)	(35, 0.001992847325730307)	(40, 0.0020850361291843665)	(45, 0.0021262268711532014)	(50, 0.0022478376331564287)	(55, 0.002336103508803933)	(60, 0.002442022559580937)	(65, 0.0035031745312542597)	(70, 0.005776511195153301)	(75, 0.01415000059824649)	(80, 0.03324092876884992)	(85, 0.07013606478950649)	(90, 0.15476538636033305)	(95, 0.2912813125645689)	(100, 1.9644963264723287)	(105, 3.113337503405592)	(110, 8.270998991219113)	(115, 23.751868539550863)	(120, 36.54666626652803)	(125, 52.45522125018609)	(130, 68.94052115703617)	(135, 86.18481736711524)	(140, 89.59684659371197)																																						
SRR34661420 - illumina_universal_adapter	(1, 0.00016230898160284502)	(2, 0.00028404071780497876)	(3, 0.0004463496994078238)	(4, 0.0006248895791709533)	(5, 0.0008196603570943674)	(6, 0.0008521221534149363)	(7, 0.0011199319730596307)	(8, 0.017034327619218585)	(9, 0.01709113576277958)	(10, 0.019920181312117168)	(15, 0.020296738149435768)	(20, 0.021056344183337083)	(25, 0.08285548892862034)	(30, 0.7151982965347763)	(35, 1.6562982336643923)	(40, 8.399897193491054)	(45, 21.2341130954376)	(50, 35.33807378355302)	(55, 51.54858268956857)	(60, 66.02589623570574)	(65, 75.66002825637062)	(70, 80.63695238268367)	(75, 85.7434899693455)	(80, 87.89730093959858)	(85, 89.5593627651997)	(90, 90.76564473956185)	(95, 92.84820693616072)	(100, 95.13634157340866)	(105, 96.78268702032116)	(110, 97.77375702361685)	(115, 98.0154772975587)	(120, 98.25129439383966)	(125, 98.33773366508207)	(130, 98.39965129538392)	(135, 98.44038273431717)	(140, 98.4607508884185)																																						
SRR34661420 - polya	(1, 0.003822376516747)	(2, 0.005859354235862705)	(3, 0.010055041410296249)	(4, 0.014510422955294344)	(5, 0.018827841865930024)	(6, 0.022918028202321715)	(7, 0.03724991127785293)	(8, 0.052839688960806194)	(9, 0.06889204724132757)	(10, 0.11913154631685619)	(15, 0.2105050105999938)	(20, 0.2527848772177189)	(25, 0.272469710506512)	(30, 0.287991318417192)	(35, 0.30143861754298773)	(40, 0.3163499436828411)	(45, 0.32798100530450097)	(50, 0.34033434189429357)	(55, 0.3464209287044002)	(60, 0.3495762153067595)	(65, 0.3519085953723924)	(70, 0.3538205951756739)	(75, 0.3552424218545149)	(80, 0.3558332265475492)	(85, 0.356281199336773)	(90, 0.3566366560064833)	(95, 0.3569304352631844)	(100, 0.3571170905920277)	(105, 0.35730374592087094)	(110, 0.35749040124971426)	(115, 0.3576251177044446)	(120, 0.35773711090175053)	(125, 0.3578361193805283)	(130, 0.3579399971287541)	(135, 0.35817372206226217)	(140, 0.35828896143920025)																																						
SRR34661420 - polyg	(1, 0.0)	(2, 0.0)	(3, 0.001679897959589446)	(4, 0.0018422069411922909)	(5, 0.0018908996356731445)	(6, 0.0019233614319937135)	(7, 0.0020126313718752784)	(8, 0.0020613240663561318)	(9, 0.002069439515436274)	(10, 0.0020791780543324445)	(15, 0.0021051474913889)	(20, 0.00214734782660564)	(25, 0.0021976636109025216)	(30, 0.0022658333831757165)	(35, 0.002317772257288627)	(40, 0.0023323800656328826)	(45, 0.0023810727601137364)	(50, 0.002532020113004382)	(55, 0.002692706004791199)	(60, 0.0028176839206253894)	(65, 0.003148794243095193)	(70, 0.004203802623513686)	(75, 0.006580006114179337)	(80, 0.024101260678206456)	(85, 0.02921886286814416)	(90, 0.03784396215051934)	(95, 0.05630011644857885)	(100, 0.541693241380967)	(105, 1.1114156207949293)	(110, 4.6061682119969545)	(115, 16.77288031165272)	(120, 29.69302908081908)	(125, 46.65981019425383)	(130, 60.607777343240556)	(135, 74.08118224563728)	(140, 77.76861182890003)																																						
SRR34661421 - illumina_universal_adapter	(1, 7.000053060402198e-05)	(2, 0.00017500132651005496)	(3, 0.001022007746818721)	(4, 0.0012880097631140044)	(5, 0.0014560110365636572)	(6, 0.0016870127875569297)	(7, 0.002310017509932725)	(8, 0.026663202107071973)	(9, 0.026768202902978006)	(10, 0.028743617876623506)	(15, 0.0290376201051604)	(20, 0.029468823373681174)	(25, 0.05343560504188623)	(30, 0.3817380935747493)	(35, 1.2244296811769833)	(40, 5.67560102105574)	(45, 14.76166149339412)	(50, 27.563917134491874)	(55, 43.157574134411945)	(60, 62.71914261110099)	(65, 76.29302250111054)	(70, 82.12453710399124)	(75, 86.94129041498135)	(80, 88.91820199997116)	(85, 90.34742243346204)	(90, 91.41208010356716)	(95, 93.29408496916406)	(100, 95.37611495095132)	(105, 96.93195514421998)	(110, 97.91203397321752)	(115, 98.16160546496943)	(120, 98.38644716926954)	(125, 98.47097981002695)	(130, 98.53073506297177)	(135, 98.57017896195653)	(140, 98.58969230986771)																																						
SRR34661421 - polya	(1, 0.0013020098692348087)	(2, 0.002366017934415943)	(3, 0.004508034170899016)	(4, 0.006041045791127097)	(5, 0.008162061868428962)	(6, 0.010143076884522784)	(7, 0.016667126336817634)	(8, 0.0242061834828708)	(9, 0.03213024354724609)	(10, 0.061219664045053454)	(15, 0.11228085108885126)	(20, 0.13519622478738388)	(25, 0.14544010243597644)	(30, 0.15302115990039206)	(35, 0.1592008067421151)	(40, 0.16632826076821663)	(45, 0.17210890458549674)	(50, 0.17805894968683864)	(55, 0.1806895696269378)	(60, 0.18209238026024235)	(65, 0.18321098873929467)	(70, 0.18404259504287043)	(75, 0.1846305994999442)	(80, 0.18490780160113612)	(85, 0.18508560294887036)	(90, 0.18521580393579384)	(95, 0.185323604752924)	(100, 0.18542860554883006)	(105, 0.18557140663126226)	(110, 0.18566520734227168)	(115, 0.18574500794716026)	(120, 0.1858402086687817)	(125, 0.1859046091569374)	(130, 0.18598160974060185)	(135, 0.18612581083364613)	(140, 0.18618741130057767)																																						
SRR34661421 - polyg	(1, 0.0)	(2, 0.0)	(3, 0.001414010718201244)	(4, 0.0015680118855300924)	(5, 0.0016310123630737122)	(6, 0.0016520125222549188)	(7, 0.0017150129997985386)	(8, 0.0017500132651005495)	(9, 0.0017640133712213538)	(10, 0.001808813710807928)	(15, 0.0018494140185582608)	(20, 0.0018732141989636283)	(25, 0.0018928143475327544)	(30, 0.001913814506713961)	(35, 0.0019740149630334196)	(40, 0.0020146152707837526)	(45, 0.002063615642206568)	(50, 0.0021462162683193137)	(55, 0.002241416989940784)	(60, 0.0023716179768642647)	(65, 0.0027566208951863855)	(70, 0.0038962295334198636)	(75, 0.007588057517475983)	(80, 0.03235284523456688)	(85, 0.036579477272437724)	(90, 0.04483813987310024)	(95, 0.061992469902921864)	(100, 0.3108051559030818)	(105, 0.7950254262927313)	(110, 3.457898810872986)	(115, 11.458437254954394)	(120, 22.68940778571102)	(125, 38.3612119779868)	(130, 55.41667745841513)	(135, 73.8392141012429)	(140, 79.00642786872325)																																						
SRR34661422 - illumina_universal_adapter	(1, 2.838144319070996e-05)	(2, 8.514432957212988e-05)	(3, 0.0002554329887163896)	(4, 0.00043991236945600435)	(5, 0.000695345358172394)	(6, 0.0008940154605073638)	(7, 0.001156543810021431)	(8, 0.014190721595354979)	(9, 0.0142474844817364)	(10, 0.01666842158590396)	(15, 0.016928111791098953)	(20, 0.017369443232714495)	(25, 0.05029191733393805)	(30, 0.40945766184021304)	(35, 1.2770414843040687)	(40, 7.395571189315862)	(45, 18.634496395414807)	(50, 31.00521253585641)	(55, 46.765856499449825)	(60, 64.54288421875394)	(65, 76.4395138939936)	(70, 82.25398894088684)	(75, 87.45654304372246)	(80, 89.90820306014396)	(85, 91.9593853033508)	(90, 93.18191880693493)	(95, 94.76864157047014)	(100, 96.28229630851084)	(105, 97.29945601287837)	(110, 97.94565606402173)	(115, 98.16136354670408)	(120, 98.32074805537448)	(125, 98.39974780249581)	(130, 98.4616633398885)	(135, 98.50689910311802)	(140, 98.5314518896223)																																						
SRR34661422 - polya	(1, 0.0016886958698472425)	(2, 0.0031787216373595152)	(3, 0.006130391729193351)	(4, 0.007932613371803433)	(5, 0.01054370614534875)	(6, 0.013374755103622068)	(7, 0.02354240712669391)	(8, 0.034838221516596476)	(9, 0.047077718892590145)	(10, 0.08770007853145331)	(15, 0.15640019991888585)	(20, 0.188547860621003)	(25, 0.20476501726017465)	(30, 0.21802198937455533)	(35, 0.22918299190930197)	(40, 0.24036244238212262)	(45, 0.25033568151933816)	(50, 0.2618585474547664)	(55, 0.2673631283616046)	(60, 0.27002105051641456)	(65, 0.27173528968513344)	(70, 0.2732820783390271)	(75, 0.2744187551388151)	(80, 0.2749906412191079)	(85, 0.27530283709420567)	(90, 0.27562496647442025)	(95, 0.2757909979170859)	(100, 0.27591303812280593)	(105, 0.27608048863763107)	(110, 0.27623374843086096)	(115, 0.27635578863658106)	(120, 0.27643099946103644)	(125, 0.2764849242030987)	(130, 0.2765814211099472)	(135, 0.27676164327420816)	(140, 0.27682550152138724)																																						
SRR34661422 - polyg	(1, 0.0)	(2, 0.0)	(3, 0.001376499994749433)	(4, 0.0015893608186797576)	(5, 0.0016248376226681452)	(6, 0.0016957912306449201)	(7, 0.0017880309210147275)	(8, 0.0018306030858007923)	(9, 0.0018802706113845349)	(10, 0.001908652054575245)	(15, 0.0019966345284664457)	(20, 0.0020108252500618)	(25, 0.0020562355591669363)	(30, 0.0020732644250813625)	(35, 0.0020988077239530016)	(40, 0.002142798960898602)	(45, 0.002196723702960951)	(50, 0.0023074113314047197)	(55, 0.002437965970081985)	(60, 0.00252169122749458)	(65, 0.0028253726696351763)	(70, 0.0038754860676914445)	(75, 0.007139352034623091)	(80, 0.0232742024885417)	(85, 0.049003399813079815)	(90, 0.11567992430101473)	(95, 0.20204181778602606)	(100, 0.5594649416803914)	(105, 1.107739080310686)	(110, 4.425165087759679)	(115, 15.132693180421686)	(120, 26.517269114831038)	(125, 42.14996385623209)	(130, 58.405774601957354)	(135, 74.58685416961715)	(140, 78.9709399565026)																																						
SRR34661423 - illumina_universal_adapter	(1, 1.936555723325833e-05)	(2, 5.809667169977499e-05)	(3, 0.0002808005798822458)	(4, 0.0003195316943487625)	(5, 0.0004163594805150541)	(6, 0.000639063388697525)	(7, 0.0007939878465635916)	(8, 0.009460074708446694)	(9, 0.009469757487063324)	(10, 0.01344937949849791)	(15, 0.01371468763259355)	(20, 0.0147003944957664)	(25, 0.16725838126792889)	(30, 2.15514057748479)	(35, 3.755053200090553)	(40, 9.444640359331789)	(45, 19.500020043351736)	(50, 32.29618961359323)	(55, 46.05702924218508)	(60, 60.43863568100047)	(65, 71.11840934411376)	(70, 77.01694118312322)	(75, 82.01548392494144)	(80, 84.25331349525649)	(85, 85.88347705481634)	(90, 87.26894905251106)	(95, 90.1383146194271)	(100, 93.49595947331107)	(105, 95.84237365958874)	(110, 97.27621307302925)	(115, 97.6163574664971)	(120, 97.91734857635075)	(125, 98.01911070650007)	(130, 98.09412512899881)	(135, 98.14596478915652)	(140, 98.1706616842961)																																						
SRR34661423 - polya	(1, 0.0052480660102130075)	(2, 0.007920512908402658)	(3, 0.012577929423001285)	(4, 0.01659628254890239)	(5, 0.021515134086150006)	(6, 0.027082731790711776)	(7, 0.042875343714433946)	(8, 0.05952004015641948)	(9, 0.07634870939212096)	(10, 0.13028372284246875)	(15, 0.21966545225257256)	(20, 0.25733920729415327)	(25, 0.2748437344772955)	(30, 0.28825631941705027)	(35, 0.3011092397527638)	(40, 0.31440369479339564)	(45, 0.3257596575549783)	(50, 0.338078088511054)	(55, 0.34404461669462083)	(60, 0.34719539285647194)	(65, 0.34933335037502367)	(70, 0.35141902088904564)	(75, 0.353043791140916)	(80, 0.35379711131728975)	(85, 0.35420185146346483)	(90, 0.35464338616838315)	(95, 0.3550132683115384)	(100, 0.35517981210374433)	(105, 0.3554354374592234)	(110, 0.3556697607017459)	(115, 0.35579563682376203)	(120, 0.355962180615968)	(125, 0.3560493256235177)	(130, 0.35616164585547055)	(135, 0.3564366367681829)	(140, 0.3566264192290688)																																						
SRR34661423 - polyg	(1, 0.0)	(2, 0.0)	(3, 0.001820362379926283)	(4, 0.001984969616408979)	(5, 0.002033383509492125)	(6, 0.0021398940742750456)	(7, 0.002275452974907854)	(8, 0.002343232425224258)	(9, 0.002401329096924033)	(10, 0.0025020299945369764)	(15, 0.0026240330051065038)	(20, 0.0026608275638496945)	(25, 0.0026763200096363016)	(30, 0.0027014952340395373)	(35, 0.002759591905739312)	(40, 0.0028157520217157615)	(45, 0.002875785249138862)	(50, 0.0030384559298982316)	(55, 0.003489673413433151)	(60, 0.003658153761362499)	(65, 0.004082259464770856)	(70, 0.005921987401930397)	(75, 0.13302201263525146)	(80, 0.24355093054407337)	(85, 0.5439843123493965)	(90, 1.0532674826925175)	(95, 1.7695916985278497)	(100, 3.542355475330507)	(105, 5.2288089001002565)	(110, 9.286952436448534)	(115, 18.099206651216825)	(120, 29.806555512241253)	(125, 44.04526350423244)	(130, 57.89790942999999)	(135, 70.25691510159075)	(140, 74.42565146218672)																																						
SRR34661424 - illumina_universal_adapter	(1, 0.0)	(2, 0.0)	(3, 0.0)	(4, 5.578846309088281e-06)	(5, 5.578846309088281e-06)	(6, 5.578846309088281e-06)	(7, 5.578846309088281e-06)	(8, 5.578846309088281e-06)	(9, 5.578846309088281e-06)	(10, 5.578846309088281e-06)	(15, 5.578846309088281e-06)	(20, 5.578846309088281e-06)	(25, 7.810384832723595e-06)	(30, 7.810384832723594e-05)	(35, 0.0035347570214383345)	(40, 0.021875772147196968)	(45, 0.03555621906634325)	(50, 0.051194841039979525)	(55, 0.06985161886683254)	(60, 0.0874606893568388)	(65, 0.10726559375410219)	(70, 0.11623861015763978)	(75, 0.12445848230945045)	(80, 0.1304512790146731)	(85, 0.1357467199312597)	(90, 0.13930267656867257)	(95, 0.14969048839619492)	(100, 0.16080466601316062)	(105, 0.16790430582610638)	(110, 0.1711846674558503)	(115, 0.1721922070992716)	(120, 0.17388148176166354)	(125, 0.1746123106281541)	(130, 0.17566782834983363)	(135, 0.17623240759631337)	(140, 0.1763361741376624)																																						
SRR34661425 - illumina_universal_adapter	(1, 0.0)	(2, 0.0)	(3, 0.0)	(4, 0.0)	(5, 7.532187863310374e-06)	(6, 7.532187863310374e-06)	(7, 7.532187863310374e-06)	(8, 7.532187863310374e-06)	(9, 7.532187863310374e-06)	(10, 1.0545063008634522e-05)	(15, 1.5064375726620748e-05)	(20, 1.5064375726620748e-05)	(25, 1.5064375726620748e-05)	(30, 0.0001476308821208833)	(35, 0.0024419353052852234)	(40, 0.01404451748992852)	(45, 0.0229430442316434)	(50, 0.03570407690966383)	(55, 0.05673093254888108)	(60, 0.07731338910416301)	(65, 0.09845021468618458)	(70, 0.10977711879503071)	(75, 0.12049240924937606)	(80, 0.12646392778740853)	(85, 0.1315873219720322)	(90, 0.13671523546937392)	(95, 0.15168922494163498)	(100, 0.17240123512816583)	(105, 0.1844919030863516)	(110, 0.18862707422330902)	(115, 0.18988946890919986)	(120, 0.1915405244888375)	(125, 0.19232387202662177)	(130, 0.19327744701011684)	(135, 0.19380168728540328)	(140, 0.19386345122588242)																																						
SRR34661425 - polya	(1, 0.006650921883303061)	(2, 0.008308003213231342)	(3, 0.01269173654967798)	(4, 0.014235835061656607)	(5, 0.015569032313462542)	(6, 0.01896604903981552)	(7, 0.036742012397228005)	(8, 0.0636771161964259)	(9, 0.087923228928422)	(10, 0.1678548065338717)	(15, 0.3217946492090638)	(20, 0.37358296008204056)	(25, 0.39572006021230977)	(30, 0.4103671527313032)	(35, 0.4239401552609884)	(40, 0.43513901217615836)	(45, 0.4427661056065463)	(50, 0.45006630208366677)	(55, 0.45464436586698687)	(60, 0.4573845758116592)	(65, 0.45929624509136724)	(70, 0.4614007383803763)	(75, 0.46304124889700526)	(80, 0.4637809097451823)	(85, 0.4642705019562975)	(90, 0.4646651886003349)	(95, 0.4650613816819451)	(100, 0.4653174760692977)	(105, 0.46571969490119847)	(110, 0.466078227043492)	(115, 0.46634938580657115)	(120, 0.46663259607023166)	(125, 0.4669399093350547)	(130, 0.46717039428367196)	(135, 0.467491265486649)	(140, 0.4676509478693512)																																						
SRR34661426 - illumina_universal_adapter	(1, 0.0)	(2, 0.0)	(3, 0.0)	(4, 0.0)	(5, 0.0)	(6, 0.0)	(7, 0.0)	(8, 0.0)	(9, 0.0)	(10, 0.0)	(15, 0.0)	(20, 0.0)	(25, 3.1934671880427646e-06)	(30, 8.782034767117602e-05)	(35, 0.0038848528342540238)	(40, 0.02306960696642093)	(45, 0.03785695678065295)	(50, 0.05647806395413031)	(55, 0.07638773513798293)	(60, 0.09101381485921879)	(65, 0.107458574144045)	(70, 0.11543745191336988)	(75, 0.12188825563321623)	(80, 0.12557830696899966)	(85, 0.12870471134609351)	(90, 0.13193330667320474)	(95, 0.14146101602873035)	(100, 0.15428438352231608)	(105, 0.162268051492423)	(110, 0.16513259156009735)	(115, 0.16602356890556128)	(120, 0.16690336911586706)	(125, 0.16735364798938107)	(130, 0.16803066303324615)	(135, 0.16835160648564446)	(140, 0.16844741050128573)																																						
SRR34661426 - polya	(1, 0.006227261016683391)	(2, 0.007560533567691245)	(3, 0.010426670368959627)	(4, 0.011464547205073524)	(5, 0.012733950412320524)	(6, 0.015775727908931256)	(7, 0.030713170681001288)	(8, 0.054919651966365446)	(9, 0.0747430995361409)	(10, 0.13845915687197013)	(15, 0.24171193472936287)	(20, 0.27354441565977317)	(25, 0.2874136436574428)	(30, 0.2954084887627079)	(35, 0.3024676479818765)	(40, 0.3078933487343611)	(45, 0.31151314379200756)	(50, 0.3150099903629144)	(55, 0.3170059073554411)	(60, 0.3183455668408251)	(65, 0.31946008688945204)	(70, 0.3208236973787463)	(75, 0.3218216558750096)	(80, 0.3223278204243144)	(85, 0.322672714880623)	(90, 0.3230814786806925)	(95, 0.3234279698705951)	(100, 0.32368025377845056)	(105, 0.3240538894394515)	(110, 0.3244291218340466)	(115, 0.3247101469465943)	(120, 0.3250997499435355)	(125, 0.3254701921373485)	(130, 0.32575121724989625)	(135, 0.32602266196087987)	(140, 0.32615678758277766)																																						
SRR34661427 - illumina_universal_adapter	(1, 0.0)	(2, 0.0)	(3, 0.0)	(4, 0.0)	(5, 6.874182659681764e-06)	(6, 6.874182659681764e-06)	(7, 6.874182659681764e-06)	(8, 6.874182659681764e-06)	(9, 6.874182659681764e-06)	(10, 6.874182659681764e-06)	(15, 6.874182659681764e-06)	(20, 6.874182659681764e-06)	(25, 1.2373528787427177e-05)	(30, 0.0001567313646407442)	(35, 0.0036680638672061893)	(40, 0.022400211614839)	(45, 0.03472424628711646)	(50, 0.04835437566473346)	(55, 0.06859196941483657)	(60, 0.08325047651834197)	(65, 0.09777287480518566)	(70, 0.10701590080939376)	(75, 0.1161613134198344)	(80, 0.12139806576997994)	(85, 0.12617424788192685)	(90, 0.13081157150414818)	(95, 0.1443097165746993)	(100, 0.16283701367907355)	(105, 0.17386732717479894)	(110, 0.17787635050192532)	(115, 0.17910545436147643)	(120, 0.18083224904558848)	(125, 0.18165165161862254)	(130, 0.18276664404602294)	(135, 0.1834540623119911)	(140, 0.18364378975339832)																																						
SRR34661427 - polya	(1, 0.007149149966069034)	(2, 0.009252649859931654)	(3, 0.013205304889248669)	(4, 0.014855108727572291)	(5, 0.01651866093121528)	(6, 0.02061567379638561)	(7, 0.0417675338402264)	(8, 0.0732031711429511)	(9, 0.1002324573608198)	(10, 0.1828835051512375)	(15, 0.3104009683248662)	(20, 0.3506823038740694)	(25, 0.3682623386079395)	(30, 0.37959924065028666)	(35, 0.38994763522617165)	(40, 0.3982598968982588)	(45, 0.4041716939855851)	(50, 0.4096132969789892)	(55, 0.41313287850074626)	(60, 0.4157794388247237)	(65, 0.4177317067000733)	(70, 0.42004143207372646)	(75, 0.42176685192130653)	(80, 0.42279935415679076)	(85, 0.42360638320103733)	(90, 0.42430480015926103)	(95, 0.4249372249639518)	(100, 0.42551328147083306)	(105, 0.4262350706500997)	(110, 0.42704209969434637)	(115, 0.4277460159986977)	(120, 0.4283165731594513)	(125, 0.4288678826087578)	(130, 0.42947006100974594)	(135, 0.43023996946763027)	(140, 0.4305644308891673)																																						
SRR34661428 - illumina_universal_adapter	(1, 0.0)	(2, 0.0)	(3, 0.0)	(4, 0.0)	(5, 0.0)	(6, 0.0)	(7, 0.0)	(8, 0.0)	(9, 0.0)	(10, 0.0)	(15, 0.0)	(20, 0.0)	(25, 0.0)	(30, 6.301435763328418e-05)	(35, 0.00251399071572789)	(40, 0.018519637554582073)	(45, 0.031171415746864745)	(50, 0.04246697448083105)	(55, 0.056295334186535186)	(60, 0.07539903019022579)	(65, 0.09426947901939314)	(70, 0.10247075063972506)	(75, 0.11085071969215135)	(80, 0.11615615239975367)	(85, 0.12164874715465487)	(90, 0.12514463323410138)	(95, 0.1317460925807883)	(100, 0.13891185960777325)	(105, 0.14346676310057913)	(110, 0.14557539279929294)	(115, 0.14676796303032283)	(120, 0.1478269804436822)	(125, 0.14872611068095715)	(130, 0.1500785680880715)	(135, 0.15102378345257078)	(140, 0.15131910447192676)																																						
SRR34661428 - polya	(1, 0.008196569056329428)	(2, 0.009757820305154081)	(3, 0.013764404835270359)	(4, 0.015367979160117366)	(5, 0.016463676572696113)	(6, 0.01781331244140899)	(7, 0.02098754314308562)	(8, 0.02510698920926151)	(9, 0.0301904608959466)	(10, 0.050937232762105045)	(15, 0.10225631372121177)	(20, 0.14063864110948535)	(25, 0.17214864146452893)	(30, 0.19574798865459409)	(35, 0.21759610101013424)	(40, 0.23669039188581986)	(45, 0.25148653926323516)	(50, 0.267309726618793)	(55, 0.27824224741176756)	(60, 0.28581243494296615)	(65, 0.2911790009826007)	(70, 0.2981209259630675)	(75, 0.30402452481178577)	(80, 0.30770945396413213)	(85, 0.3102093369878526)	(90, 0.31230197796895787)	(95, 0.31444164459008805)	(100, 0.31622955942383246)	(105, 0.31857707937387236)	(110, 0.32092083727271037)	(115, 0.32254792441756985)	(120, 0.32388721464547726)	(125, 0.32517101461815534)	(130, 0.32668241868855363)	(135, 0.3288474791552973)	(140, 0.32992718785026753)																																						
SRR34661429 - illumina_universal_adapter	(1, 0.0)	(2, 0.0)	(3, 0.0)	(4, 0.0)	(5, 0.0)	(6, 0.0)	(7, 0.0)	(8, 0.0)	(9, 0.0)	(10, 0.0)	(15, 0.0)	(20, 0.0)	(25, 1.3526743216760986e-05)	(30, 0.00021642789146817577)	(35, 0.0040580229650282965)	(40, 0.020670216309532464)	(45, 0.03176349842159815)	(50, 0.04266199543134248)	(55, 0.05566931170857985)	(60, 0.07533449099710696)	(65, 0.09515928585559189)	(70, 0.10651633946038438)	(75, 0.11811416909443526)	(80, 0.12498034395126315)	(85, 0.13142042639676305)	(90, 0.1365605888191322)	(95, 0.1476944511608482)	(100, 0.1628741623986974)	(105, 0.17339255792405073)	(110, 0.17723144764896748)	(115, 0.17852325162616817)	(120, 0.17999631396247345)	(125, 0.1808295613446259)	(130, 0.18212677601911328)	(135, 0.18301142502548945)	(140, 0.18321973687102758)																																						
SRR34661429 - polya	(1, 0.007717007005162143)	(2, 0.009414613278865648)	(3, 0.014453325127109114)	(4, 0.01602242734025339)	(5, 0.017341284803887587)	(6, 0.019404113144443638)	(7, 0.023211891359961854)	(8, 0.02927187232107078)	(9, 0.035291273052529416)	(10, 0.06147093187424864)	(15, 0.14234191886997588)	(20, 0.2027861709340723)	(25, 0.24775041806090753)	(30, 0.2830646865769054)	(35, 0.3172156551762619)	(40, 0.34533234362662124)	(45, 0.3655521193870356)	(50, 0.384915652301829)	(55, 0.3970193821321867)	(60, 0.4042101988262169)	(65, 0.408774121987552)	(70, 0.4144039525143679)	(75, 0.41869057743975946)	(80, 0.42109292703505624)	(85, 0.42275671645071783)	(90, 0.4240160562441983)	(95, 0.4251969409270215)	(100, 0.42620468329667016)	(105, 0.42763446005468186)	(110, 0.42902500925736486)	(115, 0.42990424756645435)	(120, 0.4306225176312643)	(125, 0.43143412222427)	(130, 0.43236070413461813)	(135, 0.4337296105481544)	(140, 0.4342828543457199)																																						
SRR34661430 - illumina_universal_adapter	(1, 0.0)	(2, 0.0)	(3, 0.0)	(4, 0.0)	(5, 0.0)	(6, 0.0)	(7, 0.0)	(8, 0.0)	(9, 0.0)	(10, 0.0)	(15, 0.0)	(20, 8.627664303621312e-06)	(25, 1.078458037952664e-05)	(30, 0.00013265033866817767)	(35, 0.002282017208307837)	(40, 0.01602049415378682)	(45, 0.02847991986625395)	(50, 0.04440874508681479)	(55, 0.06558319020397739)	(60, 0.081677019504345)	(65, 0.0991696088799372)	(70, 0.10853386002348017)	(75, 0.11714858283064607)	(80, 0.12233920136731224)	(85, 0.1268460775079164)	(90, 0.1307716647660641)	(95, 0.14074524470105035)	(100, 0.15226749037853662)	(105, 0.1585193116245482)	(110, 0.16108280638076172)	(115, 0.16212998913561374)	(120, 0.16316315193597236)	(125, 0.16370561632906258)	(130, 0.16459426575233557)	(135, 0.16516369159637456)	(140, 0.1652952634770048)																																						
SRR34661430 - polya	(1, 0.005688866150200302)	(2, 0.007317337787508825)	(3, 0.010051228913718827)	(4, 0.011819900095961197)	(5, 0.013561609827254748)	(6, 0.01617687056928996)	(7, 0.025510924887770264)	(8, 0.04205986348015389)	(9, 0.056554339510237694)	(10, 0.09891185740886652)	(15, 0.17656083614145832)	(20, 0.20103859822886996)	(25, 0.21172288201086698)	(30, 0.21827343613339148)	(35, 0.22435917484155832)	(40, 0.22919174530962422)	(45, 0.23247888540930398)	(50, 0.23565494433107453)	(55, 0.2379617660742553)	(60, 0.23962366991074036)	(65, 0.240747423186287)	(70, 0.2420857896113863)	(75, 0.24312434470193472)	(80, 0.24369700592008758)	(85, 0.24409280002001615)	(90, 0.24439692518671885)	(95, 0.24472261951418056)	(100, 0.24501811701657958)	(105, 0.24542469569688774)	(110, 0.2457762730172603)	(115, 0.24607284897769727)	(120, 0.2464567800392084)	(125, 0.24679541586312553)	(130, 0.24702512742520946)	(135, 0.24726885894178677)	(140, 0.24738748932596158)																																						
SRR34661431 - illumina_universal_adapter	(1, 0.0)	(2, 0.0)	(3, 0.0)	(4, 0.0)	(5, 0.0)	(6, 0.0)	(7, 0.0)	(8, 0.0)	(9, 0.0)	(10, 0.0)	(15, 0.0)	(20, 0.0)	(25, 2.3911560701589103e-06)	(30, 0.0001016241329817537)	(35, 0.0023732223996327183)	(40, 0.01608052457181867)	(45, 0.02971489648386478)	(50, 0.046735145391255895)	(55, 0.0674401658027619)	(60, 0.08438389771590794)	(65, 0.10314371266433968)	(70, 0.1124118335922756)	(75, 0.12066490876842909)	(80, 0.12644074625589793)	(85, 0.1322907095815417)	(90, 0.13693672582586047)	(95, 0.1490802119281625)	(100, 0.16299674025648736)	(105, 0.170756041704153)	(110, 0.1738011789595004)	(115, 0.17510914132987732)	(120, 0.17670284685063825)	(125, 0.1777214793365259)	(130, 0.17923388555090142)	(135, 0.18026925612928024)	(140, 0.1805681506380501)																																						
SRR34661431 - polya	(1, 0.005619216764873439)	(2, 0.00706586618731958)	(3, 0.009176061419234818)	(4, 0.010580865610453178)	(5, 0.012272608530090608)	(6, 0.014568118357443162)	(7, 0.024485438158427242)	(8, 0.040823012007788)	(9, 0.05540308614558195)	(10, 0.09529474286404305)	(15, 0.1591936065268996)	(20, 0.1790605267358149)	(25, 0.18734588251891554)	(30, 0.19292444963059627)	(35, 0.1980977157883851)	(40, 0.20214594301516414)	(45, 0.2052233608774586)	(50, 0.20825295561834997)	(55, 0.21093822388513842)	(60, 0.21310819801880765)	(65, 0.2145369137707276)	(70, 0.21627408865569805)	(75, 0.2176501989740745)	(80, 0.21840819544831486)	(85, 0.21900120215371427)	(90, 0.21944954391686905)	(95, 0.21989190778984846)	(100, 0.22017406420612723)	(105, 0.22063197059356265)	(110, 0.22105520521798075)	(115, 0.22139235822387318)	(120, 0.22173070680780066)	(125, 0.2220606863454826)	(130, 0.22236555874442784)	(135, 0.22273260120119726)	(140, 0.22289161307986283)																																						
SRR34661432 - polya	(1, 0.02438741232593343)	(2, 0.028365743885636778)	(3, 0.0342390085655089)	(4, 0.038491471498835216)	(5, 0.04210657898848813)	(6, 0.04773312543209958)	(7, 0.06044939452603508)	(8, 0.07259341437753263)	(9, 0.08151639058896029)	(10, 0.09504991384050926)	(12, 0.12361611629310784)	(14, 0.14804636164616986)	(16, 0.1789118409950311)	(18, 0.1982877891469196)	(20, 0.21217254322092305)	(22, 0.22489395227811396)	(24, 0.23476782169179627)	(26, 0.24376961067314057)	(28, 0.25269772684782366)	(30, 0.2637794876265322)	(32, 0.2741947665031199)	(34, 0.2955804402878818)	(36, 0.3149358285867486)	(38, 0.3276212579011515)	(40, 0.3500948905749796)	(42, 0.3775440076800646)	(44, 0.39551160589996504)	(46, 0.4077190186316129)	(48, 0.4324867882384482)	(50, 0.4554315842106908)	(52, 0.47044713020088896)	(54, 0.4852142446337413)	(56, 0.4909435903424614)	(58, 0.4975535830889452)	(60, 0.5030824702307035)	(62, 0.5100162806622794)	(64, 0.5152042169080941)	(66, 0.5195354926113371)	(68, 0.5222613864578005)	(70, 0.527101518523331)	(72, 0.5456259460959032)	(74, 0.5487801702136526)	(76, 0.5517664888650577)	(78, 0.5542919241445594)	(80, 0.5565329481239272)	(82, 0.5586129199212915)	(84, 0.5603193877220944)	(86, 0.5618134037083395)	(88, 0.563333119510862)	(90, 0.5646078303982087)	(92, 0.5660247469356224)	(94, 0.567582155802018)	(96, 0.5687746272772778)	(98, 0.569790626680768)	(100, 0.5709316985234736)	(102, 0.5720744836872643)	(104, 0.5732549619149283)	(106, 0.5747712510752803)	(108, 0.5762172940711414)	(110, 0.5777712762953666)	(112, 0.5791402198423964)	(114, 0.580269298437506)	(116, 0.5810402929258206)	(118, 0.5817427545707294)	(120, 0.5824040965095949)	(122, 0.5831956508509312)	(124, 0.5840386048248218)	(126, 0.5845885808931529)	(128, 0.58527048268504)	(130, 0.586058610384206)	(132, 0.587036916723823)	(134, 0.5881557153924217)	(136, 0.5899821156691849)	(138, 0.5917913827350965)
SRR34661432 - polyg	(1, 0.0)	(2, 0.0)	(3, 0.000774421130484889)	(4, 0.0012678576030062342)	(5, 0.0016173751043755205)	(6, 0.0018777999093173416)	(7, 0.0022718637589003604)	(8, 0.0024534757939255777)	(9, 0.002587114838566775)	(10, 0.002713900598867399)	(12, 0.0028766661019560373)	(14, 0.003008591825512091)	(16, 0.0031148177327909917)	(18, 0.0032021971081333134)	(20, 0.003296429767816209)	(22, 0.003371815895562526)	(24, 0.0034883217293522877)	(26, 0.003589407673375758)	(28, 0.003709340149335807)	(30, 0.0038087127722741337)	(32, 0.003980044880788489)	(34, 0.004142810383877128)	(36, 0.004319282455646914)	(38, 0.004519741022608711)	(40, 0.004816145570338546)	(42, 0.0051759429982186946)	(44, 0.005504900646566257)	(46, 0.005965784018469875)	(48, 0.006563733077184978)	(50, 0.0072045151630286694)	(52, 0.007720224809656881)	(54, 0.00847065944494976)	(56, 0.008953815990960245)	(58, 0.009738517047955994)	(60, 0.010763083056871844)	(62, 0.011746529359744247)	(64, 0.012810501753618397)	(66, 0.013617475984721013)	(68, 0.014333644198311022)	(70, 0.01515603831917993)	(72, 0.0159493059816014)	(74, 0.016405049390249584)	(76, 0.016781980028981167)	(78, 0.01712978420926531)	(80, 0.01749300827931575)	(82, 0.017804832716811873)	(84, 0.018082390732605133)	(86, 0.01832739564778066)	(88, 0.018527854214742456)	(90, 0.018733452744959682)	(92, 0.018903071532388897)	(94, 0.019014437402923228)	(96, 0.019106956741520978)	(98, 0.019257728997013612)	(100, 0.019490740664593137)	(102, 0.01992078425696417)	(104, 0.020400514160804364)	(106, 0.021257174703376146)	(108, 0.022458212784061782)	(110, 0.023868276037134935)	(112, 0.025963667724265505)	(114, 0.02871354806592092)	(116, 0.031355489179212284)	(118, 0.03383466478941502)	(120, 0.037086548209017495)	(122, 0.04075134201013957)	(124, 0.04464058087341545)	(126, 0.05107581486921466)	(128, 0.05781773333925457)	(130, 0.06550883169046401)	(132, 0.07754148567142724)	(134, 0.094020207868338)	(136, 0.10727103314083829)	(138, 0.11944760609295357)
SRR34661433 - polya	(1, 0.0129599840569023)	(2, 0.01575488685504368)	(3, 0.020191689072517865)	(4, 0.02358287548077839)	(5, 0.026213870935853843)	(6, 0.02963331723084987)	(7, 0.03664176914125495)	(8, 0.04326871258073073)	(9, 0.048400708011898316)	(10, 0.05613967799441619)	(12, 0.07687395689225573)	(14, 0.09437813073622714)	(16, 0.1192849819105639)	(18, 0.1342358749879825)	(20, 0.14491811217400313)	(22, 0.154253765757077)	(24, 0.16162818320070685)	(26, 0.16842609895493243)	(28, 0.17532433730706903)	(30, 0.1843420671643685)	(32, 0.19305176425625092)	(34, 0.21304704711595704)	(36, 0.229013883121517)	(38, 0.23887093161486095)	(40, 0.25971118508795865)	(42, 0.2854361599832882)	(44, 0.3013408242380301)	(46, 0.3112006987200476)	(48, 0.3311931555910801)	(50, 0.34961860174262893)	(52, 0.36212360162308965)	(54, 0.374411000375687)	(56, 0.3793946314014931)	(58, 0.38477531383593316)	(60, 0.38959362452433666)	(62, 0.3950859335113819)	(64, 0.3996838170832485)	(66, 0.40329401761370914)	(68, 0.40578230064077037)	(70, 0.41090016612857017)	(72, 0.4327351676147576)	(74, 0.43564169696550425)	(76, 0.43807628620776795)	(78, 0.4402607754524224)	(80, 0.4421640788240586)	(82, 0.4439670595977838)	(84, 0.4454379867023668)	(86, 0.4467040296281174)	(88, 0.44809441605550426)	(90, 0.4490934030516043)	(92, 0.45017010473622704)	(94, 0.4515548391862667)	(96, 0.45260186798981716)	(98, 0.4534666205239236)	(100, 0.454438760627625)	(102, 0.4554688334991341)	(104, 0.45661194591758525)	(106, 0.4579048357357346)	(108, 0.45922598544061943)	(110, 0.4607534323186734)	(112, 0.4619558904992691)	(114, 0.46277825320327226)	(116, 0.46339290573976955)	(118, 0.4639877763555519)	(120, 0.46455862606760906)	(122, 0.46525805826431277)	(124, 0.4660465091042334)	(126, 0.4664831243542969)	(128, 0.46713027576053995)	(130, 0.4678452508949482)	(132, 0.46879902207227153)	(134, 0.47003963109996016)	(136, 0.4717338113097536)	(138, 0.47340962259316904)
SRR34661433 - polyg	(1, 0.0)	(2, 0.0)	(3, 0.0006104135534868942)	(4, 0.0010456158092136613)	(5, 0.0013310406652422553)	(6, 0.0015119039403494832)	(7, 0.0018001547850516276)	(8, 0.0019866700375059565)	(9, 0.002170359301286735)	(10, 0.002296115797259729)	(12, 0.0024190463045591732)	(14, 0.0025137169251231127)	(16, 0.0026098005400238275)	(18, 0.0027214270926290696)	(20, 0.002782185849110404)	(22, 0.0028485965829388397)	(24, 0.0028966383903891967)	(26, 0.00298424403926926)	(28, 0.0030789146598332)	(30, 0.0031636943200397134)	(32, 0.003258364940603653)	(34, 0.0033982513799443994)	(36, 0.0035437897966322466)	(38, 0.0037684558961795065)	(40, 0.004111813520015884)	(42, 0.004453758149515487)	(44, 0.004807006733709292)	(46, 0.005243621983772834)	(48, 0.005804580735472595)	(50, 0.006369778470182682)	(52, 0.00690247733514694)	(54, 0.007616039475218425)	(56, 0.008051241730945192)	(58, 0.008882082400969021)	(60, 0.00984857052732327)	(62, 0.010841905546076247)	(64, 0.01196947502682287)	(66, 0.01276216484975377)	(68, 0.013461597046457502)	(70, 0.014214723027958693)	(72, 0.014890134320937247)	(74, 0.015376204372787923)	(76, 0.015726626968308177)	(78, 0.015983791937601265)	(80, 0.01629888967470214)	(82, 0.01664507328721207)	(84, 0.016936150120587763)	(86, 0.017242769891667984)	(88, 0.01748580491759332)	(90, 0.017771229773621916)	(92, 0.017971874969443996)	(94, 0.018173933159602855)	(96, 0.01837599134976171)	(98, 0.01855968061354249)	(100, 0.018911516203399516)	(102, 0.019407477215607618)	(104, 0.019989630882359007)	(106, 0.02088264330320095)	(108, 0.022212270974106427)	(110, 0.023759499772875288)	(112, 0.025693889019920563)	(114, 0.028220322894074654)	(116, 0.030750995751239067)	(118, 0.033243517761310556)	(120, 0.036658725073296254)	(122, 0.04060804424458299)	(124, 0.045077345331803007)	(126, 0.05163505204877679)	(128, 0.0581913457714138)	(130, 0.06545131067376488)	(132, 0.07620984955397139)	(134, 0.09021121043707703)	(136, 0.10237285269370132)	(138, 0.113098892704162)
SRR34661434 - polya	(1, 0.017779372271561455)	(2, 0.020804694251025834)	(3, 0.02579630303584334)	(4, 0.02919418462053252)	(5, 0.032578267701324486)	(6, 0.036262468241880876)	(7, 0.04262012891252266)	(8, 0.04848794269481332)	(9, 0.05349679960950234)	(10, 0.06182074708549726)	(12, 0.07923100937780822)	(14, 0.09692586581299922)	(16, 0.1205420052330826)	(18, 0.13639993583695686)	(20, 0.148020000931399)	(22, 0.15787385752699762)	(24, 0.16568898517178277)	(26, 0.1729538974736664)	(28, 0.180399915139201)	(30, 0.18940861337109524)	(32, 0.19779465411462763)	(34, 0.21828715721497896)	(36, 0.23385014479805027)	(38, 0.24386785862742832)	(40, 0.26594891448894653)	(42, 0.29427551817694164)	(44, 0.3105681016535782)	(46, 0.3199666076205687)	(48, 0.3378580927362951)	(50, 0.3541299784570858)	(52, 0.36492903256964365)	(54, 0.37485878093667696)	(56, 0.3790242043006487)	(58, 0.3836260053503699)	(60, 0.3875465052701661)	(62, 0.3922673184160007)	(64, 0.39602741072799186)	(66, 0.39915104704772386)	(68, 0.4012742918349078)	(70, 0.40504818265079606)	(72, 0.41996781498965974)	(74, 0.42196687324176874)	(76, 0.4237675780003553)	(78, 0.4253940766472395)	(80, 0.4270136760421751)	(82, 0.4284504452604726)	(84, 0.42959917070991577)	(86, 0.43057196523466945)	(88, 0.43151026349968)	(90, 0.4322640067750654)	(92, 0.43304879668421953)	(94, 0.434042288964819)	(96, 0.4347701600453971)	(98, 0.4354031664116818)	(100, 0.43615690968706716)	(102, 0.4368865055806324)	(104, 0.4377368383832983)	(106, 0.4388441683210498)	(108, 0.43973244700943304)	(110, 0.4407138655991224)	(112, 0.44157627209269834)	(114, 0.44228861985639206)	(116, 0.4428681570200751)	(118, 0.4434304460538866)	(120, 0.44400135915263383)	(122, 0.4446947339734689)	(124, 0.4453346395917023)	(126, 0.44584518423589925)	(128, 0.4464195469606208)	(130, 0.44695078936066357)	(132, 0.4476545130594215)	(134, 0.44850657067507455)	(136, 0.4498639984959631)	(138, 0.4511110382856739)
SRR34661434 - polyg	(1, 0.0)	(2, 0.0)	(3, 0.00060023491952885)	(4, 0.0010038411585223872)	(5, 0.0013419045040041534)	(6, 0.0015074865507707328)	(7, 0.0017593092468949055)	(8, 0.0018800461559955362)	(9, 0.0020042326910704707)	(10, 0.0021663651118627465)	(12, 0.002285377207976225)	(14, 0.0023957652391539447)	(16, 0.0024716570105886267)	(18, 0.002540649530074702)	(20, 0.0026079172365736244)	(22, 0.00266828569112394)	(24, 0.0027252045196999516)	(26, 0.0027890226002245705)	(28, 0.002863189558672101)	(30, 0.002966678337901213)	(32, 0.003101213750899059)	(34, 0.0032202258470125375)	(36, 0.0033927071457277246)	(38, 0.003660053158736264)	(40, 0.0039636202444749925)	(42, 0.004356877605545619)	(44, 0.004765658283500611)	(46, 0.005279652553671868)	(48, 0.005948879992686793)	(50, 0.0066060337407916545)	(52, 0.007161423522654556)	(54, 0.00804280295908916)	(56, 0.008561971668221873)	(58, 0.009589960208564386)	(60, 0.010759383413853352)	(62, 0.011989175073692635)	(64, 0.01340697134913147)	(66, 0.014453932832332653)	(68, 0.01530771526097283)	(70, 0.01623049020909908)	(72, 0.01720845917281419)	(74, 0.017841465539098923)	(76, 0.01833648686641151)	(78, 0.018714220910597767)	(80, 0.019078156450886813)	(82, 0.01947486343793174)	(84, 0.019747383889901736)	(86, 0.02010959461720363)	(88, 0.020463181279569764)	(90, 0.02081159350297444)	(92, 0.021075489890008677)	(94, 0.021346285528991517)	(96, 0.021682624061486133)	(98, 0.021951694887481825)	(100, 0.022289758232963593)	(102, 0.022705438162867193)	(104, 0.023215982807064144)	(106, 0.024099087056485897)	(108, 0.0255289570228348)	(110, 0.02736933248012584)	(112, 0.029661608940050675)	(114, 0.03246615485715961)	(116, 0.03551389940545696)	(118, 0.0388238155278014)	(120, 0.04317379388139841)	(122, 0.04776179642722238)	(124, 0.05221698837303565)	(126, 0.05941635778140755)	(128, 0.06634665636378376)	(130, 0.0736339912345004)	(132, 0.08482802752111601)	(134, 0.1008222183509753)	(136, 0.11439477174687335)	(138, 0.1262407873426324)
SRR34661435 - polya	(1, 0.017364615269861463)	(2, 0.020129778015941988)	(3, 0.02441187957256825)	(4, 0.02797885283279438)	(5, 0.030514307701849402)	(6, 0.03380606492073366)	(7, 0.04045675807725492)	(8, 0.047248309837612565)	(9, 0.05218702919366077)	(10, 0.05934698037943667)	(12, 0.0829321283002575)	(14, 0.09895208566734234)	(16, 0.12002128221810088)	(18, 0.13127805172007206)	(20, 0.13889525160445534)	(22, 0.14573231152912935)	(24, 0.15138724270929954)	(26, 0.15715486077253882)	(28, 0.16322803365333086)	(30, 0.17094166750495593)	(32, 0.17770396401682448)	(34, 0.19471751630481682)	(36, 0.20666774354875178)	(38, 0.21335419312009307)	(40, 0.2295334290622852)	(42, 0.24978997982167994)	(44, 0.2616535248478694)	(46, 0.2687040397337417)	(48, 0.2817833028638114)	(50, 0.29400874614908834)	(52, 0.3029337639937063)	(54, 0.3118230254235044)	(56, 0.3152469730244505)	(58, 0.3188605379767148)	(60, 0.32173513702269896)	(62, 0.32507240240589963)	(64, 0.3278039757926038)	(66, 0.32977057860770415)	(68, 0.3311802481737899)	(70, 0.33386631339617767)	(72, 0.3448316139409797)	(74, 0.34638864327723273)	(76, 0.34765528718403843)	(78, 0.34880491009688774)	(80, 0.34979200385146425)	(82, 0.3506934989160172)	(84, 0.3515093952905465)	(86, 0.3521616789790811)	(88, 0.35273486514392305)	(90, 0.35324845728406495)	(92, 0.35373821181432685)	(94, 0.35438507786425244)	(96, 0.35489867000439435)	(98, 0.35527898823475257)	(100, 0.3556668911591636)	(102, 0.35615122805081645)	(104, 0.35667240488501106)	(106, 0.357281347464673)	(108, 0.35784044776913126)	(110, 0.3584851467636132)	(112, 0.35905941645617695)	(114, 0.3594809087399643)	(116, 0.3597907976684044)	(118, 0.3600833501532953)	(120, 0.36033797916792265)	(122, 0.3606381163468664)	(124, 0.3609664252465773)	(126, 0.361183130790941)	(128, 0.36149518677482473)	(130, 0.3617844886765502)	(132, 0.36217022454551756)	(134, 0.3625873827184176)	(136, 0.36332093098608864)	(138, 0.3639981358122252)
SRR34661435 - polyg	(1, 0.0)	(2, 0.0)	(3, 0.0005092580292546417)	(4, 0.0008104787359201532)	(5, 0.0010726924446002027)	(6, 0.0012070498821056827)	(7, 0.0014259224819129967)	(8, 0.0015602799194184768)	(9, 0.001662131525269405)	(10, 0.0017737348806166988)	(12, 0.0018539159320312595)	(14, 0.0019395146220549122)	(16, 0.0020034427576421966)	(18, 0.0020630367823422082)	(20, 0.0021226308070422194)	(22, 0.0021735566099676837)	(24, 0.0022353176901113315)	(26, 0.002298162297976798)	(28, 0.002371842183060448)	(30, 0.002455273817640464)	(32, 0.0025517077848823005)	(34, 0.00267956405605687)	(36, 0.002808503854953258)	(38, 0.002987285929053292)	(40, 0.003192072668476967)	(42, 0.003455369904878835)	(44, 0.0037479223897697992)	(46, 0.004176999367609881)	(48, 0.0047263479225718025)	(50, 0.005185763676622799)	(52, 0.005646262958395612)	(54, 0.006263873759832093)	(56, 0.006694034265393993)	(58, 0.007447086032057772)	(60, 0.008317158792677935)	(62, 0.009162310415696278)	(64, 0.010185160585092834)	(66, 0.010887286548831148)	(68, 0.011512482044320357)	(70, 0.012190770398178667)	(72, 0.0128408870312697)	(74, 0.013268880481387961)	(76, 0.013595022325655296)	(78, 0.013863737200666255)	(80, 0.014161707324166313)	(82, 0.014435839837786365)	(84, 0.014672048881142773)	(86, 0.0148681673987919)	(88, 0.015026362446177385)	(90, 0.015181306910397416)	(92, 0.015343836068670173)	(94, 0.015484694672506563)	(96, 0.01559521450013204)	(98, 0.015702483744592058)	(100, 0.015886683457301185)	(102, 0.016240997022335796)	(104, 0.016624565835859507)	(106, 0.01715874500271597)	(108, 0.01791721440798884)	(110, 0.019039749127792688)	(112, 0.020687794792678457)	(114, 0.022730244548306112)	(116, 0.02493522346220653)	(118, 0.027399165501621543)	(120, 0.03062482752947488)	(122, 0.03444101216571924)	(124, 0.0390590073161092)	(126, 0.04614202803363599)	(128, 0.0530430160938973)	(130, 0.060998276627487885)	(132, 0.07292900037243015)	(134, 0.08858814300814946)	(136, 0.10205422553490838)	(138, 0.11436851809337434)
SRR34661436 - polya	(1, 0.022336498929009036)	(2, 0.02656376682262092)	(3, 0.03381458184485663)	(4, 0.03838373492615743)	(5, 0.04266798368438413)	(6, 0.04741876327164466)	(7, 0.056293532935402714)	(8, 0.06537129692935106)	(9, 0.07181369593486403)	(10, 0.08296948083523406)	(12, 0.1126760984717661)	(14, 0.13378216685549887)	(16, 0.16073767712234668)	(18, 0.1794024715877383)	(20, 0.19273065195154832)	(22, 0.2046040396156612)	(24, 0.21369426817374407)	(26, 0.22191375789443168)	(28, 0.2301546154393499)	(30, 0.2397719169951198)	(32, 0.24841876320041856)	(34, 0.26519606652544436)	(36, 0.27800785780368253)	(38, 0.2868167433427297)	(40, 0.30312929649074083)	(42, 0.3229924697650629)	(44, 0.3349477674220596)	(46, 0.34181574226016453)	(48, 0.3537158397045656)	(50, 0.3645778170217655)	(52, 0.37136032056294815)	(54, 0.3781161143238426)	(56, 0.3810595321116019)	(58, 0.38375900057272894)	(60, 0.3861806873188587)	(62, 0.38881961361133255)	(64, 0.3911166547161174)	(66, 0.39297921672821434)	(68, 0.39430224117848967)	(70, 0.39656188859087105)	(72, 0.40378065187676093)	(74, 0.40484726243626956)	(76, 0.4058746986513555)	(78, 0.40676858596500054)	(80, 0.40752180176912767)	(82, 0.40820735279652465)	(84, 0.4087682581825768)	(86, 0.4092846472681486)	(88, 0.40967995201641394)	(90, 0.41007347611266)	(92, 0.4105061745533288)	(94, 0.4109299697339015)	(96, 0.41127363557360963)	(98, 0.4115745657648566)	(100, 0.4118576894359115)	(102, 0.41211944528273586)	(104, 0.4124916015547514)	(106, 0.41284060935051714)	(108, 0.4131522234538795)	(110, 0.4135101345097413)	(112, 0.41381640665704594)	(114, 0.41404967207156285)	(116, 0.4142312985775226)	(118, 0.41436306682694435)	(120, 0.4145251061606927)	(122, 0.41467111962626824)	(124, 0.4148669913483817)	(126, 0.41505930176645667)	(128, 0.41521777979616664)	(130, 0.41539940630212635)	(132, 0.41562198780452797)	(134, 0.41586059517510254)	(136, 0.4162808290516369)	(138, 0.41660846902317206)
SRR34661436 - polyg	(1, 0.0)	(2, 0.0)	(3, 0.0011111268599889698)	(4, 0.002243621544208497)	(5, 0.0033725549243895977)	(6, 0.003839085753423428)	(7, 0.004394649183417913)	(8, 0.004665308290338303)	(9, 0.004975141741681381)	(10, 0.005224433024371214)	(12, 0.00542920800658072)	(14, 0.005548511691867998)	(16, 0.00565357016100157)	(18, 0.005744383413981437)	(20, 0.005836977318980518)	(22, 0.005911764703787468)	(24, 0.005977648828498353)	(26, 0.006036410345132384)	(28, 0.006105855773881695)	(30, 0.006203791634938415)	(32, 0.006331998580321758)	(34, 0.006486915305993298)	(36, 0.006670322463972245)	(38, 0.0069926204794498155)	(40, 0.007419976964060958)	(42, 0.007884727141075576)	(44, 0.008356599926167045)	(46, 0.008901479444046251)	(48, 0.009610178947693062)	(50, 0.010267239542782693)	(52, 0.010748015587970228)	(54, 0.011506573348155006)	(56, 0.012014059173630737)	(58, 0.012998759740255578)	(60, 0.01415084159668645)	(62, 0.015301142801098108)	(64, 0.01644432139743291)	(66, 0.017250956762136442)	(68, 0.017954314309725616)	(70, 0.01871821402596803)	(72, 0.019441158745768548)	(74, 0.019905908922783166)	(76, 0.02028162649883713)	(78, 0.020568311473930435)	(80, 0.02086389970911981)	(82, 0.02117729446450131)	(84, 0.021431927703248786)	(86, 0.02168656094199626)	(88, 0.021944755484782155)	(90, 0.0222225371997794)	(92, 0.022437996094104184)	(94, 0.022680164768717162)	(96, 0.022902746271118803)	(98, 0.023141353641693355)	(100, 0.023647058815149873)	(102, 0.02484187632004186)	(104, 0.025985054916376663)	(106, 0.02776748758760897)	(108, 0.03017492911758507)	(110, 0.032856591058519985)	(112, 0.036159700554160276)	(114, 0.03992577957479597)	(116, 0.04368651663937402)	(118, 0.04714098155664742)	(120, 0.05151070161179635)	(122, 0.05623477141876869)	(124, 0.06135414597400633)	(126, 0.0690625885651798)	(128, 0.0767870570245262)	(130, 0.08578825298164838)	(132, 0.09872468990123151)	(134, 0.11608070513250152)	(136, 0.13029743085389886)	(138, 0.14268008499550672)
SRR34661437 - polya	(1, 0.042027780022747756)	(2, 0.04761745858256951)	(3, 0.054984052909236726)	(4, 0.06075821999129926)	(5, 0.06584298259551465)	(6, 0.07230331751468326)	(7, 0.08716920843840144)	(8, 0.10032291641009546)	(9, 0.10976096081104521)	(10, 0.12507350815703056)	(12, 0.1639536550590912)	(14, 0.19077407855993828)	(16, 0.22654381370983406)	(18, 0.24541990251173357)	(20, 0.2583648471556288)	(22, 0.26915904402708535)	(24, 0.2769933329408367)	(26, 0.284096141047107)	(28, 0.29065843014961923)	(30, 0.2983875282392859)	(32, 0.3057444126437299)	(34, 0.3220781201435217)	(36, 0.33444856105587767)	(38, 0.34238642247334306)	(40, 0.36046629765294025)	(42, 0.38470064520167524)	(44, 0.3992703834975858)	(46, 0.40771154255028713)	(48, 0.4231487005648035)	(50, 0.4373187137291924)	(52, 0.4469007886431196)	(54, 0.45651846660519857)	(56, 0.46048011487226387)	(58, 0.4646764195930565)	(60, 0.46835648011564907)	(62, 0.4728457008235082)	(64, 0.47630081481459663)	(66, 0.47912154722043604)	(68, 0.4809292110743216)	(70, 0.484453912841343)	(72, 0.49713992622595293)	(74, 0.4992340327854229)	(76, 0.5012520782874779)	(78, 0.5029917726858011)	(80, 0.5045049022322496)	(82, 0.5058529631009038)	(84, 0.507034336971393)	(86, 0.5080101841548246)	(88, 0.5088695122715777)	(90, 0.5096382144475811)	(92, 0.510470031118035)	(94, 0.511392473729239)	(96, 0.5121223362163494)	(98, 0.5126596185793666)	(100, 0.5132292673497942)	(102, 0.5137859695572576)	(104, 0.5144527175499174)	(106, 0.5152699693370366)	(108, 0.5160564730371158)	(110, 0.5169481675612796)	(112, 0.5176213888354214)	(114, 0.518184564324367)	(116, 0.5185697245725538)	(118, 0.5189209000929595)	(120, 0.5192154344003965)	(122, 0.5196556175411816)	(124, 0.5200375411486275)	(126, 0.5202851441653191)	(128, 0.5206120448801668)	(130, 0.5210085333709474)	(132, 0.5214470981913619)	(134, 0.5220264568840128)	(136, 0.5229149147674356)	(138, 0.5239215100379072)
SRR34661437 - polyg	(1, 0.0)	(2, 0.0)	(3, 0.0006020151778383583)	(4, 0.0010713280852929926)	(5, 0.0015179845075601617)	(6, 0.0017089463112830818)	(7, 0.0020131905409433272)	(8, 0.002178259218737716)	(9, 0.0023109614891214402)	(10, 0.002425862235429299)	(12, 0.0025342897002550244)	(14, 0.002615205718781686)	(16, 0.0027058316595315463)	(18, 0.0027851293576876737)	(20, 0.002845007211397403)	(22, 0.002896793463254466)	(24, 0.002929159870665131)	(26, 0.0029777094817811274)	(28, 0.0030537705391961885)	(30, 0.003090991907718453)	(32, 0.0031702896058745803)	(34, 0.003252823944771775)	(36, 0.0033515414873743015)	(38, 0.0034988086410928246)	(40, 0.003663877318887213)	(42, 0.003997251315217057)	(44, 0.0043306253115469005)	(46, 0.004685037472693675)	(48, 0.0051834801468179075)	(50, 0.0056916327431653395)	(52, 0.006076792991352246)	(54, 0.006673953208079005)	(56, 0.007075296659971244)	(58, 0.007834288913751325)	(60, 0.008784242971254325)	(62, 0.009960761880631977)	(64, 0.011129189188156963)	(66, 0.011983662343798503)	(68, 0.012698959947574189)	(70, 0.013577707908773728)	(72, 0.014564883334798991)	(74, 0.015244577890422946)	(76, 0.015775386971957843)	(78, 0.01616216554051528)	(80, 0.01657321891463072)	(82, 0.016911447872072164)	(84, 0.017209218820250276)	(86, 0.017477860001758792)	(88, 0.017754592785119972)	(90, 0.017994104199958887)	(92, 0.018172119440717543)	(94, 0.01835175300184673)	(96, 0.018573462892609784)	(98, 0.018777371259296967)	(100, 0.01912045517785001)	(102, 0.01984384438347836)	(104, 0.02063843968541017)	(106, 0.021625615111435438)	(108, 0.02305782863935734)	(110, 0.024857400891390283)	(112, 0.027438621882390768)	(114, 0.030660697740122412)	(116, 0.03376625453117567)	(118, 0.03701907847594744)	(120, 0.04117330686710622)	(122, 0.045879382504616824)	(124, 0.051113030582921264)	(126, 0.05952344154858241)	(128, 0.06839507381984553)	(130, 0.07814059909119658)	(132, 0.09264884121302691)	(134, 0.11192627346681866)	(136, 0.12822437791845873)	(138, 0.14197039114576793)
SRR34661438 - polya	(1, 0.027909628048921345)	(2, 0.031192468932829814)	(3, 0.03707582400607813)	(4, 0.04105195265595392)	(5, 0.044817080681404865)	(6, 0.04856576709975778)	(7, 0.056252218418091054)	(8, 0.06515534866167921)	(9, 0.07149358819797329)	(10, 0.08140102660846667)	(12, 0.10036093986035541)	(14, 0.11947841851360036)	(16, 0.1444819925079433)	(18, 0.16025223398281244)	(20, 0.17121467551543001)	(22, 0.18108375017602796)	(24, 0.18876609109258674)	(26, 0.19603465156384484)	(28, 0.20313194529449835)	(30, 0.2113979632630375)	(32, 0.21993937815046882)	(34, 0.2394555657758412)	(36, 0.25543817800906005)	(38, 0.2664115806130763)	(40, 0.2879089818937624)	(42, 0.315170536596236)	(44, 0.33094899887465423)	(46, 0.34027413036709203)	(48, 0.35798448147952977)	(50, 0.37456447210397736)	(52, 0.3853857898423368)	(54, 0.3956330214661896)	(56, 0.39967765681230727)	(58, 0.4043388524246013)	(60, 0.4085136504935784)	(62, 0.4135256003906307)	(64, 0.41731128042495413)	(66, 0.42069414108537573)	(68, 0.4228575825526927)	(70, 0.42687344508638875)	(72, 0.4434959098625062)	(74, 0.4458854234274212)	(76, 0.44793240351112706)	(78, 0.4496998762741663)	(80, 0.45129334202875127)	(82, 0.45279363867644734)	(84, 0.45396784345003227)	(86, 0.4550283271078558)	(88, 0.4560422262122349)	(90, 0.456913631388431)	(92, 0.45775352348435583)	(94, 0.4588455202224505)	(96, 0.4596018341489604)	(98, 0.46022524508476104)	(100, 0.4609336043239015)	(102, 0.4616364830273427)	(104, 0.4624339009715976)	(106, 0.4632998256120943)	(108, 0.4642137049399603)	(110, 0.4653098120798296)	(112, 0.4661264118990322)	(114, 0.4667676345758557)	(116, 0.4672663633244962)	(118, 0.46770891658221847)	(120, 0.4680870735454734)	(122, 0.4685748412227152)	(124, 0.46907082970350605)	(126, 0.4694161034525649)	(128, 0.46983399429964)	(130, 0.4702176317985942)	(132, 0.47069169813658773)	(134, 0.4713671741615322)	(136, 0.4725043853191465)	(138, 0.47354568710202233)
SRR34661438 - polyg	(1, 0.0)	(2, 0.0)	(3, 0.0005918978555294071)	(4, 0.0009590937473856132)	(5, 0.0013235493713921462)	(6, 0.0014660432995751516)	(7, 0.0016880049953986792)	(8, 0.0018140573164836455)	(9, 0.0019592915125163242)	(10, 0.002118227047797369)	(12, 0.002252500172431354)	(14, 0.002358000484643772)	(16, 0.0024593903950816797)	(18, 0.002553929635895404)	(20, 0.0026539494124084755)	(22, 0.002741637983598017)	(24, 0.0028087745459150102)	(26, 0.0028909825814052055)	(28, 0.0029827815543692574)	(30, 0.0030595090541601063)	(32, 0.0031841912413202358)	(34, 0.003307503294555529)	(36, 0.0034390361513398416)	(38, 0.0036514069096895132)	(40, 0.00394187530175487)	(42, 0.004252895702692777)	(44, 0.004581727844653558)	(46, 0.005036612307699306)	(48, 0.005676464850597994)	(50, 0.0062491808311796885)	(52, 0.006719136767398638)	(54, 0.0074083141315914435)	(56, 0.00788375060350974)	(58, 0.008823662475947642)	(60, 0.009871814928447633)	(62, 0.011052870371656774)	(64, 0.012117464431254804)	(66, 0.012903921304111008)	(68, 0.013550624516633879)	(70, 0.01432475018416655)	(72, 0.01506873290535282)	(74, 0.01550717576130053)	(76, 0.015822306564012945)	(78, 0.016164840045222093)	(80, 0.016437496696264573)	(82, 0.01672796508832993)	(84, 0.01693622544490509)	(86, 0.017119823390833195)	(88, 0.017308901872460647)	(90, 0.01748427901483973)	(92, 0.017661026291143647)	(94, 0.017809000755026002)	(96, 0.017952864817133846)	(98, 0.018066585932895278)	(100, 0.018324171110764557)	(102, 0.018747542493539066)	(104, 0.01915447226921553)	(106, 0.019992994231215526)	(108, 0.02120967315647042)	(110, 0.022737372482663214)	(112, 0.024789833102068427)	(114, 0.02727388590779717)	(116, 0.029741497106427865)	(118, 0.03211045866247033)	(120, 0.03531794218051279)	(122, 0.039124174223708834)	(124, 0.04338118032817612)	(126, 0.04998796611373816)	(128, 0.05694824645190803)	(130, 0.06475526955562694)	(132, 0.07704263059356148)	(134, 0.09430768818042734)	(136, 0.10854886019517887)	(138, 0.12085129270628661)
SRR34661439 - polya	(1, 0.03943028951509035)	(2, 0.04403416326203906)	(3, 0.050320759860266136)	(4, 0.05504008028931918)	(5, 0.05928012206842392)	(6, 0.06500697717766027)	(7, 0.07825535854520949)	(8, 0.09353979957896245)	(9, 0.1035206900045283)	(10, 0.11920744523349336)	(12, 0.15784360151107812)	(14, 0.18903169760078006)	(16, 0.23858106372153084)	(18, 0.25969206381724663)	(20, 0.2749870000039182)	(22, 0.2874097626752061)	(24, 0.29706880174460226)	(26, 0.3055803707615675)	(28, 0.3136021659756658)	(30, 0.322878131963534)	(32, 0.33159085807810523)	(34, 0.3500763207520239)	(36, 0.36351886244856674)	(38, 0.37194647024218336)	(40, 0.3912050758477704)	(42, 0.4159666399669976)	(44, 0.4307228249705156)	(46, 0.4394530430066178)	(48, 0.454831940416638)	(50, 0.4685053754773895)	(52, 0.47797900017855754)	(54, 0.48725846455073185)	(56, 0.49095975514668305)	(58, 0.49491642779698625)	(60, 0.49823289611925625)	(62, 0.5022717808007551)	(64, 0.5052908864569987)	(66, 0.5077380062791801)	(68, 0.509613140267299)	(70, 0.5128701360563637)	(72, 0.5252106866964561)	(74, 0.5270508368415132)	(76, 0.5286286081636058)	(78, 0.53007169168991)	(80, 0.5313241132715267)	(82, 0.5326377565785018)	(84, 0.5337379984427992)	(86, 0.5346440799781029)	(88, 0.5355396663604881)	(90, 0.5362148545315831)	(92, 0.5370842030316718)	(94, 0.5379500531474544)	(96, 0.5386462316243865)	(98, 0.5393161722190224)	(100, 0.5399423830098308)	(102, 0.5404758866165251)	(104, 0.54115107478762)	(106, 0.5419854394446468)	(108, 0.5428477911761231)	(110, 0.543627930876404)	(112, 0.5442891255102744)	(114, 0.5448593621521837)	(116, 0.5453263964570603)	(118, 0.5457916815697839)	(120, 0.5461800022277712)	(122, 0.5466487857248008)	(124, 0.5470668426493908)	(126, 0.5473659545075702)	(128, 0.5477000502088115)	(130, 0.5480428918708184)	(132, 0.5485396624422976)	(134, 0.5491151466606663)	(136, 0.550038720117501)	(138, 0.5509115670018958)
SRR34661439 - polyg	(1, 0.0)	(2, 0.0)	(3, 0.0006052204849712209)	(4, 0.0010145314487956883)	(5, 0.00148331494582542)	(6, 0.0017002147728093257)	(7, 0.0019520984428551518)	(8, 0.0020990305837152168)	(9, 0.002238965955962898)	(10, 0.002364907790985811)	(12, 0.0024628625515591878)	(14, 0.0025468237749077965)	(16, 0.002597550347347581)	(18, 0.0026622704570121334)	(20, 0.002754977641126222)	(22, 0.0028092025978721986)	(24, 0.0028651767467712712)	(26, 0.0029124049349048635)	(28, 0.00299286777394728)	(30, 0.0030313500013153926)	(32, 0.003104816071745425)	(34, 0.003209767600931186)	(36, 0.003339207820260291)	(38, 0.0035421141100194283)	(40, 0.003825483238820983)	(42, 0.0042487877398702184)	(44, 0.004652851127235397)	(46, 0.005107641087040361)	(48, 0.005795073603207095)	(50, 0.006505245617364076)	(52, 0.007073733067120281)	(54, 0.007983312986730207)	(56, 0.008476585173903284)	(58, 0.00940890459150346)	(60, 0.010535384338097293)	(62, 0.011681105198375182)	(64, 0.012986002544584808)	(66, 0.013734656786109904)	(68, 0.014392353035674006)	(70, 0.01517074354380173)	(72, 0.0159298929382454)	(74, 0.01636019420790702)	(76, 0.016652309297474056)	(78, 0.01695666873211276)	(80, 0.01723479028445503)	(82, 0.01749367072311324)	(84, 0.01776304631469002)	(86, 0.018051663019950863)	(88, 0.018317540227221457)	(90, 0.01856767470511419)	(92, 0.018782825339945)	(94, 0.019004972743388193)	(96, 0.01918688872731018)	(98, 0.019405537746447182)	(100, 0.019709897181085886)	(102, 0.0202748862465359)	(104, 0.020927334919640713)	(106, 0.02188064464307804)	(108, 0.023257258867564603)	(110, 0.02495747364037393)	(112, 0.02714221463959085)	(114, 0.029874452782726824)	(116, 0.03271164245504856)	(118, 0.035697513460383454)	(120, 0.03972940137326977)	(122, 0.0444102395749547)	(124, 0.049734780488978975)	(126, 0.058664406430534125)	(128, 0.0675870356034769)	(130, 0.07726531578655713)	(132, 0.09258474066337202)	(134, 0.11324619837574215)	(136, 0.1307835989026828)	(138, 0.14613800762255957)
SRR34661440 - polya	(1, 0.017551757179289678)	(2, 0.021157182028058507)	(3, 0.027554551467238855)	(4, 0.031806073805155675)	(5, 0.03540815099854032)	(6, 0.03896001336116217)	(7, 0.04485523449271455)	(8, 0.05035208463354873)	(9, 0.05502541154987305)	(10, 0.06316523561652246)	(12, 0.08192047490642718)	(14, 0.09830892183971204)	(16, 0.11975400223081059)	(18, 0.13503437523192974)	(20, 0.14535519678137665)	(22, 0.15325064200498045)	(24, 0.15909062682269376)	(26, 0.16427112352972228)	(28, 0.16960393855673137)	(30, 0.1757535814974819)	(32, 0.18116506642601934)	(34, 0.19309108873218364)	(36, 0.20268379523556998)	(38, 0.20906275257013732)	(40, 0.21967147248262425)	(42, 0.2340898242223154)	(44, 0.24305986682424305)	(46, 0.24877264073735725)	(48, 0.2584055191053538)	(50, 0.2669956028211763)	(52, 0.2726866169742933)	(54, 0.27812655697359634)	(56, 0.2807561402778748)	(58, 0.28342589544676355)	(60, 0.2857123440741629)	(62, 0.2881795660923083)	(64, 0.2904107784058686)	(66, 0.29220177403640835)	(68, 0.2934320373900969)	(70, 0.29557621066366835)	(72, 0.30150825600444675)	(74, 0.30272680256429063)	(76, 0.3037729448718489)	(78, 0.3047303743117262)	(80, 0.30561415533315145)	(82, 0.3064175926253562)	(84, 0.3070084538006651)	(86, 0.30754910014521125)	(88, 0.3080345101759183)	(90, 0.3084479456158653)	(92, 0.30886807636658076)	(94, 0.3093200098434459)	(96, 0.3096915995910906)	(98, 0.31000125771412784)	(100, 0.31034774004639115)	(102, 0.31072267744942006)	(104, 0.31111267930167774)	(106, 0.311494312015475)	(108, 0.3119027259723458)	(110, 0.3123513117938267)	(112, 0.31273963981839237)	(114, 0.31309783894450033)	(116, 0.31338238965215615)	(118, 0.3136518759105832)	(120, 0.3139464695843916)	(122, 0.31428458277819443)	(124, 0.31455239520892936)	(126, 0.314815186156588)	(128, 0.31505286968886526)	(130, 0.31527046728883734)	(132, 0.3155767777564904)	(134, 0.31599523467951374)	(136, 0.31655596695636495)	(138, 0.31705978909168503)
SRR34661440 - polyg	(1, 0.0)	(2, 0.0)	(3, 0.000615968590690311)	(4, 0.000990905993719196)	(5, 0.0013457574644429621)	(6, 0.0014897066459629803)	(7, 0.0017575190766978982)	(8, 0.0018780346705286111)	(9, 0.0019985502643593243)	(10, 0.0021140443751137576)	(12, 0.002216147864331445)	(14, 0.002288122455091454)	(16, 0.002336663458162158)	(18, 0.0023902259443091415)	(20, 0.0024387669473798453)	(22, 0.0024873079504505492)	(24, 0.0025391966089054396)	(26, 0.002577694645823584)	(28, 0.002634604787354754)	(30, 0.0026831457904254582)	(32, 0.002740055931956628)	(34, 0.0028388117657901285)	(36, 0.002955979704236655)	(38, 0.0031116456796013263)	(40, 0.003327569451881354)	(42, 0.003633879919534416)	(44, 0.004010491150255395)	(46, 0.004460750799428475)	(48, 0.005111869771652743)	(50, 0.005737881328495615)	(52, 0.006280201500733823)	(54, 0.006986556786797169)	(56, 0.007418404331357224)	(58, 0.008405962669692233)	(60, 0.009370087420337937)	(62, 0.010312452410986429)	(64, 0.01132679199239493)	(66, 0.011981258620003387)	(68, 0.012580488933772765)	(70, 0.013377230915209145)	(72, 0.014051783475122719)	(74, 0.014458523604301375)	(76, 0.01481170124733305)	(78, 0.01508620898883634)	(80, 0.015323892521113578)	(82, 0.015638572127227107)	(84, 0.015871234176428068)	(86, 0.016118960674857866)	(88, 0.01635329655175092)	(90, 0.01659600156710444)	(92, 0.016795187062463534)	(94, 0.016960896003980763)	(96, 0.01711321432396125)	(98, 0.017247120539328708)	(100, 0.017426220102382685)	(102, 0.017774376262338076)	(104, 0.018249743326892557)	(106, 0.018919274403729848)	(108, 0.01997545967744068)	(110, 0.021316195658807366)	(112, 0.022996718661668976)	(114, 0.02507896031063296)	(116, 0.027557899122623044)	(118, 0.03009709573152848)	(120, 0.03352844250031962)	(122, 0.037470306715199186)	(124, 0.04176869622849462)	(126, 0.04862134679992433)	(128, 0.055437173162127984)	(130, 0.06314012820114107)	(132, 0.07461756468582438)	(134, 0.09117674204370277)	(136, 0.10498749433116406)	(138, 0.11686162797887348)
SRR34661441 - polya	(1, 0.01995793053157677)	(2, 0.023648234779228543)	(3, 0.031116517889487105)	(4, 0.0360820892637572)	(5, 0.039923831482694905)	(6, 0.04342284566135393)	(7, 0.04843623955287222)	(8, 0.053577160157052335)	(9, 0.05822391474966785)	(10, 0.06552481904955776)	(12, 0.0833307363049661)	(14, 0.09807999766626116)	(16, 0.11755970302535605)	(18, 0.13115723876292393)	(20, 0.1405543634021927)	(22, 0.14940152909310733)	(24, 0.15643143912859084)	(26, 0.1637642251066462)	(28, 0.17096948437203974)	(30, 0.18007967390781937)	(32, 0.18848448131418827)	(34, 0.20796418667328317)	(36, 0.2241361679227118)	(38, 0.2349161603524073)	(40, 0.2573528913613484)	(42, 0.28503415842850743)	(44, 0.3021386787642757)	(46, 0.3131378577313587)	(48, 0.3334943092400038)	(50, 0.3511408181045848)	(52, 0.36442352227026875)	(54, 0.3777500637434303)	(56, 0.38335725389078024)	(58, 0.38932311291749155)	(60, 0.394810746771721)	(62, 0.40127475701976767)	(64, 0.40685803590849356)	(66, 0.4110464913774806)	(68, 0.4139038867830598)	(70, 0.41994945000518474)	(72, 0.4437531079654699)	(74, 0.44714053627054984)	(76, 0.45010553233993744)	(78, 0.452719829949505)	(80, 0.45519863042686937)	(82, 0.45754990419157193)	(84, 0.4594787457205821)	(86, 0.4612083267610582)	(88, 0.4628183515084138)	(90, 0.4641175298936563)	(92, 0.46560799834789146)	(94, 0.4674292392130932)	(96, 0.4685570535781963)	(98, 0.46966095668467533)	(100, 0.4709003569233575)	(102, 0.4722672838747015)	(104, 0.473853397363433)	(106, 0.47553515588666095)	(108, 0.4770933729069977)	(110, 0.47871933849343606)	(112, 0.48023770341606603)	(114, 0.48128979879552614)	(116, 0.4820987963789747)	(118, 0.4828440306060922)	(120, 0.48350956063779615)	(122, 0.484238854025831)	(124, 0.48518733395125335)	(126, 0.485781130207085)	(128, 0.486458615868101)	(130, 0.4873273915981098)	(132, 0.488327679250551)	(134, 0.48959896116739865)	(136, 0.4914082464032884)	(138, 0.49319362038055403)
SRR34661441 - polyg	(1, 0.0)	(2, 0.0)	(3, 0.0005658997874368812)	(4, 0.0009086278277155558)	(5, 0.001323089643866511)	(6, 0.0015064092933178951)	(7, 0.0017216106209347374)	(8, 0.0018810190117620278)	(9, 0.0020165161439652246)	(10, 0.0021639689054804684)	(12, 0.002295480827912983)	(14, 0.002383155442867993)	(16, 0.0024788004773643674)	(18, 0.0025704603020900592)	(20, 0.0026940018049812094)	(22, 0.002749794741770761)	(24, 0.002809572888330995)	(26, 0.0028972475032860044)	(28, 0.002949055230304874)	(30, 0.003068611523425342)	(32, 0.0032280199142526323)	(34, 0.0034591620809522037)	(36, 0.0037381267648999624)	(38, 0.004052958336783861)	(40, 0.004503287040870956)	(42, 0.005061216408766473)	(44, 0.00577855416748928)	(46, 0.006479951087129359)	(48, 0.0073487268171380914)	(50, 0.00819359128852273)	(52, 0.009058381808760781)	(54, 0.010218077852029321)	(56, 0.010931430400981445)	(58, 0.012234593995994546)	(60, 0.013685210352522889)	(62, 0.015347042826897393)	(64, 0.01726392872659556)	(66, 0.018395728301469322)	(68, 0.0194119567929933)	(70, 0.020655342241446165)	(72, 0.021858875592192212)	(74, 0.0226240358681632)	(76, 0.023297536319408507)	(78, 0.02393915509248835)	(80, 0.024517010509237276)	(82, 0.025162614492087804)	(84, 0.025569105888697395)	(86, 0.02603537543186722)	(88, 0.02658134917045069)	(90, 0.027063559552703245)	(92, 0.027505917837248976)	(94, 0.027892483185005153)	(96, 0.02827506332299065)	(98, 0.028597865314415914)	(100, 0.029000371501254823)	(102, 0.029562286078921023)	(104, 0.030247742159478373)	(106, 0.031124488309028468)	(108, 0.03210086470284562)	(110, 0.03337214661969326)	(112, 0.035273091680308705)	(114, 0.03730156345358598)	(116, 0.03947350277860781)	(118, 0.04166536815248305)	(120, 0.04458254170462247)	(122, 0.047926132702224886)	(124, 0.0517439636625385)	(126, 0.05743085800530208)	(128, 0.06306992983081748)	(130, 0.06939445773689024)	(132, 0.07925386670955815)	(134, 0.09259236381203167)	(136, 0.10367921739406974)	(138, 0.11416828951050545)
SRR34661442 - polya	(1, 0.020777573554271164)	(2, 0.02427707923426545)	(3, 0.030089817482391555)	(4, 0.0340252785309953)	(5, 0.03755147535600649)	(6, 0.04124968178223774)	(7, 0.048118203099921444)	(8, 0.05430758306106388)	(9, 0.05927806739976763)	(10, 0.06750783711331351)	(12, 0.08604483732755444)	(14, 0.10193644850234207)	(16, 0.1224278336683764)	(18, 0.13740008318147062)	(20, 0.14803947015348712)	(22, 0.15688313620242184)	(24, 0.16345064071797044)	(26, 0.1696667118241298)	(28, 0.1757478443638148)	(30, 0.18294407362865048)	(32, 0.19041166286782474)	(34, 0.20705359178586535)	(36, 0.22065717869614826)	(38, 0.23009249845962437)	(40, 0.24845155770708593)	(42, 0.27237423784918247)	(44, 0.2865902382534643)	(46, 0.2946242729035529)	(48, 0.30882247921115685)	(50, 0.32218881149906725)	(52, 0.33075222052532444)	(54, 0.3390175784322262)	(56, 0.34257639776781357)	(58, 0.34645402800221403)	(60, 0.34983787205380174)	(62, 0.35432791578220124)	(64, 0.35788821795917847)	(66, 0.36100070203642765)	(68, 0.3628379425184246)	(70, 0.3668015775534351)	(72, 0.38264277212096853)	(74, 0.38481661759845653)	(76, 0.38672948299133475)	(78, 0.3882879492920441)	(80, 0.3896403006395673)	(82, 0.39089923297953133)	(84, 0.39188977102793654)	(86, 0.39272312788901986)	(88, 0.3934956882531203)	(90, 0.39417334676827176)	(92, 0.39489993904928755)	(94, 0.39579854093152333)	(96, 0.3964005745357935)	(98, 0.396879532304708)	(100, 0.3973555243908428)	(102, 0.3978478277322658)	(104, 0.39850324362656975)	(106, 0.3992224217006364)	(108, 0.3998437322429743)	(110, 0.4006444665934815)	(112, 0.4013102623775143)	(114, 0.40180108287754746)	(116, 0.4022177613080891)	(118, 0.40252915799995304)	(120, 0.40285093458154575)	(122, 0.4032231277703926)	(124, 0.40359087243506997)	(126, 0.4038740951405271)	(128, 0.4041602835287639)	(130, 0.40448947431730575)	(132, 0.4049224640031356)	(134, 0.40557046569049043)	(136, 0.4066736996845225)	(138, 0.40766275489153786)
SRR34661442 - polyg	(1, 0.0)	(2, 0.0)	(3, 0.0005872051903719227)	(4, 0.0010468860212186298)	(5, 0.001438356148133245)	(6, 0.0016133314321329594)	(7, 0.001841689006166485)	(8, 0.0019692133656917005)	(9, 0.0020730122629796666)	(10, 0.0022109165122336785)	(12, 0.0022954384714538797)	(14, 0.002371063382335112)	(16, 0.0024333427207078916)	(18, 0.002523796045487405)	(20, 0.002584592542470357)	(22, 0.0026305606255550276)	(24, 0.002649837563622793)	(26, 0.002691357122537979)	(28, 0.0027595678264700713)	(30, 0.00283815842013096)	(32, 0.0029508543657578946)	(34, 0.0031050698703000154)	(36, 0.0032578025334523085)	(38, 0.003466883169418069)	(40, 0.0037767970198921393)	(42, 0.004138610319010192)	(44, 0.004576048529009478)	(46, 0.005103940063788278)	(48, 0.00583942939314301)	(50, 0.0064607399354809775)	(52, 0.007006425566937714)	(54, 0.007776020248258492)	(56, 0.00825794369995262)	(58, 0.009165442630527411)	(60, 0.010259779576220538)	(62, 0.011410464494727135)	(64, 0.012586357716860808)	(66, 0.01337522933624935)	(68, 0.014098855934485458)	(70, 0.01487141629858589)	(72, 0.01568104769743203)	(74, 0.01617631672163461)	(76, 0.016552958434650943)	(78, 0.016837663981497934)	(80, 0.017117921004175446)	(82, 0.017429317696039344)	(84, 0.017678435049530462)	(86, 0.017911241147733473)	(88, 0.01817518691512287)	(90, 0.018465823827529176)	(92, 0.01868083582905425)	(94, 0.01886025963722345)	(96, 0.019023372190104536)	(98, 0.01920872736383305)	(100, 0.019391116854781905)	(102, 0.01982855506478119)	(104, 0.020335686820102394)	(106, 0.021077107515016437)	(108, 0.02216847877792991)	(110, 0.023556418318809003)	(112, 0.025407004373314453)	(114, 0.027901143591005297)	(116, 0.03044421657456047)	(118, 0.033122228124589995)	(120, 0.036494209445059066)	(122, 0.04035552842417141)	(124, 0.04448820737762228)	(126, 0.05072652110462905)	(128, 0.056923315272720626)	(130, 0.06376514544538743)	(132, 0.0739848883040826)	(134, 0.08819792302558482)	(136, 0.09989605874993862)	(138, 0.11049244332165012)
SRR34661443 - polya	(1, 0.02214340124824789)	(2, 0.023797793295530778)	(3, 0.026946592225084585)	(4, 0.028975494999554586)	(5, 0.03116801896551411)	(6, 0.03388776677071762)	(7, 0.040563511383489896)	(8, 0.046890197454417866)	(9, 0.05206789915844167)	(10, 0.05927086761045794)	(12, 0.06937538519155496)	(14, 0.07786005297690578)	(16, 0.08715555466674908)	(18, 0.09651105079347189)	(20, 0.10252867461380855)	(22, 0.10763910982799776)	(24, 0.11130786054384048)	(26, 0.11450938185731868)	(28, 0.11762182052209705)	(30, 0.12101786925212389)	(32, 0.12410849175803698)	(34, 0.1299370422015413)	(36, 0.13685821860154784)	(38, 0.14191229540533512)	(40, 0.14728997856562392)	(42, 0.1544056823821791)	(44, 0.15936522249755022)	(46, 0.16276490725405462)	(48, 0.1678208020710807)	(50, 0.17274398192167634)	(52, 0.17609821634721146)	(54, 0.17939427434910582)	(56, 0.18099958003894184)	(58, 0.18264670003326966)	(60, 0.18404838824036318)	(62, 0.18566460200963184)	(64, 0.18687539882665427)	(66, 0.18793530054485857)	(68, 0.18872068226400823)	(70, 0.18995874927961226)	(72, 0.19362204595573865)	(74, 0.19430743694675584)	(76, 0.19496192171271393)	(78, 0.1955345958829272)	(80, 0.1961545383973486)	(82, 0.19665085601153348)	(84, 0.1970435468711083)	(86, 0.19743805574392193)	(88, 0.19782529256378045)	(90, 0.19818162315857984)	(92, 0.19852522766070782)	(94, 0.1989142824938051)	(96, 0.19917789441342712)	(98, 0.1994033280550349)	(100, 0.19961603560397126)	(102, 0.19987237547063819)	(104, 0.20013780540349896)	(106, 0.2004305055349413)	(108, 0.20075047586496525)	(110, 0.2011286226186299)	(112, 0.20136860036614787)	(114, 0.20159221599451688)	(116, 0.20179037943754308)	(118, 0.20201581307915084)	(120, 0.2022430647339974)	(122, 0.20247395241532148)	(124, 0.20271574817607824)	(126, 0.2029211836720595)	(128, 0.20313025519451833)	(130, 0.20334114473021592)	(132, 0.20354294419971966)	(134, 0.2037974660531478)	(136, 0.20422106313778177)	(138, 0.2045483055207608)
SRR34661443 - polyg	(1, 0.0)	(2, 0.0)	(3, 0.0009090066193862023)	(4, 0.0017016603914909707)	(5, 0.002617939063832263)	(6, 0.003032446082272371)	(7, 0.0035378537626510995)	(8, 0.0037560153513037883)	(9, 0.003955996807568753)	(10, 0.00419597455508671)	(12, 0.0043705038260088615)	(14, 0.004494128726245384)	(16, 0.004621389652959453)	(18, 0.004766830712061245)	(20, 0.0048959096520140855)	(22, 0.0050068084595792026)	(24, 0.00511770726714432)	(26, 0.005197699849650305)	(28, 0.00528496448511138)	(30, 0.005412225411825448)	(32, 0.005588572695986373)	(34, 0.0057703740198636125)	(36, 0.005970355476128578)	(38, 0.006281235739958658)	(40, 0.006724830970219125)	(42, 0.0071756982534346815)	(44, 0.007721102225066403)	(46, 0.008310138514428661)	(48, 0.009379130298826836)	(50, 0.010511752546582044)	(52, 0.011320768437835764)	(54, 0.012277043401430049)	(56, 0.01289698591585144)	(58, 0.014247769752259335)	(60, 0.01595852020994417)	(62, 0.017545645767392478)	(64, 0.01905096072909603)	(66, 0.020069048142808577)	(68, 0.02073080496172173)	(70, 0.021412559926261385)	(72, 0.021921603633117657)	(74, 0.02227248018820073)	(76, 0.022599722571179766)	(78, 0.02285242641136913)	(80, 0.023097858198603403)	(82, 0.023317837800494866)	(84, 0.02352509130971492)	(86, 0.023721436739502336)	(88, 0.023888693957469398)	(90, 0.02407776733430173)	(92, 0.02419775620806071)	(94, 0.024308655015625825)	(96, 0.024435915942339893)	(98, 0.024579538988202913)	(100, 0.024861331040212632)	(102, 0.025517633819409476)	(104, 0.02622665898253071)	(106, 0.027444727852508222)	(108, 0.029210018707356226)	(110, 0.03152071353383595)	(112, 0.03457497577497359)	(114, 0.03842552781469355)	(116, 0.04235243641044194)	(118, 0.04612481388089468)	(120, 0.05081528803692748)	(122, 0.055674837424166124)	(124, 0.06049984455986808)	(126, 0.06768099685301908)	(128, 0.07486033113293131)	(130, 0.08327773242844755)	(132, 0.09892537237456163)	(134, 0.12318130500626306)	(136, 0.14148688030746243)	(138, 0.15464566012969705)
