Sample	0	1	2	3	4	5	6	7	8	9	10	11	12	13	14	15	16	17	18	19	20	21	22	23	24	25	26	27	28	29	30	31	32	33	34	35	36	37	38	39	40	41	42	43	44	45	46	47	48	49	50	51	52	53	54	55	56	57	58	59	60	61	62	63	64	65	66	67	68	69	70	71	72	73	74	75	76	77	78	79	80	81	82	83	84	85	86	87	88	89	90	91	92	93	94	95	96	97	98	99	100
SRR34661416	(0.0, 6.0)	(1.0, 7.0)	(2.0, 6.5)	(3.0, 2.5)	(4.0, 0.5)	(5.0, 1.5)	(6.0, 2.0)	(7.0, 1.5)	(8.0, 1.0)	(9.0, 3.0)	(10.0, 4.5)	(11.0, 3.5)	(12.0, 5.0)	(13.0, 12.5)	(14.0, 14.0)	(15.0, 8.0)	(16.0, 14.0)	(17.0, 18.5)	(18.0, 15.5)	(19.0, 21.5)	(20.0, 31.5)	(21.0, 38.0)	(22.0, 54.0)	(23.0, 71.5)	(24.0, 99.5)	(25.0, 210.0)	(26.0, 352.0)	(27.0, 541.0)	(28.0, 1022.5)	(29.0, 1388.0)	(30.0, 1953.0)	(31.0, 3239.5)	(32.0, 5239.5)	(33.0, 8249.5)	(34.0, 13016.0)	(35.0, 21528.5)	(36.0, 36333.5)	(37.0, 60341.5)	(38.0, 94746.5)	(39.0, 136955.5)	(40.0, 181758.0)	(41.0, 227274.5)	(42.0, 279919.0)	(43.0, 352506.5)	(44.0, 451503.5)	(45.0, 583941.0)	(46.0, 738991.0)	(47.0, 883628.0)	(48.0, 982486.5)	(49.0, 1018096.5)	(50.0, 1009524.5)	(51.0, 971480.5)	(52.0, 901184.5)	(53.0, 804922.5)	(54.0, 687024.5)	(55.0, 553782.0)	(56.0, 418559.0)	(57.0, 294881.0)	(58.0, 194267.0)	(59.0, 118936.0)	(60.0, 68302.5)	(61.0, 38668.0)	(62.0, 20905.5)	(63.0, 10163.5)	(64.0, 5846.5)	(65.0, 3766.0)	(66.0, 2769.5)	(67.0, 1862.5)	(68.0, 981.5)	(69.0, 684.0)	(70.0, 499.5)	(71.0, 315.0)	(72.0, 195.5)	(73.0, 137.0)	(74.0, 82.0)	(75.0, 52.0)	(76.0, 43.0)	(77.0, 36.5)	(78.0, 31.5)	(79.0, 27.0)	(80.0, 18.5)	(81.0, 11.5)	(82.0, 15.0)	(83.0, 16.5)	(84.0, 14.0)	(85.0, 10.0)	(86.0, 11.5)	(87.0, 12.5)	(88.0, 9.5)	(89.0, 9.0)	(90.0, 10.5)	(91.0, 10.0)	(92.0, 8.5)	(93.0, 8.0)	(94.0, 9.0)	(95.0, 11.5)	(96.0, 19.5)	(97.0, 30.0)	(98.0, 66.5)	(99.0, 84.5)	(100.0, 49.0)
SRR34661417	(0.0, 17.0)	(1.0, 10.5)	(2.0, 5.0)	(3.0, 7.0)	(4.0, 6.0)	(5.0, 3.0)	(6.0, 1.5)	(7.0, 2.0)	(8.0, 2.5)	(9.0, 2.5)	(10.0, 3.5)	(11.0, 5.0)	(12.0, 6.0)	(13.0, 10.5)	(14.0, 17.0)	(15.0, 11.5)	(16.0, 6.5)	(17.0, 13.5)	(18.0, 20.5)	(19.0, 22.5)	(20.0, 28.0)	(21.0, 48.0)	(22.0, 65.5)	(23.0, 72.0)	(24.0, 99.5)	(25.0, 176.5)	(26.0, 289.0)	(27.0, 493.0)	(28.0, 891.0)	(29.0, 1301.0)	(30.0, 1894.0)	(31.0, 3110.0)	(32.0, 5367.0)	(33.0, 9109.5)	(34.0, 15607.5)	(35.0, 27062.5)	(36.0, 44512.5)	(37.0, 71134.0)	(38.0, 107982.0)	(39.0, 150988.5)	(40.0, 192301.5)	(41.0, 227881.5)	(42.0, 260203.5)	(43.0, 306660.0)	(44.0, 379254.0)	(45.0, 492480.0)	(46.0, 652101.0)	(47.0, 836771.0)	(48.0, 1004744.0)	(49.0, 1125131.5)	(50.0, 1197149.5)	(51.0, 1197775.0)	(52.0, 1107089.0)	(53.0, 943615.0)	(54.0, 741524.0)	(55.0, 536225.5)	(56.0, 359838.0)	(57.0, 225863.0)	(58.0, 134242.5)	(59.0, 77499.5)	(60.0, 44313.0)	(61.0, 26429.5)	(62.0, 15901.0)	(63.0, 8903.0)	(64.0, 5530.5)	(65.0, 3651.0)	(66.0, 2525.0)	(67.0, 1626.0)	(68.0, 963.5)	(69.0, 637.5)	(70.0, 419.0)	(71.0, 294.0)	(72.0, 182.5)	(73.0, 130.0)	(74.0, 96.5)	(75.0, 54.0)	(76.0, 31.0)	(77.0, 25.0)	(78.0, 21.5)	(79.0, 16.5)	(80.0, 23.5)	(81.0, 23.0)	(82.0, 16.0)	(83.0, 15.5)	(84.0, 13.5)	(85.0, 15.5)	(86.0, 19.5)	(87.0, 16.5)	(88.0, 13.0)	(89.0, 13.5)	(90.0, 13.0)	(91.0, 12.5)	(92.0, 12.0)	(93.0, 12.0)	(94.0, 14.5)	(95.0, 19.0)	(96.0, 24.0)	(97.0, 32.5)	(98.0, 78.5)	(99.0, 102.5)	(100.0, 58.5)
SRR34661418	(0.0, 22.0)	(1.0, 16.0)	(2.0, 7.0)	(3.0, 3.0)	(4.0, 4.5)	(5.0, 5.5)	(6.0, 4.0)	(7.0, 4.5)	(8.0, 5.5)	(9.0, 5.5)	(10.0, 4.5)	(11.0, 6.5)	(12.0, 13.0)	(13.0, 17.5)	(14.0, 15.0)	(15.0, 13.0)	(16.0, 25.0)	(17.0, 29.5)	(18.0, 24.5)	(19.0, 25.0)	(20.0, 40.0)	(21.0, 60.5)	(22.0, 69.5)	(23.0, 87.5)	(24.0, 140.0)	(25.0, 249.5)	(26.0, 358.0)	(27.0, 592.0)	(28.0, 1140.5)	(29.0, 1586.0)	(30.0, 2267.0)	(31.0, 3656.5)	(32.0, 5715.0)	(33.0, 8964.0)	(34.0, 14052.5)	(35.0, 22639.5)	(36.0, 36456.0)	(37.0, 56564.5)	(38.0, 83789.0)	(39.0, 116892.5)	(40.0, 151162.5)	(41.0, 184964.0)	(42.0, 222711.0)	(43.0, 278276.5)	(44.0, 355567.5)	(45.0, 467477.5)	(46.0, 620690.5)	(47.0, 794104.5)	(48.0, 949963.0)	(49.0, 1060451.0)	(50.0, 1119226.5)	(51.0, 1107933.0)	(52.0, 1013593.0)	(53.0, 856287.5)	(54.0, 670506.5)	(55.0, 485076.5)	(56.0, 326599.5)	(57.0, 206712.5)	(58.0, 124979.5)	(59.0, 73020.5)	(60.0, 42076.5)	(61.0, 24862.0)	(62.0, 14371.5)	(63.0, 8060.0)	(64.0, 5016.0)	(65.0, 3192.0)	(66.0, 2180.0)	(67.0, 1471.5)	(68.0, 847.5)	(69.0, 529.0)	(70.0, 355.5)	(71.0, 235.0)	(72.0, 151.0)	(73.0, 115.0)	(74.0, 76.5)	(75.0, 49.5)	(76.0, 33.0)	(77.0, 26.5)	(78.0, 26.5)	(79.0, 24.5)	(80.0, 24.0)	(81.0, 26.5)	(82.0, 27.5)	(83.0, 25.5)	(84.0, 20.5)	(85.0, 20.5)	(86.0, 24.5)	(87.0, 22.0)	(88.0, 16.0)	(89.0, 9.5)	(90.0, 8.0)	(91.0, 10.5)	(92.0, 13.0)	(93.0, 14.0)	(94.0, 14.5)	(95.0, 18.0)	(96.0, 21.5)	(97.0, 33.0)	(98.0, 77.0)	(99.0, 99.0)	(100.0, 63.5)
SRR34661419	(0.0, 6.0)	(1.0, 6.0)	(2.0, 4.5)	(3.0, 2.0)	(4.0, 1.5)	(5.0, 1.0)	(6.0, 1.0)	(7.0, 3.0)	(8.0, 3.0)	(9.0, 1.5)	(10.0, 0.5)	(11.0, 1.0)	(12.0, 2.5)	(13.0, 3.5)	(14.0, 6.5)	(15.0, 6.0)	(16.0, 7.5)	(17.0, 9.5)	(18.0, 12.0)	(19.0, 21.0)	(20.0, 23.5)	(21.0, 24.5)	(22.0, 33.0)	(23.0, 47.0)	(24.0, 71.5)	(25.0, 114.0)	(26.0, 166.0)	(27.0, 274.0)	(28.0, 519.0)	(29.0, 720.0)	(30.0, 1029.0)	(31.0, 1684.5)	(32.0, 2484.0)	(33.0, 3782.5)	(34.0, 6003.0)	(35.0, 10010.5)	(36.0, 16491.5)	(37.0, 26146.5)	(38.0, 39548.5)	(39.0, 55897.0)	(40.0, 72791.5)	(41.0, 91339.5)	(42.0, 117961.0)	(43.0, 163404.5)	(44.0, 237031.0)	(45.0, 342525.5)	(46.0, 478451.0)	(47.0, 638053.0)	(48.0, 809187.0)	(49.0, 965382.5)	(50.0, 1074528.0)	(51.0, 1106678.0)	(52.0, 1043469.5)	(53.0, 897921.5)	(54.0, 703836.0)	(55.0, 503704.0)	(56.0, 331670.0)	(57.0, 202053.0)	(58.0, 115333.5)	(59.0, 62551.5)	(60.0, 32904.5)	(61.0, 17446.5)	(62.0, 9395.5)	(63.0, 4948.5)	(64.0, 2901.0)	(65.0, 1859.0)	(66.0, 1229.0)	(67.0, 759.0)	(68.0, 445.0)	(69.0, 286.5)	(70.0, 192.5)	(71.0, 129.0)	(72.0, 100.5)	(73.0, 71.0)	(74.0, 50.0)	(75.0, 33.5)	(76.0, 26.0)	(77.0, 26.5)	(78.0, 22.0)	(79.0, 15.0)	(80.0, 16.5)	(81.0, 17.5)	(82.0, 22.5)	(83.0, 24.0)	(84.0, 21.0)	(85.0, 19.0)	(86.0, 20.5)	(87.0, 21.5)	(88.0, 16.5)	(89.0, 18.5)	(90.0, 18.0)	(91.0, 15.0)	(92.0, 12.0)	(93.0, 12.5)	(94.0, 17.0)	(95.0, 19.5)	(96.0, 24.0)	(97.0, 32.5)	(98.0, 73.0)	(99.0, 90.0)	(100.0, 56.5)
SRR34661420	(0.0, 5.0)	(1.0, 5.0)	(2.0, 4.0)	(3.0, 2.5)	(4.0, 2.5)	(5.0, 3.0)	(6.0, 2.5)	(7.0, 1.5)	(8.0, 1.0)	(9.0, 2.5)	(10.0, 5.0)	(11.0, 6.0)	(12.0, 6.0)	(13.0, 9.0)	(14.0, 11.0)	(15.0, 15.0)	(16.0, 19.5)	(17.0, 18.5)	(18.0, 18.5)	(19.0, 20.5)	(20.0, 31.0)	(21.0, 42.0)	(22.0, 60.5)	(23.0, 89.5)	(24.0, 113.5)	(25.0, 214.0)	(26.0, 375.5)	(27.0, 589.0)	(28.0, 1102.5)	(29.0, 1581.0)	(30.0, 2277.0)	(31.0, 3619.0)	(32.0, 6025.5)	(33.0, 10267.5)	(34.0, 17149.0)	(35.0, 28947.0)	(36.0, 47563.5)	(37.0, 75584.0)	(38.0, 114454.5)	(39.0, 159972.0)	(40.0, 202057.5)	(41.0, 235593.5)	(42.0, 267262.5)	(43.0, 317883.5)	(44.0, 395721.5)	(45.0, 509207.0)	(46.0, 664674.0)	(47.0, 836169.5)	(48.0, 987080.5)	(49.0, 1097067.0)	(50.0, 1156985.0)	(51.0, 1146700.5)	(52.0, 1054863.0)	(53.0, 897281.0)	(54.0, 703799.0)	(55.0, 508156.0)	(56.0, 340373.5)	(57.0, 214190.0)	(58.0, 128532.5)	(59.0, 74654.0)	(60.0, 43311.5)	(61.0, 26444.5)	(62.0, 16389.0)	(63.0, 9708.0)	(64.0, 6254.0)	(65.0, 4026.5)	(66.0, 2652.0)	(67.0, 1694.5)	(68.0, 933.0)	(69.0, 586.5)	(70.0, 370.0)	(71.0, 235.0)	(72.0, 166.5)	(73.0, 95.5)	(74.0, 58.5)	(75.0, 45.5)	(76.0, 41.5)	(77.0, 34.5)	(78.0, 23.5)	(79.0, 20.5)	(80.0, 17.0)	(81.0, 19.5)	(82.0, 19.0)	(83.0, 17.0)	(84.0, 17.0)	(85.0, 16.0)	(86.0, 16.5)	(87.0, 14.0)	(88.0, 12.5)	(89.0, 15.5)	(90.0, 13.5)	(91.0, 10.0)	(92.0, 8.0)	(93.0, 11.0)	(94.0, 17.0)	(95.0, 19.0)	(96.0, 28.0)	(97.0, 41.5)	(98.0, 91.0)	(99.0, 117.5)	(100.0, 75.5)
SRR34661421	(0.0, 7.0)	(1.0, 8.5)	(2.0, 7.0)	(3.0, 3.0)	(4.0, 1.0)	(5.0, 0.5)	(6.0, 1.0)	(7.0, 1.0)	(8.0, 3.5)	(9.0, 4.0)	(10.0, 2.5)	(11.0, 2.5)	(12.0, 5.5)	(13.0, 8.5)	(14.0, 11.5)	(15.0, 14.5)	(16.0, 12.5)	(17.0, 16.5)	(18.0, 18.0)	(19.0, 19.5)	(20.0, 23.5)	(21.0, 32.5)	(22.0, 43.5)	(23.0, 63.5)	(24.0, 110.5)	(25.0, 167.0)	(26.0, 247.0)	(27.0, 430.0)	(28.0, 770.0)	(29.0, 1117.0)	(30.0, 1666.5)	(31.0, 2742.5)	(32.0, 4714.0)	(33.0, 8024.5)	(34.0, 14127.5)	(35.0, 24472.0)	(36.0, 39762.0)	(37.0, 62782.0)	(38.0, 95375.0)	(39.0, 134200.0)	(40.0, 171689.0)	(41.0, 204484.0)	(42.0, 236953.0)	(43.0, 288728.0)	(44.0, 373506.0)	(45.0, 511592.5)	(46.0, 712374.0)	(47.0, 950540.0)	(48.0, 1175879.5)	(49.0, 1340029.5)	(50.0, 1426895.5)	(51.0, 1415076.0)	(52.0, 1294775.0)	(53.0, 1098107.5)	(54.0, 867570.5)	(55.0, 638706.5)	(56.0, 441603.5)	(57.0, 288965.0)	(58.0, 180954.0)	(59.0, 109488.5)	(60.0, 65143.0)	(61.0, 40135.5)	(62.0, 24516.0)	(63.0, 13869.5)	(64.0, 8307.0)	(65.0, 5325.0)	(66.0, 3445.5)	(67.0, 2072.0)	(68.0, 1146.0)	(69.0, 723.0)	(70.0, 461.5)	(71.0, 281.0)	(72.0, 196.0)	(73.0, 147.0)	(74.0, 91.0)	(75.0, 54.5)	(76.0, 40.0)	(77.0, 36.0)	(78.0, 33.5)	(79.0, 24.5)	(80.0, 16.5)	(81.0, 15.5)	(82.0, 22.0)	(83.0, 18.5)	(84.0, 15.5)	(85.0, 17.0)	(86.0, 13.5)	(87.0, 14.5)	(88.0, 9.0)	(89.0, 4.0)	(90.0, 8.5)	(91.0, 11.5)	(92.0, 11.5)	(93.0, 12.0)	(94.0, 18.0)	(95.0, 29.0)	(96.0, 28.5)	(97.0, 37.5)	(98.0, 94.5)	(99.0, 124.5)	(100.0, 80.5)
SRR34661422	(0.0, 8.0)	(1.0, 6.5)	(2.0, 3.5)	(3.0, 2.5)	(4.0, 4.5)	(5.0, 5.0)	(6.0, 2.5)	(7.0, 0.5)	(8.0, 1.5)	(9.0, 2.5)	(10.0, 4.5)	(11.0, 3.5)	(12.0, 1.5)	(13.0, 9.0)	(14.0, 11.0)	(15.0, 8.5)	(16.0, 12.5)	(17.0, 13.5)	(18.0, 16.5)	(19.0, 23.5)	(20.0, 31.5)	(21.0, 44.0)	(22.0, 62.0)	(23.0, 84.5)	(24.0, 112.0)	(25.0, 220.0)	(26.0, 394.0)	(27.0, 669.0)	(28.0, 1209.5)	(29.0, 1741.5)	(30.0, 2546.0)	(31.0, 4092.0)	(32.0, 6314.5)	(33.0, 10036.0)	(34.0, 16242.0)	(35.0, 26601.0)	(36.0, 43026.5)	(37.0, 67503.0)	(38.0, 101394.5)	(39.0, 140795.0)	(40.0, 179594.0)	(41.0, 216733.5)	(42.0, 257639.0)	(43.0, 318659.0)	(44.0, 411316.5)	(45.0, 543478.0)	(46.0, 713017.0)	(47.0, 891948.5)	(48.0, 1041523.5)	(49.0, 1142496.5)	(50.0, 1205929.0)	(51.0, 1226858.5)	(52.0, 1188196.0)	(53.0, 1090836.0)	(54.0, 941195.5)	(55.0, 756069.5)	(56.0, 561695.5)	(57.0, 384653.5)	(58.0, 245653.5)	(59.0, 147536.0)	(60.0, 84670.5)	(61.0, 49078.0)	(62.0, 28218.5)	(63.0, 15816.0)	(64.0, 9754.0)	(65.0, 6246.5)	(66.0, 4159.5)	(67.0, 2615.0)	(68.0, 1526.5)	(69.0, 1000.5)	(70.0, 620.0)	(71.0, 365.5)	(72.0, 253.0)	(73.0, 173.0)	(74.0, 104.0)	(75.0, 62.0)	(76.0, 47.5)	(77.0, 35.5)	(78.0, 26.5)	(79.0, 24.5)	(80.0, 22.0)	(81.0, 20.5)	(82.0, 20.0)	(83.0, 19.0)	(84.0, 20.5)	(85.0, 18.0)	(86.0, 15.0)	(87.0, 13.5)	(88.0, 10.5)	(89.0, 8.5)	(90.0, 8.5)	(91.0, 14.5)	(92.0, 16.5)	(93.0, 15.0)	(94.0, 19.0)	(95.0, 25.5)	(96.0, 30.5)	(97.0, 39.5)	(98.0, 92.5)	(99.0, 112.5)	(100.0, 69.0)
SRR34661423	(0.0, 19.0)	(1.0, 14.0)	(2.0, 9.5)	(3.0, 9.0)	(4.0, 8.5)	(5.0, 6.5)	(6.0, 5.0)	(7.0, 4.5)	(8.0, 5.0)	(9.0, 5.0)	(10.0, 6.5)	(11.0, 7.0)	(12.0, 9.0)	(13.0, 18.0)	(14.0, 18.0)	(15.0, 17.0)	(16.0, 25.5)	(17.0, 25.5)	(18.0, 23.5)	(19.0, 28.5)	(20.0, 39.0)	(21.0, 54.5)	(22.0, 62.5)	(23.0, 82.5)	(24.0, 126.0)	(25.0, 185.0)	(26.0, 283.5)	(27.0, 446.5)	(28.0, 833.0)	(29.0, 1150.5)	(30.0, 1619.5)	(31.0, 2816.0)	(32.0, 4838.5)	(33.0, 8400.5)	(34.0, 14844.5)	(35.0, 26073.0)	(36.0, 42907.5)	(37.0, 67900.0)	(38.0, 103033.5)	(39.0, 145312.5)	(40.0, 186311.0)	(41.0, 219599.5)	(42.0, 244961.0)	(43.0, 273462.5)	(44.0, 312844.0)	(45.0, 377655.5)	(46.0, 477435.5)	(47.0, 590128.0)	(48.0, 681898.5)	(49.0, 740934.0)	(50.0, 786146.0)	(51.0, 819347.0)	(52.0, 820551.0)	(53.0, 781541.0)	(54.0, 702298.0)	(55.0, 588201.0)	(56.0, 456801.0)	(57.0, 327843.0)	(58.0, 217060.5)	(59.0, 132914.0)	(60.0, 76251.5)	(61.0, 42079.0)	(62.0, 22216.0)	(63.0, 11039.5)	(64.0, 6071.0)	(65.0, 3704.0)	(66.0, 2395.5)	(67.0, 1511.5)	(68.0, 923.0)	(69.0, 579.0)	(70.0, 380.0)	(71.0, 247.0)	(72.0, 156.0)	(73.0, 118.0)	(74.0, 81.5)	(75.0, 46.5)	(76.0, 31.0)	(77.0, 30.5)	(78.0, 24.5)	(79.0, 19.5)	(80.0, 15.0)	(81.0, 12.5)	(82.0, 18.5)	(83.0, 20.0)	(84.0, 17.5)	(85.0, 12.5)	(86.0, 11.0)	(87.0, 13.0)	(88.0, 12.0)	(89.0, 6.0)	(90.0, 8.0)	(91.0, 9.0)	(92.0, 8.0)	(93.0, 12.5)	(94.0, 15.5)	(95.0, 16.5)	(96.0, 20.5)	(97.0, 30.5)	(98.0, 66.0)	(99.0, 98.5)	(100.0, 71.0)
SRR34661424	(0.0, 31.0)	(1.0, 22.5)	(2.0, 10.5)	(3.0, 10.5)	(4.0, 9.0)	(5.0, 6.5)	(6.0, 7.5)	(7.0, 9.0)	(8.0, 12.0)	(9.0, 11.5)	(10.0, 10.0)	(11.0, 12.0)	(12.0, 12.0)	(13.0, 8.5)	(14.0, 11.0)	(15.0, 12.5)	(16.0, 16.0)	(17.0, 27.0)	(18.0, 35.0)	(19.0, 56.5)	(20.0, 84.0)	(21.0, 105.5)	(22.0, 156.0)	(23.0, 258.0)	(24.0, 424.5)	(25.0, 706.5)	(26.0, 1147.5)	(27.0, 1888.5)	(28.0, 3313.0)	(29.0, 5692.5)	(30.0, 9852.5)	(31.0, 17767.0)	(32.0, 30454.0)	(33.0, 48703.0)	(34.0, 80096.0)	(35.0, 131465.5)	(36.0, 197058.5)	(37.0, 278180.0)	(38.0, 382890.5)	(39.0, 525039.0)	(40.0, 675649.0)	(41.0, 836706.5)	(42.0, 1015461.0)	(43.0, 1175097.5)	(44.0, 1308553.0)	(45.0, 1440657.5)	(46.0, 1572925.0)	(47.0, 1699265.0)	(48.0, 1797381.0)	(49.0, 1845810.0)	(50.0, 1877617.0)	(51.0, 1866689.5)	(52.0, 1783166.5)	(53.0, 1640154.5)	(54.0, 1472419.0)	(55.0, 1283013.5)	(56.0, 1075805.0)	(57.0, 885682.5)	(58.0, 717462.5)	(59.0, 555880.5)	(60.0, 419310.0)	(61.0, 312622.5)	(62.0, 226188.5)	(63.0, 159656.5)	(64.0, 107452.5)	(65.0, 72345.0)	(66.0, 45443.5)	(67.0, 28183.5)	(68.0, 17872.0)	(69.0, 10660.5)	(70.0, 6335.5)	(71.0, 3581.0)	(72.0, 2051.5)	(73.0, 1089.0)	(74.0, 530.5)	(75.0, 208.5)	(76.0, 77.0)	(77.0, 43.0)	(78.0, 15.5)	(79.0, 6.5)	(80.0, 7.0)	(81.0, 4.5)	(82.0, 4.0)	(83.0, 4.5)	(84.0, 4.0)	(85.0, 4.0)	(86.0, 4.0)	(87.0, 3.5)	(88.0, 2.0)	(89.0, 1.0)	(90.0, 2.0)	(91.0, 1.5)	(92.0, 0.5)	(93.0, 1.0)	(94.0, 1.0)	(95.0, 0.5)	(96.0, 0.5)	(97.0, 0.0)	(98.0, 0.0)	(99.0, 0.0)	(100.0, 2.5)
SRR34661425	(0.0, 30.0)	(1.0, 30.5)	(2.0, 34.0)	(3.0, 28.0)	(4.0, 19.0)	(5.0, 17.5)	(6.0, 16.0)	(7.0, 19.0)	(8.0, 24.0)	(9.0, 24.5)	(10.0, 27.5)	(11.0, 38.0)	(12.0, 42.0)	(13.0, 47.5)	(14.0, 69.5)	(15.0, 86.0)	(16.0, 117.0)	(17.0, 170.0)	(18.0, 231.0)	(19.0, 303.0)	(20.0, 411.0)	(21.0, 551.0)	(22.0, 766.5)	(23.0, 1132.0)	(24.0, 1573.0)	(25.0, 2373.0)	(26.0, 3690.5)	(27.0, 5613.0)	(28.0, 9155.5)	(29.0, 13813.0)	(30.0, 21057.0)	(31.0, 34380.5)	(32.0, 53891.5)	(33.0, 80149.0)	(34.0, 123035.5)	(35.0, 189235.0)	(36.0, 270347.0)	(37.0, 361018.5)	(38.0, 466491.5)	(39.0, 599902.5)	(40.0, 727435.5)	(41.0, 846528.5)	(42.0, 971001.5)	(43.0, 1068925.5)	(44.0, 1134173.5)	(45.0, 1186898.5)	(46.0, 1222740.0)	(47.0, 1236979.0)	(48.0, 1208471.5)	(49.0, 1147863.0)	(50.0, 1104945.5)	(51.0, 1055191.5)	(52.0, 970934.5)	(53.0, 871289.0)	(54.0, 780401.5)	(55.0, 683684.5)	(56.0, 580105.0)	(57.0, 488005.0)	(58.0, 403046.5)	(59.0, 315186.5)	(60.0, 239343.0)	(61.0, 179599.0)	(62.0, 129725.5)	(63.0, 90553.5)	(64.0, 61756.0)	(65.0, 42088.0)	(66.0, 26832.5)	(67.0, 17163.5)	(68.0, 11281.5)	(69.0, 7105.0)	(70.0, 4470.5)	(71.0, 2700.5)	(72.0, 1559.5)	(73.0, 834.0)	(74.0, 419.0)	(75.0, 186.5)	(76.0, 75.5)	(77.0, 25.0)	(78.0, 11.5)	(79.0, 10.0)	(80.0, 7.5)	(81.0, 5.5)	(82.0, 4.0)	(83.0, 4.5)	(84.0, 4.5)	(85.0, 2.5)	(86.0, 2.0)	(87.0, 3.5)	(88.0, 2.5)	(89.0, 1.0)	(90.0, 1.0)	(91.0, 0.5)	(92.0, 0.0)	(93.0, 0.0)	(94.0, 0.0)	(95.0, 0.0)	(96.0, 2.0)	(97.0, 2.5)	(98.0, 0.5)	(99.0, 1.0)	(100.0, 3.0)
SRR34661426	(0.0, 64.0)	(1.0, 58.5)	(2.0, 43.0)	(3.0, 26.5)	(4.0, 21.0)	(5.0, 17.0)	(6.0, 14.5)	(7.0, 15.0)	(8.0, 17.5)	(9.0, 22.5)	(10.0, 27.0)	(11.0, 31.5)	(12.0, 31.5)	(13.0, 33.5)	(14.0, 46.0)	(15.0, 63.0)	(16.0, 80.0)	(17.0, 104.0)	(18.0, 142.5)	(19.0, 191.0)	(20.0, 278.0)	(21.0, 382.5)	(22.0, 516.5)	(23.0, 738.0)	(24.0, 1004.0)	(25.0, 1510.0)	(26.0, 2221.5)	(27.0, 3340.0)	(28.0, 5427.0)	(29.0, 7985.0)	(30.0, 11929.0)	(31.0, 19720.0)	(32.0, 32044.5)	(33.0, 49086.5)	(34.0, 77381.0)	(35.0, 122546.0)	(36.0, 179111.5)	(37.0, 247123.5)	(38.0, 330105.0)	(39.0, 439844.5)	(40.0, 548292.0)	(41.0, 659298.0)	(42.0, 783949.5)	(43.0, 884890.5)	(44.0, 967177.0)	(45.0, 1049355.0)	(46.0, 1120943.0)	(47.0, 1180801.5)	(48.0, 1216029.5)	(49.0, 1231847.0)	(50.0, 1265662.0)	(51.0, 1263335.5)	(52.0, 1191013.0)	(53.0, 1095657.5)	(54.0, 1000667.5)	(55.0, 888594.5)	(56.0, 762228.0)	(57.0, 644172.0)	(58.0, 534467.5)	(59.0, 420716.0)	(60.0, 321509.0)	(61.0, 242963.0)	(62.0, 177271.5)	(63.0, 125828.0)	(64.0, 85817.5)	(65.0, 58072.0)	(66.0, 36675.0)	(67.0, 23389.0)	(68.0, 15367.5)	(69.0, 9462.5)	(70.0, 5775.0)	(71.0, 3371.0)	(72.0, 1940.0)	(73.0, 1013.0)	(74.0, 500.5)	(75.0, 210.0)	(76.0, 79.5)	(77.0, 33.0)	(78.0, 15.0)	(79.0, 8.5)	(80.0, 6.0)	(81.0, 3.5)	(82.0, 5.0)	(83.0, 5.5)	(84.0, 2.5)	(85.0, 1.5)	(86.0, 2.0)	(87.0, 2.0)	(88.0, 1.0)	(89.0, 1.5)	(90.0, 1.5)	(91.0, 0.5)	(92.0, 0.0)	(93.0, 0.5)	(94.0, 1.0)	(95.0, 0.5)	(96.0, 0.0)	(97.0, 0.0)	(98.0, 1.0)	(99.0, 2.0)	(100.0, 2.0)
SRR34661427	(0.0, 104.0)	(1.0, 105.5)	(2.0, 102.5)	(3.0, 79.5)	(4.0, 62.0)	(5.0, 61.0)	(6.0, 53.5)	(7.0, 42.5)	(8.0, 41.5)	(9.0, 49.5)	(10.0, 50.5)	(11.0, 55.5)	(12.0, 56.5)	(13.0, 57.0)	(14.0, 83.5)	(15.0, 108.0)	(16.0, 146.5)	(17.0, 186.0)	(18.0, 235.0)	(19.0, 317.5)	(20.0, 423.0)	(21.0, 597.0)	(22.0, 856.5)	(23.0, 1218.5)	(24.0, 1664.0)	(25.0, 2546.0)	(26.0, 3819.5)	(27.0, 5696.0)	(28.0, 9276.5)	(29.0, 13325.5)	(30.0, 19539.0)	(31.0, 31878.5)	(32.0, 51205.5)	(33.0, 77199.0)	(34.0, 118821.0)	(35.0, 185538.0)	(36.0, 268468.5)	(37.0, 365487.0)	(38.0, 483047.5)	(39.0, 634097.5)	(40.0, 777490.5)	(41.0, 912111.5)	(42.0, 1053498.5)	(43.0, 1162842.0)	(44.0, 1235462.0)	(45.0, 1287004.0)	(46.0, 1323083.0)	(47.0, 1346270.5)	(48.0, 1322887.5)	(49.0, 1271282.0)	(50.0, 1263510.5)	(51.0, 1238382.0)	(52.0, 1135894.5)	(53.0, 1015244.0)	(54.0, 917489.0)	(55.0, 816508.0)	(56.0, 702831.0)	(57.0, 593688.5)	(58.0, 495292.5)	(59.0, 392450.0)	(60.0, 301162.0)	(61.0, 229269.5)	(62.0, 168096.5)	(63.0, 118902.5)	(64.0, 81637.0)	(65.0, 55669.5)	(66.0, 35757.0)	(67.0, 23268.5)	(68.0, 15114.5)	(69.0, 9313.0)	(70.0, 5763.5)	(71.0, 3385.0)	(72.0, 1918.5)	(73.0, 1024.0)	(74.0, 544.5)	(75.0, 250.5)	(76.0, 100.0)	(77.0, 34.5)	(78.0, 8.5)	(79.0, 5.0)	(80.0, 5.0)	(81.0, 3.5)	(82.0, 5.0)	(83.0, 5.5)	(84.0, 3.5)	(85.0, 2.0)	(86.0, 1.5)	(87.0, 0.5)	(88.0, 1.5)	(89.0, 2.5)	(90.0, 2.5)	(91.0, 3.5)	(92.0, 3.5)	(93.0, 1.5)	(94.0, 0.5)	(95.0, 0.0)	(96.0, 0.5)	(97.0, 0.5)	(98.0, 0.5)	(99.0, 0.5)	(100.0, 1.5)
SRR34661428	(0.0, 469.0)	(1.0, 355.5)	(2.0, 218.5)	(3.0, 180.0)	(4.0, 151.0)	(5.0, 137.0)	(6.0, 133.0)	(7.0, 127.0)	(8.0, 133.5)	(9.0, 147.5)	(10.0, 167.5)	(11.0, 180.0)	(12.0, 166.0)	(13.0, 177.5)	(14.0, 200.5)	(15.0, 205.5)	(16.0, 228.5)	(17.0, 251.5)	(18.0, 279.0)	(19.0, 313.0)	(20.0, 366.5)	(21.0, 456.0)	(22.0, 562.5)	(23.0, 757.5)	(24.0, 1129.5)	(25.0, 2281.5)	(26.0, 3868.0)	(27.0, 6358.5)	(28.0, 12322.0)	(29.0, 18455.5)	(30.0, 28150.5)	(31.0, 46648.0)	(32.0, 73943.5)	(33.0, 106765.5)	(34.0, 155650.5)	(35.0, 232064.5)	(36.0, 328278.5)	(37.0, 435456.5)	(38.0, 560046.0)	(39.0, 718064.5)	(40.0, 877083.0)	(41.0, 1033508.5)	(42.0, 1197937.0)	(43.0, 1345169.5)	(44.0, 1471142.0)	(45.0, 1601269.0)	(46.0, 1725084.0)	(47.0, 1821619.0)	(48.0, 1887515.5)	(49.0, 1927147.5)	(50.0, 2030918.5)	(51.0, 2080757.5)	(52.0, 1953626.0)	(53.0, 1786760.5)	(54.0, 1642696.0)	(55.0, 1488198.0)	(56.0, 1315718.0)	(57.0, 1142606.0)	(58.0, 970572.0)	(59.0, 794440.0)	(60.0, 639102.5)	(61.0, 521927.5)	(62.0, 401566.0)	(63.0, 284379.5)	(64.0, 203434.5)	(65.0, 143880.5)	(66.0, 97648.5)	(67.0, 66530.5)	(68.0, 44172.5)	(69.0, 28033.5)	(70.0, 17849.5)	(71.0, 10716.0)	(72.0, 6261.5)	(73.0, 3333.0)	(74.0, 1600.0)	(75.0, 682.0)	(76.0, 269.0)	(77.0, 119.0)	(78.0, 47.0)	(79.0, 21.5)	(80.0, 11.0)	(81.0, 6.5)	(82.0, 10.5)	(83.0, 8.0)	(84.0, 6.5)	(85.0, 7.0)	(86.0, 3.0)	(87.0, 3.5)	(88.0, 3.0)	(89.0, 2.0)	(90.0, 1.5)	(91.0, 0.0)	(92.0, 1.0)	(93.0, 1.0)	(94.0, 0.5)	(95.0, 1.0)	(96.0, 0.5)	(97.0, 0.5)	(98.0, 0.5)	(99.0, 0.5)	(100.0, 4.0)
SRR34661429	(0.0, 149.0)	(1.0, 112.5)	(2.0, 73.0)	(3.0, 63.5)	(4.0, 54.5)	(5.0, 47.5)	(6.0, 42.0)	(7.0, 40.5)	(8.0, 42.5)	(9.0, 48.0)	(10.0, 56.5)	(11.0, 58.5)	(12.0, 64.5)	(13.0, 72.5)	(14.0, 73.0)	(15.0, 83.5)	(16.0, 110.0)	(17.0, 132.0)	(18.0, 140.0)	(19.0, 177.0)	(20.0, 235.0)	(21.0, 313.0)	(22.0, 439.0)	(23.0, 651.5)	(24.0, 1031.5)	(25.0, 1933.5)	(26.0, 3363.0)	(27.0, 5639.5)	(28.0, 10424.0)	(29.0, 16222.0)	(30.0, 25309.0)	(31.0, 41530.0)	(32.0, 64676.5)	(33.0, 93571.5)	(34.0, 138653.0)	(35.0, 205299.5)	(36.0, 286725.0)	(37.0, 375290.0)	(38.0, 474411.0)	(39.0, 594787.0)	(40.0, 711806.5)	(41.0, 818619.5)	(42.0, 920489.0)	(43.0, 1007285.5)	(44.0, 1071309.5)	(45.0, 1127762.0)	(46.0, 1183562.5)	(47.0, 1228847.5)	(48.0, 1243063.5)	(49.0, 1233737.5)	(50.0, 1246481.5)	(51.0, 1237553.0)	(52.0, 1167687.5)	(53.0, 1075618.0)	(54.0, 989462.0)	(55.0, 894246.0)	(56.0, 786028.0)	(57.0, 682598.0)	(58.0, 582129.5)	(59.0, 475057.0)	(60.0, 377340.0)	(61.0, 297156.5)	(62.0, 225557.5)	(63.0, 164325.5)	(64.0, 117452.0)	(65.0, 83725.5)	(66.0, 57045.0)	(67.0, 39149.5)	(68.0, 26700.0)	(69.0, 17347.0)	(70.0, 11271.0)	(71.0, 6968.0)	(72.0, 4184.5)	(73.0, 2261.5)	(74.0, 1121.0)	(75.0, 493.0)	(76.0, 197.5)	(77.0, 84.0)	(78.0, 30.0)	(79.0, 12.5)	(80.0, 4.5)	(81.0, 2.0)	(82.0, 4.0)	(83.0, 3.0)	(84.0, 2.5)	(85.0, 2.0)	(86.0, 1.0)	(87.0, 1.0)	(88.0, 1.5)	(89.0, 1.0)	(90.0, 1.0)	(91.0, 2.0)	(92.0, 1.5)	(93.0, 0.5)	(94.0, 0.5)	(95.0, 1.0)	(96.0, 0.5)	(97.0, 0.0)	(98.0, 0.0)	(99.0, 0.0)	(100.0, 2.0)
SRR34661430	(0.0, 115.0)	(1.0, 129.5)	(2.0, 152.5)	(3.0, 142.5)	(4.0, 106.0)	(5.0, 82.0)	(6.0, 77.0)	(7.0, 66.5)	(8.0, 60.0)	(9.0, 66.0)	(10.0, 73.5)	(11.0, 72.0)	(12.0, 69.5)	(13.0, 75.0)	(14.0, 79.0)	(15.0, 98.0)	(16.0, 128.5)	(17.0, 163.0)	(18.0, 208.0)	(19.0, 271.0)	(20.0, 337.5)	(21.0, 440.0)	(22.0, 609.5)	(23.0, 864.0)	(24.0, 1239.5)	(25.0, 1935.0)	(26.0, 2883.5)	(27.0, 4307.0)	(28.0, 7075.0)	(29.0, 10736.0)	(30.0, 16579.5)	(31.0, 27946.5)	(32.0, 45874.0)	(33.0, 71019.0)	(34.0, 112910.0)	(35.0, 180442.0)	(36.0, 265327.5)	(37.0, 364676.5)	(38.0, 484472.5)	(39.0, 641283.0)	(40.0, 798700.5)	(41.0, 962935.0)	(42.0, 1150408.0)	(43.0, 1314187.0)	(44.0, 1453242.5)	(45.0, 1585595.5)	(46.0, 1692122.0)	(47.0, 1763224.0)	(48.0, 1786984.5)	(49.0, 1772584.5)	(50.0, 1783624.5)	(51.0, 1754271.5)	(52.0, 1633682.0)	(53.0, 1491698.5)	(54.0, 1357836.0)	(55.0, 1212131.0)	(56.0, 1051890.5)	(57.0, 904266.5)	(58.0, 766306.0)	(59.0, 624660.0)	(60.0, 504618.5)	(61.0, 403331.0)	(62.0, 314579.5)	(63.0, 239824.5)	(64.0, 176762.0)	(65.0, 130388.0)	(66.0, 91591.5)	(67.0, 64590.0)	(68.0, 46321.0)	(69.0, 31345.0)	(70.0, 21307.0)	(71.0, 13914.0)	(72.0, 8607.5)	(73.0, 4745.0)	(74.0, 2347.5)	(75.0, 1064.5)	(76.0, 446.5)	(77.0, 182.5)	(78.0, 74.0)	(79.0, 25.0)	(80.0, 9.0)	(81.0, 6.5)	(82.0, 6.0)	(83.0, 4.5)	(84.0, 5.0)	(85.0, 5.5)	(86.0, 4.0)	(87.0, 2.5)	(88.0, 2.0)	(89.0, 4.0)	(90.0, 5.5)	(91.0, 4.0)	(92.0, 3.5)	(93.0, 3.0)	(94.0, 1.0)	(95.0, 1.0)	(96.0, 2.0)	(97.0, 2.0)	(98.0, 1.5)	(99.0, 1.5)	(100.0, 4.5)
SRR34661431	(0.0, 147.0)	(1.0, 159.0)	(2.0, 174.0)	(3.0, 153.5)	(4.0, 114.5)	(5.0, 92.0)	(6.0, 77.0)	(7.0, 69.0)	(8.0, 69.0)	(9.0, 73.0)	(10.0, 76.0)	(11.0, 71.5)	(12.0, 69.0)	(13.0, 77.5)	(14.0, 89.0)	(15.0, 95.0)	(16.0, 112.0)	(17.0, 132.5)	(18.0, 162.0)	(19.0, 213.5)	(20.0, 276.0)	(21.0, 344.5)	(22.0, 448.0)	(23.0, 645.5)	(24.0, 987.5)	(25.0, 1560.5)	(26.0, 2383.5)	(27.0, 3816.5)	(28.0, 6417.0)	(29.0, 9259.0)	(30.0, 13884.5)	(31.0, 23522.5)	(32.0, 38933.5)	(33.0, 60259.0)	(34.0, 96265.0)	(35.0, 154176.0)	(36.0, 226391.5)	(37.0, 309221.5)	(38.0, 408612.0)	(39.0, 539593.0)	(40.0, 673683.0)	(41.0, 816720.0)	(42.0, 976886.0)	(43.0, 1122572.0)	(44.0, 1252368.5)	(45.0, 1375114.5)	(46.0, 1479462.0)	(47.0, 1554051.0)	(48.0, 1582718.0)	(49.0, 1575775.0)	(50.0, 1636354.0)	(51.0, 1629740.5)	(52.0, 1482679.5)	(53.0, 1342286.5)	(54.0, 1221345.5)	(55.0, 1091593.0)	(56.0, 948187.5)	(57.0, 816007.0)	(58.0, 694460.0)	(59.0, 569690.0)	(60.0, 462131.0)	(61.0, 373017.5)	(62.0, 293575.5)	(63.0, 225394.0)	(64.0, 168564.0)	(65.0, 125861.0)	(66.0, 89591.0)	(67.0, 63851.5)	(68.0, 46404.0)	(69.0, 31967.0)	(70.0, 21826.5)	(71.0, 14316.0)	(72.0, 8963.0)	(73.0, 5083.5)	(74.0, 2572.0)	(75.0, 1151.5)	(76.0, 479.0)	(77.0, 202.5)	(78.0, 83.0)	(79.0, 27.5)	(80.0, 13.5)	(81.0, 7.5)	(82.0, 6.0)	(83.0, 6.5)	(84.0, 5.0)	(85.0, 5.0)	(86.0, 4.0)	(87.0, 2.5)	(88.0, 2.5)	(89.0, 1.5)	(90.0, 0.5)	(91.0, 0.0)	(92.0, 0.0)	(93.0, 1.0)	(94.0, 1.0)	(95.0, 0.5)	(96.0, 1.0)	(97.0, 2.0)	(98.0, 1.5)	(99.0, 0.5)	(100.0, 4.0)
SRR34661432	(0.0, 3540.0)	(1.0, 2164.0)	(2.0, 823.5)	(3.0, 822.0)	(4.0, 759.0)	(5.0, 768.5)	(6.0, 757.0)	(7.0, 728.5)	(8.0, 725.5)	(9.0, 730.5)	(10.0, 798.0)	(11.0, 790.0)	(12.0, 865.0)	(13.0, 1091.0)	(14.0, 1151.0)	(15.0, 1126.5)	(16.0, 1362.5)	(17.0, 1529.0)	(18.0, 1577.5)	(19.0, 1857.0)	(20.0, 2270.5)	(21.0, 2808.0)	(22.0, 3545.5)	(23.0, 4717.5)	(24.0, 7130.5)	(25.0, 11797.5)	(26.0, 19035.0)	(27.0, 32469.0)	(28.0, 64858.0)	(29.0, 96665.0)	(30.0, 148826.5)	(31.0, 242818.0)	(32.0, 376111.5)	(33.0, 557743.0)	(34.0, 792149.0)	(35.0, 1043209.0)	(36.0, 1288782.5)	(37.0, 1485993.0)	(38.0, 1600968.0)	(39.0, 1709165.5)	(40.0, 1767596.5)	(41.0, 1795799.5)	(42.0, 1854675.0)	(43.0, 1917781.5)	(44.0, 1975117.5)	(45.0, 2041593.5)	(46.0, 2097194.0)	(47.0, 2100002.5)	(48.0, 2073392.5)	(49.0, 2054964.5)	(50.0, 2283264.0)	(51.0, 2264676.5)	(52.0, 1920104.5)	(53.0, 1729595.0)	(54.0, 1582786.0)	(55.0, 1457318.0)	(56.0, 1302742.0)	(57.0, 1142837.0)	(58.0, 989639.5)	(59.0, 835930.0)	(60.0, 696829.0)	(61.0, 628284.5)	(62.0, 505220.0)	(63.0, 339024.5)	(64.0, 255673.5)	(65.0, 186465.5)	(66.0, 135325.0)	(67.0, 101506.0)	(68.0, 67996.5)	(69.0, 46998.5)	(70.0, 32146.0)	(71.0, 20664.5)	(72.0, 13884.0)	(73.0, 8412.5)	(74.0, 4685.0)	(75.0, 2660.0)	(76.0, 1623.5)	(77.0, 1060.5)	(78.0, 673.5)	(79.0, 451.5)	(80.0, 337.0)	(81.0, 299.0)	(82.0, 405.5)	(83.0, 369.5)	(84.0, 177.5)	(85.0, 125.0)	(86.0, 111.5)	(87.0, 95.5)	(88.0, 86.0)	(89.0, 70.0)	(90.0, 51.0)	(91.0, 40.5)	(92.0, 29.0)	(93.0, 23.5)	(94.0, 23.5)	(95.0, 26.5)	(96.0, 34.5)	(97.0, 49.0)	(98.0, 102.0)	(99.0, 98.5)	(100.0, 68.0)
SRR34661433	(0.0, 3098.0)	(1.0, 1799.5)	(2.0, 573.0)	(3.0, 670.0)	(4.0, 692.5)	(5.0, 666.0)	(6.0, 651.0)	(7.0, 624.5)	(8.0, 579.0)	(9.0, 571.5)	(10.0, 604.5)	(11.0, 594.0)	(12.0, 577.0)	(13.0, 655.5)	(14.0, 711.5)	(15.0, 730.0)	(16.0, 887.0)	(17.0, 1044.0)	(18.0, 1207.5)	(19.0, 1476.5)	(20.0, 1882.5)	(21.0, 2527.5)	(22.0, 3386.0)	(23.0, 4832.5)	(24.0, 7544.5)	(25.0, 13115.0)	(26.0, 22011.5)	(27.0, 37366.5)	(28.0, 74175.0)	(29.0, 111459.0)	(30.0, 171236.0)	(31.0, 278384.0)	(32.0, 432539.5)	(33.0, 645237.5)	(34.0, 919696.5)	(35.0, 1208337.0)	(36.0, 1477601.5)	(37.0, 1685558.0)	(38.0, 1806319.0)	(39.0, 1910380.5)	(40.0, 1952714.5)	(41.0, 1978132.0)	(42.0, 2039880.5)	(43.0, 2101179.0)	(44.0, 2153760.0)	(45.0, 2210859.0)	(46.0, 2270531.5)	(47.0, 2300204.5)	(48.0, 2305318.5)	(49.0, 2304390.0)	(50.0, 3252603.0)	(51.0, 3323499.0)	(52.0, 2230968.0)	(53.0, 1908308.5)	(54.0, 1737484.5)	(55.0, 1592586.5)	(56.0, 1423432.0)	(57.0, 1251458.5)	(58.0, 1091705.5)	(59.0, 931253.0)	(60.0, 786050.5)	(61.0, 752288.0)	(62.0, 617644.5)	(63.0, 391598.0)	(64.0, 293423.5)	(65.0, 220064.5)	(66.0, 164043.5)	(67.0, 122717.0)	(68.0, 85661.5)	(69.0, 61134.5)	(70.0, 43681.5)	(71.0, 29757.5)	(72.0, 20143.5)	(73.0, 12651.0)	(74.0, 7227.0)	(75.0, 4038.0)	(76.0, 2351.5)	(77.0, 1450.5)	(78.0, 869.0)	(79.0, 566.0)	(80.0, 450.5)	(81.0, 388.5)	(82.0, 370.5)	(83.0, 295.5)	(84.0, 193.0)	(85.0, 151.5)	(86.0, 127.0)	(87.0, 104.0)	(88.0, 82.5)	(89.0, 66.0)	(90.0, 51.5)	(91.0, 39.5)	(92.0, 28.5)	(93.0, 26.0)	(94.0, 24.0)	(95.0, 30.0)	(96.0, 34.5)	(97.0, 52.0)	(98.0, 118.0)	(99.0, 114.0)	(100.0, 74.0)
SRR34661434	(0.0, 3039.0)	(1.0, 1821.5)	(2.0, 618.0)	(3.0, 627.5)	(4.0, 607.0)	(5.0, 576.5)	(6.0, 550.0)	(7.0, 529.0)	(8.0, 513.0)	(9.0, 516.5)	(10.0, 540.0)	(11.0, 522.5)	(12.0, 551.0)	(13.0, 672.0)	(14.0, 699.0)	(15.0, 690.0)	(16.0, 856.5)	(17.0, 1015.0)	(18.0, 1166.5)	(19.0, 1420.5)	(20.0, 1759.5)	(21.0, 2290.0)	(22.0, 3066.5)	(23.0, 4372.5)	(24.0, 6884.5)	(25.0, 11948.5)	(26.0, 20000.5)	(27.0, 33662.0)	(28.0, 64454.0)	(29.0, 100195.5)	(30.0, 159064.0)	(31.0, 260647.0)	(32.0, 408531.0)	(33.0, 618191.0)	(34.0, 896513.5)	(35.0, 1186091.0)	(36.0, 1446850.0)	(37.0, 1636215.0)	(38.0, 1727470.0)	(39.0, 1774028.5)	(40.0, 1748615.5)	(41.0, 1709070.0)	(42.0, 1717090.0)	(43.0, 1746170.0)	(44.0, 1784698.0)	(45.0, 1843232.5)	(46.0, 1901169.0)	(47.0, 1923267.5)	(48.0, 1918238.0)	(49.0, 1905883.0)	(50.0, 2225991.0)	(51.0, 2229327.0)	(52.0, 1802833.0)	(53.0, 1616784.0)	(54.0, 1487633.0)	(55.0, 1371450.5)	(56.0, 1237443.0)	(57.0, 1101304.0)	(58.0, 963721.0)	(59.0, 823445.5)	(60.0, 696263.5)	(61.0, 627065.5)	(62.0, 508821.0)	(63.0, 352987.5)	(64.0, 268708.0)	(65.0, 199310.5)	(66.0, 144762.0)	(67.0, 108217.5)	(68.0, 76481.0)	(69.0, 54157.0)	(70.0, 37690.5)	(71.0, 24813.0)	(72.0, 16557.5)	(73.0, 10087.5)	(74.0, 5736.5)	(75.0, 3178.5)	(76.0, 1779.0)	(77.0, 1073.5)	(78.0, 653.5)	(79.0, 419.5)	(80.0, 344.5)	(81.0, 298.5)	(82.0, 264.5)	(83.0, 236.5)	(84.0, 182.0)	(85.0, 144.0)	(86.0, 132.5)	(87.0, 117.5)	(88.0, 93.0)	(89.0, 74.5)	(90.0, 51.5)	(91.0, 30.0)	(92.0, 23.0)	(93.0, 22.5)	(94.0, 21.0)	(95.0, 21.5)	(96.0, 28.5)	(97.0, 41.0)	(98.0, 83.5)	(99.0, 80.5)	(100.0, 65.5)
SRR34661435	(0.0, 3895.0)	(1.0, 2386.5)	(2.0, 917.0)	(3.0, 951.5)	(4.0, 893.5)	(5.0, 872.5)	(6.0, 847.5)	(7.0, 776.5)	(8.0, 730.0)	(9.0, 710.5)	(10.0, 689.0)	(11.0, 647.0)	(12.0, 693.0)	(13.0, 763.0)	(14.0, 815.0)	(15.0, 878.0)	(16.0, 1073.0)	(17.0, 1280.5)	(18.0, 1482.5)	(19.0, 1818.5)	(20.0, 2262.5)	(21.0, 2945.0)	(22.0, 3971.0)	(23.0, 5721.0)	(24.0, 9021.0)	(25.0, 15128.0)	(26.0, 24725.0)	(27.0, 41306.5)	(28.0, 76595.0)	(29.0, 118460.0)	(30.0, 189589.0)	(31.0, 310880.5)	(32.0, 487308.0)	(33.0, 740083.0)	(34.0, 1080220.0)	(35.0, 1435730.0)	(36.0, 1760820.5)	(37.0, 2012441.5)	(38.0, 2152597.0)	(39.0, 2249039.0)	(40.0, 2279254.0)	(41.0, 2295377.0)	(42.0, 2369778.5)	(43.0, 2478333.5)	(44.0, 2590577.5)	(45.0, 2727206.5)	(46.0, 2876908.0)	(47.0, 2987859.0)	(48.0, 3068193.5)	(49.0, 3098950.5)	(50.0, 3501229.0)	(51.0, 3568167.5)	(52.0, 3093154.5)	(53.0, 2859074.5)	(54.0, 2683848.0)	(55.0, 2506138.5)	(56.0, 2295815.0)	(57.0, 2069093.5)	(58.0, 1838168.0)	(59.0, 1609728.0)	(60.0, 1400099.5)	(61.0, 1283463.5)	(62.0, 1086357.0)	(63.0, 814230.5)	(64.0, 652977.5)	(65.0, 522586.5)	(66.0, 406688.0)	(67.0, 318796.0)	(68.0, 247030.5)	(69.0, 186511.5)	(70.0, 139887.5)	(71.0, 100830.0)	(72.0, 70035.0)	(73.0, 45264.0)	(74.0, 27415.5)	(75.0, 15610.5)	(76.0, 8361.5)	(77.0, 4460.5)	(78.0, 2242.0)	(79.0, 1143.0)	(80.0, 743.5)	(81.0, 544.5)	(82.0, 440.0)	(83.0, 371.0)	(84.0, 305.0)	(85.0, 265.0)	(86.0, 214.0)	(87.0, 183.5)	(88.0, 168.5)	(89.0, 138.0)	(90.0, 99.0)	(91.0, 81.5)	(92.0, 76.0)	(93.0, 62.5)	(94.0, 53.0)	(95.0, 48.5)	(96.0, 52.5)	(97.0, 71.0)	(98.0, 123.5)	(99.0, 111.5)	(100.0, 64.0)
SRR34661436	(0.0, 2311.0)	(1.0, 1412.5)	(2.0, 556.5)	(3.0, 595.0)	(4.0, 584.5)	(5.0, 574.0)	(6.0, 521.0)	(7.0, 473.5)	(8.0, 459.5)	(9.0, 444.0)	(10.0, 416.5)	(11.0, 386.0)	(12.0, 398.5)	(13.0, 424.5)	(14.0, 476.0)	(15.0, 536.0)	(16.0, 638.5)	(17.0, 762.0)	(18.0, 931.5)	(19.0, 1187.5)	(20.0, 1488.0)	(21.0, 2013.0)	(22.0, 2739.0)	(23.0, 3855.0)	(24.0, 6373.5)	(25.0, 10773.0)	(26.0, 17264.0)	(27.0, 29406.0)	(28.0, 50690.0)	(29.0, 77099.5)	(30.0, 125432.5)	(31.0, 199216.0)	(32.0, 295951.0)	(33.0, 444332.0)	(34.0, 644191.0)	(35.0, 850570.5)	(36.0, 1073885.5)	(37.0, 1265027.0)	(38.0, 1381463.0)	(39.0, 1516515.5)	(40.0, 1624104.0)	(41.0, 1714500.0)	(42.0, 1822627.5)	(43.0, 1915743.5)	(44.0, 2007493.0)	(45.0, 2098739.5)	(46.0, 2177941.5)	(47.0, 2219632.0)	(48.0, 2221466.5)	(49.0, 2199269.5)	(50.0, 2227692.5)	(51.0, 2177513.5)	(52.0, 2025317.0)	(53.0, 1853963.0)	(54.0, 1691919.0)	(55.0, 1574817.5)	(56.0, 1416754.0)	(57.0, 1253854.0)	(58.0, 1116665.5)	(59.0, 960932.0)	(60.0, 813233.0)	(61.0, 698335.0)	(62.0, 564602.5)	(63.0, 426879.5)	(64.0, 326999.5)	(65.0, 241674.0)	(66.0, 173731.0)	(67.0, 129610.5)	(68.0, 91857.5)	(69.0, 63702.5)	(70.0, 42762.0)	(71.0, 26451.5)	(72.0, 17026.0)	(73.0, 10255.0)	(74.0, 5733.0)	(75.0, 3191.5)	(76.0, 1760.0)	(77.0, 995.0)	(78.0, 587.0)	(79.0, 384.5)	(80.0, 293.5)	(81.0, 241.0)	(82.0, 206.0)	(83.0, 183.5)	(84.0, 162.5)	(85.0, 150.0)	(86.0, 137.5)	(87.0, 121.5)	(88.0, 93.5)	(89.0, 73.0)	(90.0, 60.0)	(91.0, 51.0)	(92.0, 46.0)	(93.0, 43.0)	(94.0, 47.5)	(95.0, 58.5)	(96.0, 86.5)	(97.0, 141.0)	(98.0, 304.5)	(99.0, 284.5)	(100.0, 195.5)
SRR34661437	(0.0, 3145.0)	(1.0, 1924.0)	(2.0, 729.5)	(3.0, 756.0)	(4.0, 730.5)	(5.0, 697.0)	(6.0, 686.5)	(7.0, 681.5)	(8.0, 661.5)	(9.0, 657.0)	(10.0, 703.0)	(11.0, 738.0)	(12.0, 811.5)	(13.0, 971.5)	(14.0, 1045.5)	(15.0, 1047.5)	(16.0, 1208.5)	(17.0, 1416.5)	(18.0, 1619.0)	(19.0, 1906.5)	(20.0, 2270.0)	(21.0, 2805.5)	(22.0, 3490.0)	(23.0, 4485.5)	(24.0, 6553.5)	(25.0, 10579.0)	(26.0, 16730.0)	(27.0, 27599.0)	(28.0, 50463.0)	(29.0, 76568.5)	(30.0, 120848.5)	(31.0, 195584.5)	(32.0, 303715.0)	(33.0, 462152.5)	(34.0, 681055.5)	(35.0, 924536.0)	(36.0, 1168052.5)	(37.0, 1371207.0)	(38.0, 1504326.0)	(39.0, 1614620.5)	(40.0, 1666952.5)	(41.0, 1701206.5)	(42.0, 1763334.0)	(43.0, 1835671.5)	(44.0, 1916803.5)	(45.0, 2002437.5)	(46.0, 2086463.5)	(47.0, 2151460.5)	(48.0, 2178624.5)	(49.0, 2182460.5)	(50.0, 2656803.5)	(51.0, 2689571.5)	(52.0, 2134248.5)	(53.0, 1924615.5)	(54.0, 1782946.0)	(55.0, 1670836.0)	(56.0, 1533583.0)	(57.0, 1387037.0)	(58.0, 1246878.0)	(59.0, 1093502.0)	(60.0, 948982.0)	(61.0, 883751.0)	(62.0, 733013.0)	(63.0, 515813.5)	(64.0, 399235.0)	(65.0, 302607.5)	(66.0, 225119.0)	(67.0, 170853.5)	(68.0, 123413.5)	(69.0, 88656.5)	(70.0, 62181.0)	(71.0, 41601.5)	(72.0, 28701.5)	(73.0, 18343.5)	(74.0, 10751.5)	(75.0, 6174.0)	(76.0, 3507.0)	(77.0, 1995.5)	(78.0, 1055.5)	(79.0, 566.0)	(80.0, 380.0)	(81.0, 287.0)	(82.0, 248.0)	(83.0, 204.5)	(84.0, 170.0)	(85.0, 155.5)	(86.0, 137.5)	(87.0, 120.5)	(88.0, 85.0)	(89.0, 58.0)	(90.0, 52.0)	(91.0, 35.0)	(92.0, 32.0)	(93.0, 28.5)	(94.0, 23.5)	(95.0, 29.0)	(96.0, 44.5)	(97.0, 69.5)	(98.0, 144.0)	(99.0, 139.0)	(100.0, 86.0)
SRR34661438	(0.0, 3853.0)	(1.0, 2310.5)	(2.0, 773.0)	(3.0, 795.5)	(4.0, 816.5)	(5.0, 817.5)	(6.0, 818.5)	(7.0, 807.5)	(8.0, 783.0)	(9.0, 771.0)	(10.0, 785.5)	(11.0, 784.5)	(12.0, 844.0)	(13.0, 982.0)	(14.0, 1035.5)	(15.0, 1048.0)	(16.0, 1259.5)	(17.0, 1490.5)	(18.0, 1636.0)	(19.0, 1942.5)	(20.0, 2420.0)	(21.0, 3082.0)	(22.0, 3981.5)	(23.0, 5475.5)	(24.0, 8510.0)	(25.0, 14544.0)	(26.0, 24066.0)	(27.0, 40978.5)	(28.0, 77567.0)	(29.0, 119495.0)	(30.0, 190147.5)	(31.0, 311102.5)	(32.0, 489640.0)	(33.0, 741265.5)	(34.0, 1071768.5)	(35.0, 1417281.5)	(36.0, 1730924.0)	(37.0, 1964072.5)	(38.0, 2084753.5)	(39.0, 2159507.0)	(40.0, 2157132.5)	(41.0, 2139055.5)	(42.0, 2175097.5)	(43.0, 2233151.5)	(44.0, 2291288.0)	(45.0, 2362153.5)	(46.0, 2426954.0)	(47.0, 2442968.5)	(48.0, 2426722.5)	(49.0, 2420067.0)	(50.0, 3071345.0)	(51.0, 3110461.0)	(52.0, 2303667.5)	(53.0, 1987267.0)	(54.0, 1802340.0)	(55.0, 1647542.0)	(56.0, 1480246.0)	(57.0, 1308597.0)	(58.0, 1135886.0)	(59.0, 966997.5)	(60.0, 819514.5)	(61.0, 793733.0)	(62.0, 655223.5)	(63.0, 413728.5)	(64.0, 309875.0)	(65.0, 230514.0)	(66.0, 169942.0)	(67.0, 127658.5)	(68.0, 88729.0)	(69.0, 62632.5)	(70.0, 43779.0)	(71.0, 28820.5)	(72.0, 19393.5)	(73.0, 12191.0)	(74.0, 7050.0)	(75.0, 3987.0)	(76.0, 2261.0)	(77.0, 1321.0)	(78.0, 840.5)	(79.0, 562.0)	(80.0, 386.5)	(81.0, 324.5)	(82.0, 281.0)	(83.0, 219.5)	(84.0, 172.5)	(85.0, 154.5)	(86.0, 141.5)	(87.0, 118.5)	(88.0, 88.5)	(89.0, 62.0)	(90.0, 52.5)	(91.0, 40.5)	(92.0, 24.5)	(93.0, 20.0)	(94.0, 24.0)	(95.0, 25.5)	(96.0, 34.5)	(97.0, 54.0)	(98.0, 93.0)	(99.0, 83.5)	(100.0, 69.5)
SRR34661439	(0.0, 2928.0)	(1.0, 1865.5)	(2.0, 804.0)	(3.0, 777.5)	(4.0, 759.0)	(5.0, 731.0)	(6.0, 720.5)	(7.0, 691.0)	(8.0, 629.0)	(9.0, 621.0)	(10.0, 635.5)	(11.0, 622.5)	(12.0, 641.0)	(13.0, 782.5)	(14.0, 898.0)	(15.0, 945.0)	(16.0, 1097.5)	(17.0, 1279.5)	(18.0, 1482.5)	(19.0, 1803.5)	(20.0, 2165.0)	(21.0, 2713.5)	(22.0, 3512.0)	(23.0, 4793.0)	(24.0, 7082.0)	(25.0, 11385.5)	(26.0, 17871.0)	(27.0, 29359.5)	(28.0, 52471.0)	(29.0, 80418.0)	(30.0, 127682.0)	(31.0, 204087.5)	(32.0, 312997.0)	(33.0, 466828.5)	(34.0, 671899.5)	(35.0, 894452.5)	(36.0, 1113224.5)	(37.0, 1294975.5)	(38.0, 1424395.0)	(39.0, 1555353.5)	(40.0, 1647537.5)	(41.0, 1730985.5)	(42.0, 1841353.5)	(43.0, 1943380.0)	(44.0, 2021224.0)	(45.0, 2085729.0)	(46.0, 2143134.0)	(47.0, 2177926.0)	(48.0, 2159606.5)	(49.0, 2103457.0)	(50.0, 2383864.5)	(51.0, 2359655.0)	(52.0, 1901557.5)	(53.0, 1668884.5)	(54.0, 1499549.5)	(55.0, 1362679.0)	(56.0, 1211361.5)	(57.0, 1061822.5)	(58.0, 929061.5)	(59.0, 794595.5)	(60.0, 672378.5)	(61.0, 605413.5)	(62.0, 489202.5)	(63.0, 335286.5)	(64.0, 251907.0)	(65.0, 187036.5)	(66.0, 136809.5)	(67.0, 100885.0)	(68.0, 68828.0)	(69.0, 47796.0)	(70.0, 32807.0)	(71.0, 21115.0)	(72.0, 14155.5)	(73.0, 8843.5)	(74.0, 4979.0)	(75.0, 2755.5)	(76.0, 1587.0)	(77.0, 962.5)	(78.0, 557.5)	(79.0, 356.0)	(80.0, 293.5)	(81.0, 258.5)	(82.0, 215.0)	(83.0, 171.0)	(84.0, 150.0)	(85.0, 129.0)	(86.0, 108.0)	(87.0, 90.0)	(88.0, 72.5)	(89.0, 61.0)	(90.0, 47.0)	(91.0, 29.5)	(92.0, 19.5)	(93.0, 20.5)	(94.0, 24.5)	(95.0, 27.5)	(96.0, 35.0)	(97.0, 49.0)	(98.0, 111.0)	(99.0, 110.5)	(100.0, 79.0)
SRR34661440	(0.0, 2463.0)	(1.0, 1525.0)	(2.0, 607.0)	(3.0, 636.0)	(4.0, 630.5)	(5.0, 577.0)	(6.0, 535.0)	(7.0, 493.0)	(8.0, 456.0)	(9.0, 446.5)	(10.0, 434.0)	(11.0, 401.0)	(12.0, 390.0)	(13.0, 420.0)	(14.0, 461.0)	(15.0, 519.0)	(16.0, 622.5)	(17.0, 742.0)	(18.0, 852.0)	(19.0, 1085.5)	(20.0, 1389.0)	(21.0, 1842.0)	(22.0, 2573.0)	(23.0, 3738.0)	(24.0, 6200.0)	(25.0, 11178.0)	(26.0, 19018.5)	(27.0, 32546.5)	(28.0, 58419.5)	(29.0, 90566.5)	(30.0, 143981.5)	(31.0, 230606.5)	(32.0, 353700.0)	(33.0, 530790.0)	(34.0, 773971.5)	(35.0, 1042758.0)	(36.0, 1305368.5)	(37.0, 1516640.0)	(38.0, 1650681.5)	(39.0, 1757664.5)	(40.0, 1806844.0)	(41.0, 1836282.0)	(42.0, 1898264.5)	(43.0, 1969590.0)	(44.0, 2035134.0)	(45.0, 2100429.5)	(46.0, 2157080.5)	(47.0, 2171709.5)	(48.0, 2139101.5)	(49.0, 2087984.0)	(50.0, 2191876.5)	(51.0, 2157878.5)	(52.0, 1911133.0)	(53.0, 1740346.5)	(54.0, 1597206.5)	(55.0, 1469530.0)	(56.0, 1326560.5)	(57.0, 1180836.0)	(58.0, 1038080.5)	(59.0, 893581.5)	(60.0, 762648.0)	(61.0, 677894.5)	(62.0, 556244.5)	(63.0, 405577.0)	(64.0, 312303.0)	(65.0, 237931.5)	(66.0, 176230.5)	(67.0, 132563.5)	(68.0, 97661.5)	(69.0, 70651.0)	(70.0, 50125.0)	(71.0, 34140.5)	(72.0, 23316.5)	(73.0, 14682.0)	(74.0, 8571.0)	(75.0, 4783.0)	(76.0, 2569.5)	(77.0, 1401.0)	(78.0, 736.5)	(79.0, 406.5)	(80.0, 288.0)	(81.0, 223.5)	(82.0, 185.5)	(83.0, 168.0)	(84.0, 144.0)	(85.0, 120.5)	(86.0, 103.0)	(87.0, 84.5)	(88.0, 71.0)	(89.0, 63.0)	(90.0, 48.5)	(91.0, 33.5)	(92.0, 30.0)	(93.0, 21.0)	(94.0, 17.0)	(95.0, 25.5)	(96.0, 28.5)	(97.0, 37.5)	(98.0, 101.0)	(99.0, 96.5)	(100.0, 54.0)
SRR34661441	(0.0, 1779.0)	(1.0, 1092.0)	(2.0, 395.5)	(3.0, 378.5)	(4.0, 376.0)	(5.0, 377.5)	(6.0, 362.0)	(7.0, 329.0)	(8.0, 311.0)	(9.0, 300.0)	(10.0, 280.5)	(11.0, 248.0)	(12.0, 237.5)	(13.0, 309.0)	(14.0, 349.5)	(15.0, 321.5)	(16.0, 375.5)	(17.0, 431.0)	(18.0, 480.5)	(19.0, 579.0)	(20.0, 722.0)	(21.0, 945.0)	(22.0, 1266.0)	(23.0, 1748.0)	(24.0, 2698.0)	(25.0, 4684.0)	(26.0, 7669.5)	(27.0, 12885.0)	(28.0, 25853.5)	(29.0, 38098.0)	(30.0, 56980.0)	(31.0, 91972.0)	(32.0, 143329.0)	(33.0, 215032.0)	(34.0, 311598.0)	(35.0, 416762.5)	(36.0, 513487.0)	(37.0, 587154.0)	(38.0, 629903.5)	(39.0, 659452.0)	(40.0, 665353.5)	(41.0, 664720.0)	(42.0, 671042.5)	(43.0, 678123.0)	(44.0, 680647.5)	(45.0, 684179.0)	(46.0, 697658.5)	(47.0, 728588.5)	(48.0, 745420.5)	(49.0, 734888.0)	(50.0, 1075990.5)	(51.0, 1111014.5)	(52.0, 725602.5)	(53.0, 620532.0)	(54.0, 571221.5)	(55.0, 529197.5)	(56.0, 481140.5)	(57.0, 428642.0)	(58.0, 378730.0)	(59.0, 331512.5)	(60.0, 288785.5)	(61.0, 294524.5)	(62.0, 246933.0)	(63.0, 152678.5)	(64.0, 118578.0)	(65.0, 93847.5)	(66.0, 74314.5)	(67.0, 58228.0)	(68.0, 43344.0)	(69.0, 32968.5)	(70.0, 24840.0)	(71.0, 17884.0)	(72.0, 12556.5)	(73.0, 8336.5)	(74.0, 5137.5)	(75.0, 3019.0)	(76.0, 1775.0)	(77.0, 1024.5)	(78.0, 570.0)	(79.0, 343.0)	(80.0, 272.5)	(81.0, 247.5)	(82.0, 255.0)	(83.0, 202.5)	(84.0, 123.0)	(85.0, 103.0)	(86.0, 89.0)	(87.0, 86.5)	(88.0, 83.0)	(89.0, 70.0)	(90.0, 54.5)	(91.0, 42.5)	(92.0, 30.0)	(93.0, 23.0)	(94.0, 21.5)	(95.0, 19.0)	(96.0, 20.0)	(97.0, 34.0)	(98.0, 59.5)	(99.0, 44.0)	(100.0, 16.5)
SRR34661442	(0.0, 2769.0)	(1.0, 1651.0)	(2.0, 600.0)	(3.0, 639.0)	(4.0, 609.0)	(5.0, 608.0)	(6.0, 595.5)	(7.0, 563.5)	(8.0, 559.5)	(9.0, 539.0)	(10.0, 491.0)	(11.0, 473.0)	(12.0, 481.0)	(13.0, 542.5)	(14.0, 571.0)	(15.0, 590.5)	(16.0, 718.5)	(17.0, 857.0)	(18.0, 977.0)	(19.0, 1189.0)	(20.0, 1568.0)	(21.0, 2096.5)	(22.0, 2886.5)	(23.0, 4289.0)	(24.0, 6803.0)	(25.0, 11698.0)	(26.0, 19538.0)	(27.0, 33269.0)	(28.0, 61579.0)	(29.0, 97332.0)	(30.0, 160657.0)	(31.0, 266875.5)	(32.0, 423984.0)	(33.0, 649894.5)	(34.0, 952253.0)	(35.0, 1273484.0)	(36.0, 1572735.0)	(37.0, 1801734.0)	(38.0, 1920431.0)	(39.0, 1973232.5)	(40.0, 1936894.5)	(41.0, 1880317.5)	(42.0, 1873541.5)	(43.0, 1896988.0)	(44.0, 1937308.0)	(45.0, 1996553.0)	(46.0, 2066303.0)	(47.0, 2110161.0)	(48.0, 2127224.5)	(49.0, 2140148.0)	(50.0, 2457045.5)	(51.0, 2501151.5)	(52.0, 2152641.0)	(53.0, 1999340.0)	(54.0, 1885479.0)	(55.0, 1775820.0)	(56.0, 1637281.0)	(57.0, 1482419.5)	(58.0, 1319266.5)	(59.0, 1149422.0)	(60.0, 989569.0)	(61.0, 924577.0)	(62.0, 765710.0)	(63.0, 526876.5)	(64.0, 408327.0)	(65.0, 312186.0)	(66.0, 231723.5)	(67.0, 176102.5)	(68.0, 129819.0)	(69.0, 94338.0)	(70.0, 67721.0)	(71.0, 46681.5)	(72.0, 32129.0)	(73.0, 20377.0)	(74.0, 11939.0)	(75.0, 6670.5)	(76.0, 3686.5)	(77.0, 2074.5)	(78.0, 1114.0)	(79.0, 630.5)	(80.0, 455.0)	(81.0, 383.5)	(82.0, 348.5)	(83.0, 290.0)	(84.0, 212.5)	(85.0, 175.5)	(86.0, 162.5)	(87.0, 141.0)	(88.0, 115.0)	(89.0, 95.5)	(90.0, 72.5)	(91.0, 57.5)	(92.0, 45.5)	(93.0, 40.0)	(94.0, 32.0)	(95.0, 26.5)	(96.0, 36.5)	(97.0, 61.5)	(98.0, 119.0)	(99.0, 111.0)	(100.0, 92.0)
SRR34661443	(0.0, 2993.0)	(1.0, 1746.5)	(2.0, 488.5)	(3.0, 436.5)	(4.0, 397.5)	(5.0, 378.5)	(6.0, 357.5)	(7.0, 335.0)	(8.0, 331.0)	(9.0, 352.5)	(10.0, 374.5)	(11.0, 379.5)	(12.0, 384.5)	(13.0, 447.5)	(14.0, 481.5)	(15.0, 479.0)	(16.0, 566.0)	(17.0, 688.5)	(18.0, 790.5)	(19.0, 984.5)	(20.0, 1273.0)	(21.0, 1603.5)	(22.0, 2035.5)	(23.0, 2615.5)	(24.0, 3652.5)	(25.0, 5229.0)	(26.0, 7386.5)	(27.0, 11555.0)	(28.0, 18636.5)	(29.0, 26071.5)	(30.0, 40182.5)	(31.0, 61910.5)	(32.0, 90944.5)	(33.0, 136792.5)	(34.0, 197340.0)	(35.0, 263020.0)	(36.0, 347108.5)	(37.0, 429082.5)	(38.0, 498434.5)	(39.0, 612124.5)	(40.0, 758031.0)	(41.0, 931951.0)	(42.0, 1162865.0)	(43.0, 1489205.0)	(44.0, 1839632.5)	(45.0, 2204698.5)	(46.0, 2542868.0)	(47.0, 2798626.5)	(48.0, 3010594.0)	(49.0, 3130243.0)	(50.0, 3494102.0)	(51.0, 3471072.5)	(52.0, 2877690.0)	(53.0, 2427138.0)	(54.0, 2130826.0)	(55.0, 1898703.0)	(56.0, 1634442.0)	(57.0, 1394057.5)	(58.0, 1174709.5)	(59.0, 984462.5)	(60.0, 820317.5)	(61.0, 723840.5)	(62.0, 590092.0)	(63.0, 417203.0)	(64.0, 318384.0)	(65.0, 236601.0)	(66.0, 170919.0)	(67.0, 129533.0)	(68.0, 93052.0)	(69.0, 65147.0)	(70.0, 45008.0)	(71.0, 29545.5)	(72.0, 19881.5)	(73.0, 12487.0)	(74.0, 7493.0)	(75.0, 4450.0)	(76.0, 2638.5)	(77.0, 1651.0)	(78.0, 994.5)	(79.0, 639.5)	(80.0, 523.0)	(81.0, 421.5)	(82.0, 426.5)	(83.0, 360.0)	(84.0, 208.5)	(85.0, 160.5)	(86.0, 136.5)	(87.0, 130.0)	(88.0, 132.0)	(89.0, 111.0)	(90.0, 71.0)	(91.0, 48.0)	(92.0, 42.0)	(93.0, 46.5)	(94.0, 49.0)	(95.0, 50.0)	(96.0, 65.0)	(97.0, 113.5)	(98.0, 222.0)	(99.0, 214.5)	(100.0, 177.0)
