Sample	0	1	2	3	4	5	6	7	8	9	10	11	12	13	14	15	16	17	18	19	20	21	22	23	24	25	26	27	28	29	30	31	32	33	34	35	36	37
SRR34661416	(1, 39.39593072833477)	(2, 39.00290077762946)	(3, 39.327433084837374)	(4, 39.4501496387352)	(5, 39.55587608764812)	(6, 39.60229910692323)	(7, 39.57984936094011)	(8, 39.62996538220603)	(9, 39.6332388217815)	(10, 39.66811535547604)	(15, 39.67113764795786)	(20, 39.660758000137754)	(25, 39.6639917547007)	(30, 39.64275090931155)	(35, 39.62916166231006)	(40, 39.62530555819758)	(45, 39.584285882958724)	(50, 39.57254121829709)	(55, 39.575284125011066)	(60, 39.56361117215096)	(65, 39.57308523094382)	(70, 39.55021439746016)	(75, 39.48660676744255)	(80, 39.25398408007845)	(85, 38.13202280412331)	(90, 35.993435524973684)	(95, 32.806984168631786)	(100, 29.170308608367964)	(105, 24.52257896825527)	(110, 21.028742887035463)	(115, 20.3065160002755)	(120, 20.03263072275919)	(125, 20.01016300372908)	(130, 20.622479985306708)	(135, 23.94905802211209)	(140, 26.505417282986933)	(145, 29.44627925129796)	(150, 30.914263769223453)
SRR34661417	(1, 39.33194920046189)	(2, 38.922653937010416)	(3, 39.26559559635565)	(4, 39.41706337289945)	(5, 39.52114024800616)	(6, 39.56405718433799)	(7, 39.53618646840876)	(8, 39.58724566588365)	(9, 39.59006176291578)	(10, 39.628527250170684)	(15, 39.62116811019691)	(20, 39.61613653477367)	(25, 39.61725647214311)	(30, 39.5895620281922)	(35, 39.53155321793962)	(40, 39.52826332821796)	(45, 39.45495780077203)	(50, 39.45107925952702)	(55, 39.41196818531408)	(60, 39.46345262180665)	(65, 39.47206577548556)	(70, 39.477026344948264)	(75, 39.432200756924175)	(80, 39.16751155420431)	(85, 37.88497450294831)	(90, 35.34718679913783)	(95, 32.16311243537298)	(100, 29.003748464571792)	(105, 25.426945120726465)	(110, 22.340071463292457)	(115, 21.247960542612383)	(120, 20.922065508575812)	(125, 21.168968148424764)	(130, 22.52487790870874)	(135, 25.768760659957064)	(140, 28.607500339214408)	(145, 31.1634192142671)	(150, 32.267970057347355)
SRR34661418	(1, 39.328294144331295)	(2, 38.843006478350134)	(3, 39.21735502208745)	(4, 39.391860992595305)	(5, 39.524716176446354)	(6, 39.56664373931515)	(7, 39.53883566640096)	(8, 39.59008246040261)	(9, 39.5915383327681)	(10, 39.638100418330204)	(15, 39.63736133650558)	(20, 39.61192203775293)	(25, 39.62060849133112)	(30, 39.595021272129735)	(35, 39.581185306487804)	(40, 39.58491173258786)	(45, 39.54270675165689)	(50, 39.528893736496215)	(55, 39.52884875494073)	(60, 39.51428890371119)	(65, 39.51482127507878)	(70, 39.4254595083601)	(75, 39.06414343790577)	(80, 38.681968086167515)	(85, 37.48528051889251)	(90, 35.24460735681754)	(95, 32.89434706921661)	(100, 30.39016957855596)	(105, 26.664329192821338)	(110, 23.387633784565583)	(115, 22.35922587662425)	(120, 21.880126479182803)	(125, 21.976047816104717)	(130, 23.34144385068483)	(135, 26.583186595392384)	(140, 29.336790367389845)	(145, 31.725450817361526)	(150, 32.71022046686795)
SRR34661419	(1, 39.288345393394145)	(2, 38.731805509869794)	(3, 39.14752317126346)	(4, 39.415531518469244)	(5, 39.538292188685766)	(6, 39.577941023880236)	(7, 39.552821928695685)	(8, 39.620540293078015)	(9, 39.6221445744045)	(10, 39.669391179257595)	(15, 39.6626989586392)	(20, 39.599314076073014)	(25, 39.61316677758745)	(30, 39.584920775492215)	(35, 39.56870003783664)	(40, 39.58800535401188)	(45, 39.547167302867486)	(50, 39.52465495398111)	(55, 39.54261635354838)	(60, 39.53988026832042)	(65, 39.53628941635269)	(70, 39.46878204664243)	(75, 39.15724324486543)	(80, 38.6663468303626)	(85, 36.940396506005115)	(90, 33.63738206943464)	(95, 29.87552950208435)	(100, 26.694410220168436)	(105, 22.705589858290118)	(110, 19.17904832909755)	(115, 19.01765292013919)	(120, 19.441488609877183)	(125, 19.998388323954593)	(130, 21.455260381390964)	(135, 25.70845567474064)	(140, 29.21415149131081)	(145, 32.46233822581275)	(150, 33.95645530520084)
SRR34661420	(1, 39.35197708976263)	(2, 38.7895594260657)	(3, 39.19549775985201)	(4, 39.44128257531116)	(5, 39.54216190856535)	(6, 39.58493413947876)	(7, 39.57495546444431)	(8, 39.616553876802776)	(9, 39.63672482549147)	(10, 39.67185613386336)	(15, 39.67198130654997)	(20, 39.67279236453104)	(25, 39.66027757919725)	(30, 39.64649999752479)	(35, 39.634040786786294)	(40, 39.62883738806869)	(45, 39.593113797992025)	(50, 39.585461237896524)	(55, 39.58811562275075)	(60, 39.56575413581545)	(65, 39.5617508984005)	(70, 39.53629464988207)	(75, 39.42116721744866)	(80, 39.028354843466374)	(85, 37.81874485328363)	(90, 35.22936237646968)	(95, 31.932684313818896)	(100, 28.59428574999369)	(105, 25.159354844521385)	(110, 22.618656118963393)	(115, 21.63127432758026)	(120, 21.31820073676916)	(125, 21.937633747672997)	(130, 23.980791397494123)	(135, 27.31234146368779)	(140, 30.15857942959268)	(145, 32.498358885771566)	(150, 33.40296962135831)
SRR34661421	(1, 39.401178500933035)	(2, 38.842479275992915)	(3, 39.237211288061566)	(4, 39.465459498182994)	(5, 39.577437316974866)	(6, 39.62693595217452)	(7, 39.60838091152731)	(8, 39.65099275452508)	(9, 39.645152540256255)	(10, 39.68348323480292)	(15, 39.68231332993504)	(20, 39.65677138232708)	(25, 39.64358322636086)	(30, 39.633100716903435)	(35, 39.630137020438625)	(40, 39.635060913761734)	(45, 39.600372738825364)	(50, 39.59176919761052)	(55, 39.60051707991947)	(60, 39.59321101253948)	(65, 39.59667836282199)	(70, 39.59426219650745)	(75, 39.52460324049257)	(80, 39.295828920383215)	(85, 38.413895035324366)	(90, 36.613302410832276)	(95, 34.062283378108006)	(100, 31.077067364170624)	(105, 27.165345089315775)	(110, 24.036134987903207)	(115, 22.58819737853613)	(120, 21.77043726391446)	(125, 22.138944431198787)	(130, 23.879677795957694)	(135, 27.460489950513825)	(140, 30.522805360864634)	(145, 32.94475369123298)	(150, 33.89123205553898)
SRR34661422	(1, 39.419764170074096)	(2, 38.96175274143455)	(3, 39.338862440537326)	(4, 39.51497114032949)	(5, 39.61310118637271)	(6, 39.65238635431564)	(7, 39.635697214276206)	(8, 39.67365285351287)	(9, 39.68902956466556)	(10, 39.718571156109576)	(15, 39.715374241967126)	(20, 39.71184668401151)	(25, 39.706782696628764)	(30, 39.69139664798127)	(35, 39.682373193840434)	(40, 39.67485045108047)	(45, 39.64733027116482)	(50, 39.63887941264035)	(55, 39.64263693123943)	(60, 39.64345120903529)	(65, 39.627493756792035)	(70, 39.61218256420095)	(75, 39.33399718001981)	(80, 38.8540209125826)	(85, 37.97431550344849)	(90, 35.3161010623458)	(95, 32.20885804708992)	(100, 29.15593268659593)	(105, 25.533377002913923)	(110, 21.757564122904135)	(115, 21.048798684463343)	(120, 20.524306009855742)	(125, 20.591350088223713)	(130, 21.416368968978798)	(135, 24.50386602085639)	(140, 27.386268334057537)	(145, 30.423880586213034)	(150, 31.832904927273972)
SRR34661423	(1, 39.40009570458385)	(2, 38.978369156709384)	(3, 39.32339483253344)	(4, 39.462220799499285)	(5, 39.54183260528521)	(6, 39.589593104467305)	(7, 39.586083581357705)	(8, 39.61417022363539)	(9, 39.62045415330201)	(10, 39.65597964834859)	(15, 39.654896784484784)	(20, 39.66817197079597)	(25, 39.643278747637154)	(30, 39.62843684901469)	(35, 39.619371676749346)	(40, 39.60771171347031)	(45, 39.57348752577313)	(50, 39.56653747903436)	(55, 39.55807910713936)	(60, 39.54242664375333)	(65, 39.53165160897764)	(70, 39.45628403617719)	(75, 39.305428359348056)	(80, 38.74867689671593)	(85, 37.872427435804624)	(90, 36.108556245421255)	(95, 33.07310985867597)	(100, 29.938987049670914)	(105, 26.781350348686537)	(110, 24.053965223719633)	(115, 22.879269035422897)	(120, 22.445842941070417)	(125, 22.42730630714897)	(130, 22.667001826365702)	(135, 24.982056533096607)	(140, 27.15196929319783)	(145, 29.30466992666457)	(150, 30.185452128633003)
SRR34661424	(1, 31.403205203412266)	(2, 31.691347873257314)	(3, 35.74076869695947)	(4, 36.21025600600463)	(5, 36.47246367933952)	(6, 40.07178123022822)	(7, 40.232785228420006)	(8, 40.18708549520601)	(9, 40.28522013541757)	(10, 40.280622764381945)	(15, 40.305423481018224)	(20, 40.26089873094078)	(25, 40.161186404150705)	(30, 40.14822260467073)	(35, 40.10494320243239)	(40, 40.075963822677565)	(45, 40.0488767475095)	(50, 39.970969596203744)	(55, 39.80084891215214)	(60, 39.636594362012644)	(65, 39.453519766564355)	(70, 39.37092559148571)	(75, 39.00953134323007)	(80, 39.367636460954984)	(85, 39.19811352533544)	(90, 39.07556234409365)	(95, 38.79650161661101)	(100, 38.31444532329563)	(105, 37.453080773182506)	(110, 36.31190310758822)	(115, 35.4953754784066)	(120, 34.577701983929266)	(125, 34.36758828911693)	(130, 33.80239191787087)	(135, 32.95811591755648)	(140, 31.75373507547507)	(145, 29.952169981450062)	(150, 26.65973337396881)
SRR34661425	(1, 31.392411320727714)	(2, 31.629266541908528)	(3, 35.68376312624964)	(4, 36.134654805479364)	(5, 36.42056882329525)	(6, 39.99520387937804)	(7, 40.162435472688095)	(8, 40.19206258042964)	(9, 40.23637361308884)	(10, 40.25023556540933)	(15, 40.26432758087593)	(20, 40.19542936295391)	(25, 40.092287137546414)	(30, 40.05525212304129)	(35, 39.99422090271773)	(40, 39.954371160364325)	(45, 39.93324900959608)	(50, 39.8408528415003)	(55, 39.66914913975747)	(60, 39.50585619658061)	(65, 39.28143502281431)	(70, 39.200468652671795)	(75, 38.83697321940832)	(80, 39.21400426513956)	(85, 39.06050839549857)	(90, 38.94071938763417)	(95, 38.66607258289241)	(100, 38.00250697058447)	(105, 36.698577782504536)	(110, 35.04803814237378)	(115, 34.00084780122969)	(120, 32.930283403176475)	(125, 32.818924788615554)	(130, 32.18737080801425)	(135, 31.30318451725979)	(140, 30.094951189887677)	(145, 28.27815080451213)	(150, 25.31973622921673)
SRR34661426	(1, 31.374882789774613)	(2, 31.618659540551086)	(3, 35.6542728471221)	(4, 36.165737434245514)	(5, 36.43926771881298)	(6, 39.96223365785081)	(7, 40.16667128388798)	(8, 40.13963666806088)	(9, 40.22575290180384)	(10, 40.237846482208276)	(15, 40.268297996155226)	(20, 40.20018376806934)	(25, 40.11206762549987)	(30, 40.07383709692756)	(35, 40.016363051671)	(40, 39.972514383588795)	(45, 39.934015895327185)	(50, 39.82916053082717)	(55, 39.62788099622654)	(60, 39.45944089335957)	(65, 39.220567603751206)	(70, 39.12969512079048)	(75, 38.74435274479786)	(80, 39.146722797729794)	(85, 38.98209448979084)	(90, 38.85400424049788)	(95, 38.552929936018316)	(100, 37.932641035583536)	(105, 36.881841953978224)	(110, 35.65372955439811)	(115, 34.92359310623409)	(120, 34.24409682161978)	(125, 34.37644433501416)	(130, 34.11324120930649)	(135, 33.5438603169696)	(140, 32.538971573297125)	(145, 30.64360885466859)	(150, 27.088017880143074)
SRR34661427	(1, 31.35429351825068)	(2, 31.662831170623814)	(3, 35.7328879596216)	(4, 36.17465607089317)	(5, 36.469008366155265)	(6, 39.947269863363246)	(7, 40.14481593138576)	(8, 40.15196542506096)	(9, 40.19969122546329)	(10, 40.24143049266442)	(15, 40.280642384120526)	(20, 40.216116067549564)	(25, 40.120539549097614)	(30, 40.09464231702851)	(35, 40.025651005742894)	(40, 39.99345993806374)	(45, 39.95489204640106)	(50, 39.849346344507964)	(55, 39.66863170080993)	(60, 39.51129413220963)	(65, 39.31787675088468)	(70, 39.24645209659298)	(75, 38.89835317844906)	(80, 39.285180453324095)	(85, 39.13027860943321)	(90, 39.0147433302553)	(95, 38.743319734080366)	(100, 38.26053323197196)	(105, 37.420753757873854)	(110, 36.44425541434582)	(115, 35.90271382892398)	(120, 35.38842218626423)	(125, 35.60148114678283)	(130, 35.37490183231169)	(135, 34.75343760289299)	(140, 33.81408667860738)	(145, 31.98543557815711)	(150, 28.33290780278343)
SRR34661428	(1, 31.204100447707606)	(2, 31.631538450867257)	(3, 35.61660287246717)	(4, 36.16691727413997)	(5, 36.45978059247133)	(6, 39.95685496281565)	(7, 40.175208082578905)	(8, 40.18384777424119)	(9, 40.24874508552671)	(10, 40.271214905058756)	(15, 40.304429650700605)	(20, 40.26775702510158)	(25, 40.17794001832589)	(30, 40.12611901390055)	(35, 40.07897387227386)	(40, 40.06700903525259)	(45, 40.05338274816877)	(50, 39.99281006676137)	(55, 39.829104647194455)	(60, 39.68334501961759)	(65, 39.489521959270796)	(70, 39.39117116492343)	(75, 39.03189556684028)	(80, 39.34635951054965)	(85, 39.106317672334754)	(90, 38.95099122880471)	(95, 38.678837581235996)	(100, 38.32099767768935)	(105, 37.73878794225617)	(110, 37.0510846478831)	(115, 36.567686407614154)	(120, 36.25713501908659)	(125, 36.44701969557292)	(130, 36.28801193573991)	(135, 35.692688759600365)	(140, 34.74077266056127)	(145, 32.65871889155382)	(150, 28.65039585986097)
SRR34661429	(1, 31.301316727001577)	(2, 31.592280084745045)	(3, 35.62147803341444)	(4, 36.14335067574537)	(5, 36.42849875131252)	(6, 39.98303861377936)	(7, 40.15618112985504)	(8, 40.13132749767087)	(9, 40.2614366415802)	(10, 40.25102203675554)	(15, 40.28365832122971)	(20, 40.22345255917527)	(25, 40.12136616048466)	(30, 40.090616626734594)	(35, 40.04357659643746)	(40, 40.00142028033657)	(45, 39.993651470272724)	(50, 39.91441055754581)	(55, 39.74223789318302)	(60, 39.59669133626746)	(65, 39.41810997911788)	(70, 39.324790892965666)	(75, 38.973083311819956)	(80, 39.33567285468711)	(85, 39.17044927542044)	(90, 39.04365008735586)	(95, 38.759742353786564)	(100, 38.24771937153574)	(105, 37.38667937714797)	(110, 36.33595086630371)	(115, 35.68969349750715)	(120, 35.16919765629872)	(125, 35.23059988083517)	(130, 34.88219376622705)	(135, 34.17674739484616)	(140, 33.12806807835329)	(145, 31.174680954204984)	(150, 27.53557593617109)
SRR34661430	(1, 31.39370421001978)	(2, 31.644054708882116)	(3, 35.67398925294996)	(4, 36.17863853947448)	(5, 36.4582202659952)	(6, 40.008281748887946)	(7, 40.16604403689276)	(8, 40.193878877083606)	(9, 40.231204417622955)	(10, 40.245823897724215)	(15, 40.273255513239256)	(20, 40.22334665372805)	(25, 40.14352193982679)	(30, 40.08059266230092)	(35, 40.05177871490288)	(40, 40.01557464880678)	(45, 39.983369406197525)	(50, 39.894538041253284)	(55, 39.718407460576096)	(60, 39.57185985261589)	(65, 39.34855487772917)	(70, 39.24413310826357)	(75, 38.870959817996656)	(80, 39.21063471071966)	(85, 39.01510571862828)	(90, 38.86509022369574)	(95, 38.54148035616963)	(100, 37.907540516836725)	(105, 36.91770127287129)	(110, 35.74563866298719)	(115, 34.95072436804448)	(120, 34.27707663964172)	(125, 34.34399240280801)	(130, 33.90801078041835)	(135, 33.26571946902449)	(140, 32.18796072995508)	(145, 30.308200172362053)	(150, 26.762295355286355)
SRR34661431	(1, 31.286988703580935)	(2, 31.632639758588883)	(3, 35.609691056657844)	(4, 36.08510154343146)	(5, 36.409800392269155)	(6, 39.936148481227335)	(7, 40.118411483287915)	(8, 40.08610014998526)	(9, 40.18089824973354)	(10, 40.20046397992385)	(15, 40.22669361101031)	(20, 40.170700112563665)	(25, 40.07464597439908)	(30, 40.02334036133955)	(35, 39.96872936281194)	(40, 39.939962841279815)	(45, 39.89810477378437)	(50, 39.80085121594696)	(55, 39.61380006888278)	(60, 39.45722802037309)	(65, 39.23063752023167)	(70, 39.12823106897177)	(75, 38.74440352650477)	(80, 39.130680457296414)	(85, 38.91860085641621)	(90, 38.76548492367904)	(95, 38.47957358748961)	(100, 38.01829296785811)	(105, 37.35366743410221)	(110, 36.502563502073464)	(115, 35.93514849825596)	(120, 35.418874865753686)	(125, 35.636063824744966)	(130, 35.44874808159973)	(135, 34.878290268078)	(140, 33.894140763646995)	(145, 31.82826703541742)	(150, 27.906135125719036)
SRR34661432	(1, 35.75405543100854)	(2, 35.65287861243471)	(3, 36.12688026709168)	(4, 36.163017224222465)	(5, 36.35289747267321)	(6, 36.4096283436489)	(7, 36.39615345024488)	(8, 36.43550881250127)	(9, 36.46048841712707)	(10, 36.44562712486081)	(15, 36.45426507297652)	(20, 36.36848768711522)	(25, 36.362573412381856)	(30, 35.98612187305195)	(35, 36.07697136143433)	(40, 36.31310347338409)	(45, 36.298261617494816)	(50, 36.25007044384687)	(55, 36.239219929498354)	(60, 36.154537951007036)	(65, 36.12724041285756)	(70, 36.055233553839535)	(75, 36.02638615680359)	(80, 35.98731161933516)	(85, 35.87687537747271)	(90, 35.80852927308838)	(95, 35.73635388640585)	(100, 35.51805860834719)	(105, 35.32365131821663)	(110, 35.21636172936588)	(115, 35.2757268056371)	(120, 35.07727760527106)	(125, 35.07095134587768)	(130, 34.96515218891939)	(135, 34.89743830504912)	(140, 34.92552495343124)	(145, 34.865199147838844)	(150, 34.95600697754419)
SRR34661433	(1, 35.783680062361654)	(2, 35.692998381330206)	(3, 36.17161867487921)	(4, 36.20043140977893)	(5, 36.39013725996547)	(6, 36.43521494441591)	(7, 36.42007383404088)	(8, 36.46491619841447)	(9, 36.47909751825631)	(10, 36.468230291851725)	(15, 36.48324218106867)	(20, 36.39310958398451)	(25, 36.39265491066682)	(30, 36.107131523717136)	(35, 36.15348544624461)	(40, 36.323014918411516)	(45, 36.31144574647216)	(50, 36.282193110580934)	(55, 36.277784898591584)	(60, 36.17824154621958)	(65, 36.159148320942165)	(70, 36.08759833832593)	(75, 36.092920359491636)	(80, 36.10541012913346)	(85, 36.05013996544667)	(90, 36.04971782690731)	(95, 36.05324577694412)	(100, 35.92905934175964)	(105, 35.81113183813182)	(110, 35.69917607836385)	(115, 35.91079276119807)	(120, 35.68491144652288)	(125, 35.79357557914791)	(130, 35.66780087035536)	(135, 35.60050628515562)	(140, 35.668760315639666)	(145, 35.62772351210126)	(150, 35.66107689892336)
SRR34661434	(1, 35.7245540927225)	(2, 35.616593563342896)	(3, 36.12318845479179)	(4, 36.149349762751974)	(5, 36.31302727101814)	(6, 36.414098138409344)	(7, 36.3971007618499)	(8, 36.463804144035684)	(9, 36.462945670115715)	(10, 36.44993374303392)	(15, 36.465552469673476)	(20, 36.39123859165569)	(25, 36.3760483430584)	(30, 36.17382131972341)	(35, 36.190173406593466)	(40, 36.334766220206305)	(45, 36.29962178325202)	(50, 36.26421903489072)	(55, 36.26255643089956)	(60, 36.17815916828522)	(65, 36.15791114289311)	(70, 36.081642518774615)	(75, 36.02536638606533)	(80, 35.99879223387548)	(85, 35.91310121093161)	(90, 35.851845981211945)	(95, 35.78758739314619)	(100, 35.58647664117147)	(105, 35.3796387640992)	(110, 35.20548046999941)	(115, 35.30225891459821)	(120, 35.04043717020736)	(125, 35.0871887205338)	(130, 34.941921514848154)	(135, 34.8501821773649)	(140, 34.94850330731047)	(145, 34.90548834918933)	(150, 35.0397893720405)
SRR34661435	(1, 35.77056157464836)	(2, 35.68037804542261)	(3, 36.13168508974405)	(4, 36.17824527279609)	(5, 36.369682473934766)	(6, 36.40776947020218)	(7, 36.410805493208166)	(8, 36.45027054170275)	(9, 36.47543100890777)	(10, 36.46703226047764)	(15, 36.47106275389492)	(20, 36.396476190150096)	(25, 36.38702848286658)	(30, 36.18498447716515)	(35, 36.22437344030931)	(40, 36.32654966953589)	(45, 36.29913426685334)	(50, 36.2720268651929)	(55, 36.25368793047132)	(60, 36.1724874512155)	(65, 36.14898831715107)	(70, 36.086456017979515)	(75, 36.0418726033736)	(80, 36.01572425380028)	(85, 35.93800294650787)	(90, 35.87524639601382)	(95, 35.79222336952111)	(100, 35.59767572427397)	(105, 35.38744292213235)	(110, 35.23071625902183)	(115, 35.31096185915234)	(120, 35.09112153917816)	(125, 35.120869467790286)	(130, 34.985797333061946)	(135, 34.9244617045848)	(140, 34.96707395802368)	(145, 34.86667086676746)	(150, 34.95059486493059)
SRR34661436	(1, 35.753126344169694)	(2, 35.659842187221884)	(3, 36.08017578026925)	(4, 36.134387980285474)	(5, 36.346886077658795)	(6, 36.39259067845762)	(7, 36.37611790224092)	(8, 36.410455853327264)	(9, 36.43304954963393)	(10, 36.42714185906196)	(15, 36.43630857730818)	(20, 36.36968509026589)	(25, 36.35611313864064)	(30, 35.73669267819395)	(35, 35.90989883303434)	(40, 36.29401323196144)	(45, 36.25998138775218)	(50, 36.22308839957195)	(55, 36.208510547260275)	(60, 36.12815893862701)	(65, 36.09174646198167)	(70, 36.021398546276956)	(75, 35.97013985131027)	(80, 35.95640876519433)	(85, 35.88262137852108)	(90, 35.82391759045713)	(95, 35.7142731680864)	(100, 35.50021263024278)	(105, 35.128125784730194)	(110, 34.85706470705934)	(115, 34.76851149401826)	(120, 34.48791289614395)	(125, 34.42137254113624)	(130, 34.27887872162643)	(135, 34.22195513838112)	(140, 34.2846237763177)	(145, 34.27729246090793)	(150, 34.37235403038626)
SRR34661437	(1, 35.77485642180756)	(2, 35.68923850290995)	(3, 36.14024199262363)	(4, 36.17596764472663)	(5, 36.391245812474665)	(6, 36.39290889558665)	(7, 36.411047030299585)	(8, 36.43767976100386)	(9, 36.47817563896386)	(10, 36.44918591526584)	(15, 36.48250572051976)	(20, 36.39923984902883)	(25, 36.401856634228295)	(30, 36.11752484631539)	(35, 36.19014602375388)	(40, 36.34984324502423)	(45, 36.327996101537806)	(50, 36.265864701542476)	(55, 36.26046076443964)	(60, 36.158219995113754)	(65, 36.10812666480092)	(70, 36.054090224997104)	(75, 36.041124727475584)	(80, 36.03175197405285)	(85, 35.96530420252033)	(90, 35.91858569252143)	(95, 35.8709841608836)	(100, 35.68623431885372)	(105, 35.539934493252176)	(110, 35.38038179997828)	(115, 35.526132821151876)	(120, 35.3106766957039)	(125, 35.4039085703746)	(130, 35.3008119105423)	(135, 35.256073982358785)	(140, 35.342910148103115)	(145, 35.33249385371668)	(150, 35.40835184191156)
SRR34661438	(1, 35.759317671113216)	(2, 35.65424969095944)	(3, 36.16201534971997)	(4, 36.18206725970995)	(5, 36.376457640953284)	(6, 36.42125600560527)	(7, 36.416124744446044)	(8, 36.46188587480434)	(9, 36.475012196247135)	(10, 36.46678704115276)	(15, 36.48046851345922)	(20, 36.387667013502366)	(25, 36.37379555294536)	(30, 36.110327677667115)	(35, 36.15224186507189)	(40, 36.31620278644945)	(45, 36.31155579518335)	(50, 36.2717021072264)	(55, 36.27760763991633)	(60, 36.19002292860637)	(65, 36.17025510790298)	(70, 36.07884149258031)	(75, 36.05260428439269)	(80, 36.02627311914199)	(85, 35.9486519033997)	(90, 35.92250498429424)	(95, 35.909096143176)	(100, 35.73076984480502)	(105, 35.61888892896709)	(110, 35.5117663916768)	(115, 35.69195355152791)	(120, 35.47499815678083)	(125, 35.56043188102879)	(130, 35.44905380867699)	(135, 35.38207048872666)	(140, 35.4697068651998)	(145, 35.41694145452507)	(150, 35.404006287597056)
SRR34661439	(1, 35.79138983951652)	(2, 35.71376618422548)	(3, 36.11393160182901)	(4, 36.1791509659179)	(5, 36.309792950223866)	(6, 36.40803125484526)	(7, 36.38998232056507)	(8, 36.42052884795686)	(9, 36.45769463331055)	(10, 36.438120676346834)	(15, 36.44947311533642)	(20, 36.38167367882817)	(25, 36.36160619779361)	(30, 36.0809469244724)	(35, 36.124655129853394)	(40, 36.311021616913635)	(45, 36.288666732203936)	(50, 36.256101487361136)	(55, 36.232671303076074)	(60, 36.13881733560663)	(65, 36.12453144433753)	(70, 36.04168008396005)	(75, 36.00084644547724)	(80, 35.98057192742489)	(85, 35.9184757205045)	(90, 35.88733504695631)	(95, 35.82481990836513)	(100, 35.642513349294084)	(105, 35.419669344398905)	(110, 35.22447566412606)	(115, 35.32023150678801)	(120, 35.055810400957434)	(125, 35.138971506386255)	(130, 34.99749652380288)	(135, 34.930138790251895)	(140, 35.05603662838396)	(145, 35.023455689884756)	(150, 35.149680574841526)
SRR34661440	(1, 35.813849839511725)	(2, 35.68159549121704)	(3, 36.13595474612671)	(4, 36.177253297633044)	(5, 36.36316922267409)	(6, 36.402657797343856)	(7, 36.40131873519018)	(8, 36.43818810428736)	(9, 36.45625078063139)	(10, 36.4454385634434)	(15, 36.454648813709774)	(20, 36.372299048867504)	(25, 36.36171662813571)	(30, 36.147237549927354)	(35, 36.183834263484414)	(40, 36.32489579447025)	(45, 36.307372695617865)	(50, 36.26028473628369)	(55, 36.246299930715516)	(60, 36.155075246634524)	(65, 36.12777045781129)	(70, 36.04650830342218)	(75, 36.006093368760276)	(80, 35.98082143451546)	(85, 35.91433948733406)	(90, 35.82593094992027)	(95, 35.70892787714094)	(100, 35.46238817586061)	(105, 35.11717274115784)	(110, 34.884515489374316)	(115, 34.851122586723896)	(120, 34.562870913721625)	(125, 34.533097005540334)	(130, 34.416734969377345)	(135, 34.29968593844357)	(140, 34.41828869484466)	(145, 34.37233899703078)	(150, 34.593980881899476)
SRR34661441	(1, 35.69703566547543)	(2, 35.655650776386615)	(3, 36.13294859055485)	(4, 36.1760986087553)	(5, 36.345797289435666)	(6, 36.445301999594946)	(7, 36.41837409658283)	(8, 36.48509997815308)	(9, 36.45962285090589)	(10, 36.48022727810731)	(15, 36.49384116914577)	(20, 36.399257013431196)	(25, 36.39705870795832)	(30, 36.183392084624174)	(35, 36.19896824343897)	(40, 36.3077293929086)	(45, 36.282331328222035)	(50, 36.249089761105274)	(55, 36.24020310668352)	(60, 36.156636755150544)	(65, 36.15306343347049)	(70, 36.096228113957416)	(75, 36.10753176069098)	(80, 36.12123993421387)	(85, 36.055111810086366)	(90, 36.03840136296445)	(95, 36.026961472514344)	(100, 35.89045416300833)	(105, 35.78329648232538)	(110, 35.68263163428204)	(115, 35.87953618632474)	(120, 35.66620771872398)	(125, 35.75501027679111)	(130, 35.630501514195416)	(135, 35.622460771390664)	(140, 35.631226639959465)	(145, 35.56022747866475)	(150, 35.45962584974877)
SRR34661442	(1, 35.7769977669595)	(2, 35.647903849479974)	(3, 36.15880756775814)	(4, 36.175648790558974)	(5, 36.34659477930693)	(6, 36.439315694796605)	(7, 36.430278844171404)	(8, 36.488105773330254)	(9, 36.4904435617518)	(10, 36.47106732669321)	(15, 36.47763288572086)	(20, 36.38109992310578)	(25, 36.37431237679071)	(30, 36.15791995076492)	(35, 36.176206499497596)	(40, 36.30488073753265)	(45, 36.272839958852884)	(50, 36.229623717164195)	(55, 36.2324766706661)	(60, 36.145049627905195)	(65, 36.127767147910916)	(70, 36.04299399440056)	(75, 36.01532762233417)	(80, 36.01163092070824)	(85, 35.965579521976544)	(90, 35.91772298709182)	(95, 35.868568517409926)	(100, 35.67055016347842)	(105, 35.45838531630369)	(110, 35.28833921135691)	(115, 35.369231812494284)	(120, 35.14466631237145)	(125, 35.16927919658824)	(130, 35.0982820412046)	(135, 35.01603792118586)	(140, 35.10603250266898)	(145, 35.04613410164658)	(150, 35.18252525163106)
SRR34661443	(1, 35.62104252151164)	(2, 35.84478737426166)	(3, 36.10327969588275)	(4, 36.21006953900638)	(5, 36.32617913611647)	(6, 36.39340333896311)	(7, 36.34366213314765)	(8, 36.28160799634943)	(9, 36.43988182913948)	(10, 36.405413345307984)	(15, 36.39529109846178)	(20, 36.35174998681941)	(25, 36.34215550194437)	(30, 35.955595172084045)	(35, 36.014950321816144)	(40, 36.260657153743054)	(45, 36.31565628758231)	(50, 36.253488984426966)	(55, 36.20874794590722)	(60, 36.107652534958)	(65, 36.02355508251563)	(70, 35.92053202172774)	(75, 35.92457567880662)	(80, 35.871401255331115)	(85, 35.79817624020071)	(90, 35.7672167761783)	(95, 35.79484490168066)	(100, 35.59235613867416)	(105, 35.47922253313986)	(110, 35.3614617845881)	(115, 35.55362422259943)	(120, 35.34943451054981)	(125, 35.4869976839166)	(130, 35.373593792334574)	(135, 35.3183511808356)	(140, 35.483853052649586)	(145, 35.443496745305524)	(150, 35.453507026424305)
