Sample	0	1	2	3	4	5	6	7	8	9	10	11	12	13	14	15	16	17	18	19	20	21	22	23	24	25	26	27	28	29	30	31	32	33	34	35
SRR34661416	(13.0, 6.0)	(14.0, 129.0)	(15.0, 602.0)	(16.0, 1646.0)	(17.0, 2615.0)	(18.0, 3824.0)	(19.0, 5404.0)	(20.0, 7932.0)	(21.0, 11319.0)	(22.0, 14972.0)	(23.0, 18666.0)	(24.0, 23880.0)	(25.0, 30967.0)	(26.0, 40573.0)	(27.0, 58873.0)	(28.0, 87574.0)	(29.0, 131664.0)	(30.0, 220233.0)	(31.0, 451881.0)	(32.0, 1682947.0)	(33.0, 4865814.0)	(34.0, 2658923.0)	(35.0, 814656.0)	(36.0, 260369.0)	(37.0, 188503.0)	(38.0, 251432.0)	(39.0, 243783.0)	(40.0, 116853.0)								
SRR34661417	(13.0, 27.0)	(14.0, 244.0)	(15.0, 1306.0)	(16.0, 3012.0)	(17.0, 4220.0)	(18.0, 5386.0)	(19.0, 7333.0)	(20.0, 10439.0)	(21.0, 14431.0)	(22.0, 18558.0)	(23.0, 22958.0)	(24.0, 28412.0)	(25.0, 36242.0)	(26.0, 45875.0)	(27.0, 65465.0)	(28.0, 93748.0)	(29.0, 134030.0)	(30.0, 212307.0)	(31.0, 406532.0)	(32.0, 1208233.0)	(33.0, 3883697.0)	(34.0, 3644958.0)	(35.0, 1197369.0)	(36.0, 276915.0)	(37.0, 207072.0)	(38.0, 389153.0)	(39.0, 475846.0)	(40.0, 157291.0)								
SRR34661418	(12.0, 1.0)	(13.0, 17.0)	(14.0, 230.0)	(15.0, 889.0)	(16.0, 2244.0)	(17.0, 3569.0)	(18.0, 4932.0)	(19.0, 7510.0)	(20.0, 10350.0)	(21.0, 14062.0)	(22.0, 18263.0)	(23.0, 22486.0)	(24.0, 27741.0)	(25.0, 34612.0)	(26.0, 44097.0)	(27.0, 61152.0)	(28.0, 85444.0)	(29.0, 120166.0)	(30.0, 185816.0)	(31.0, 326146.0)	(32.0, 806561.0)	(33.0, 2427357.0)	(34.0, 3470445.0)	(35.0, 2179392.0)	(36.0, 485239.0)	(37.0, 222194.0)	(38.0, 365148.0)	(39.0, 424759.0)	(40.0, 178348.0)							
SRR34661419	(13.0, 22.0)	(14.0, 188.0)	(15.0, 786.0)	(16.0, 1947.0)	(17.0, 3004.0)	(18.0, 4423.0)	(19.0, 6527.0)	(20.0, 9437.0)	(21.0, 12313.0)	(22.0, 15640.0)	(23.0, 18873.0)	(24.0, 24314.0)	(25.0, 31153.0)	(26.0, 41203.0)	(27.0, 58796.0)	(28.0, 85851.0)	(29.0, 123531.0)	(30.0, 197989.0)	(31.0, 411972.0)	(32.0, 1348200.0)	(33.0, 3832810.0)	(34.0, 2769246.0)	(35.0, 794379.0)	(36.0, 134225.0)	(37.0, 74902.0)	(38.0, 75302.0)	(39.0, 79021.0)	(40.0, 40412.0)								
SRR34661420	(12.0, 2.0)	(13.0, 15.0)	(14.0, 180.0)	(15.0, 773.0)	(16.0, 1857.0)	(17.0, 2978.0)	(18.0, 4347.0)	(19.0, 6509.0)	(20.0, 9151.0)	(21.0, 12849.0)	(22.0, 16611.0)	(23.0, 20506.0)	(24.0, 25765.0)	(25.0, 32579.0)	(26.0, 42500.0)	(27.0, 60276.0)	(28.0, 86548.0)	(29.0, 123022.0)	(30.0, 190581.0)	(31.0, 339987.0)	(32.0, 860335.0)	(33.0, 2738152.0)	(34.0, 3984758.0)	(35.0, 2204626.0)	(36.0, 392755.0)	(37.0, 209212.0)	(38.0, 371982.0)	(39.0, 442448.0)	(40.0, 140873.0)							
SRR34661421	(13.0, 15.0)	(14.0, 158.0)	(15.0, 771.0)	(16.0, 1897.0)	(17.0, 3074.0)	(18.0, 4217.0)	(19.0, 6391.0)	(20.0, 9431.0)	(21.0, 12768.0)	(22.0, 16168.0)	(23.0, 19929.0)	(24.0, 25584.0)	(25.0, 32881.0)	(26.0, 42544.0)	(27.0, 60082.0)	(28.0, 87407.0)	(29.0, 125071.0)	(30.0, 193888.0)	(31.0, 319319.0)	(32.0, 700074.0)	(33.0, 2057479.0)	(34.0, 3680955.0)	(35.0, 3983442.0)	(36.0, 1454621.0)	(37.0, 371136.0)	(38.0, 406981.0)	(39.0, 499347.0)	(40.0, 169976.0)								
SRR34661422	(13.0, 9.0)	(14.0, 93.0)	(15.0, 464.0)	(16.0, 1264.0)	(17.0, 1993.0)	(18.0, 2951.0)	(19.0, 4645.0)	(20.0, 7066.0)	(21.0, 10224.0)	(22.0, 13694.0)	(23.0, 17523.0)	(24.0, 23290.0)	(25.0, 31219.0)	(26.0, 43181.0)	(27.0, 65353.0)	(28.0, 98312.0)	(29.0, 148124.0)	(30.0, 246230.0)	(31.0, 498886.0)	(32.0, 1619843.0)	(33.0, 4798584.0)	(34.0, 3723958.0)	(35.0, 1376669.0)	(36.0, 365297.0)	(37.0, 244987.0)	(38.0, 316710.0)	(39.0, 343367.0)	(40.0, 89780.0)								
SRR34661423	(13.0, 6.0)	(14.0, 143.0)	(15.0, 702.0)	(16.0, 1674.0)	(17.0, 2632.0)	(18.0, 3897.0)	(19.0, 5445.0)	(20.0, 7882.0)	(21.0, 11098.0)	(22.0, 14537.0)	(23.0, 18530.0)	(24.0, 23273.0)	(25.0, 29167.0)	(26.0, 38161.0)	(27.0, 53874.0)	(28.0, 75668.0)	(29.0, 109118.0)	(30.0, 174957.0)	(31.0, 349545.0)	(32.0, 1073712.0)	(33.0, 2925064.0)	(34.0, 2574606.0)	(35.0, 1219005.0)	(36.0, 290686.0)	(37.0, 208551.0)	(38.0, 434240.0)	(39.0, 501360.0)	(40.0, 180081.0)								
SRR34661424	(14.0, 18.0)	(15.0, 124.0)	(16.0, 568.0)	(17.0, 1424.0)	(18.0, 2802.0)	(19.0, 4474.0)	(20.0, 6541.0)	(21.0, 8187.0)	(22.0, 9629.0)	(23.0, 11065.0)	(24.0, 12918.0)	(25.0, 16007.0)	(26.0, 21219.0)	(27.0, 29024.0)	(28.0, 40340.0)	(29.0, 55431.0)	(30.0, 73586.0)	(31.0, 96181.0)	(32.0, 124502.0)	(33.0, 158881.0)	(34.0, 200613.0)	(35.0, 256628.0)	(36.0, 339191.0)	(37.0, 476595.0)	(38.0, 769677.0)	(39.0, 1991877.0)	(40.0, 13217351.0)									
SRR34661425	(14.0, 8.0)	(15.0, 115.0)	(16.0, 499.0)	(17.0, 1224.0)	(18.0, 2634.0)	(19.0, 4252.0)	(20.0, 6203.0)	(21.0, 8304.0)	(22.0, 10166.0)	(23.0, 12086.0)	(24.0, 14004.0)	(25.0, 16470.0)	(26.0, 20566.0)	(27.0, 26903.0)	(28.0, 36320.0)	(29.0, 48351.0)	(30.0, 64037.0)	(31.0, 82632.0)	(32.0, 105112.0)	(33.0, 132501.0)	(34.0, 165775.0)	(35.0, 208685.0)	(36.0, 272214.0)	(37.0, 373901.0)	(38.0, 591009.0)	(39.0, 1446103.0)	(40.0, 9626281.0)									
SRR34661426	(13.0, 1.0)	(14.0, 11.0)	(15.0, 110.0)	(16.0, 504.0)	(17.0, 1254.0)	(18.0, 2343.0)	(19.0, 3930.0)	(20.0, 5442.0)	(21.0, 7297.0)	(22.0, 8611.0)	(23.0, 10143.0)	(24.0, 11491.0)	(25.0, 13403.0)	(26.0, 16979.0)	(27.0, 22787.0)	(28.0, 31430.0)	(29.0, 42610.0)	(30.0, 56723.0)	(31.0, 74679.0)	(32.0, 95783.0)	(33.0, 123011.0)	(34.0, 154139.0)	(35.0, 195551.0)	(36.0, 256903.0)	(37.0, 359730.0)	(38.0, 573064.0)	(39.0, 1455579.0)	(40.0, 9002063.0)								
SRR34661427	(12.0, 1.0)	(13.0, 0.0)	(14.0, 12.0)	(15.0, 126.0)	(16.0, 472.0)	(17.0, 1348.0)	(18.0, 2609.0)	(19.0, 4285.0)	(20.0, 6446.0)	(21.0, 8500.0)	(22.0, 10482.0)	(23.0, 12712.0)	(24.0, 14679.0)	(25.0, 16735.0)	(26.0, 20849.0)	(27.0, 28078.0)	(28.0, 37608.0)	(29.0, 50999.0)	(30.0, 67440.0)	(31.0, 87342.0)	(32.0, 111598.0)	(33.0, 142761.0)	(34.0, 178563.0)	(35.0, 226214.0)	(36.0, 297189.0)	(37.0, 412590.0)	(38.0, 658828.0)	(39.0, 1641059.0)	(40.0, 10507659.0)							
SRR34661428	(12.0, 1.0)	(13.0, 1.0)	(14.0, 11.0)	(15.0, 105.0)	(16.0, 540.0)	(17.0, 1502.0)	(18.0, 2924.0)	(19.0, 4660.0)	(20.0, 6948.0)	(21.0, 9050.0)	(22.0, 10984.0)	(23.0, 13007.0)	(24.0, 15362.0)	(25.0, 18991.0)	(26.0, 25012.0)	(27.0, 34272.0)	(28.0, 47589.0)	(29.0, 64575.0)	(30.0, 87209.0)	(31.0, 115345.0)	(32.0, 149562.0)	(33.0, 194449.0)	(34.0, 245452.0)	(35.0, 316757.0)	(36.0, 416288.0)	(37.0, 588150.0)	(38.0, 948766.0)	(39.0, 2441286.0)	(40.0, 15506197.0)							
SRR34661429	(13.0, 1.0)	(14.0, 10.0)	(15.0, 95.0)	(16.0, 442.0)	(17.0, 1190.0)	(18.0, 2376.0)	(19.0, 4018.0)	(20.0, 6147.0)	(21.0, 7740.0)	(22.0, 9277.0)	(23.0, 10590.0)	(24.0, 12563.0)	(25.0, 15209.0)	(26.0, 19613.0)	(27.0, 27052.0)	(28.0, 36881.0)	(29.0, 50106.0)	(30.0, 66715.0)	(31.0, 86664.0)	(32.0, 111637.0)	(33.0, 141691.0)	(34.0, 179484.0)	(35.0, 229653.0)	(36.0, 300752.0)	(37.0, 417999.0)	(38.0, 670530.0)	(39.0, 1687474.0)	(40.0, 10689616.0)								
SRR34661430	(14.0, 26.0)	(15.0, 175.0)	(16.0, 716.0)	(17.0, 1752.0)	(18.0, 3330.0)	(19.0, 5406.0)	(20.0, 7590.0)	(21.0, 9609.0)	(22.0, 11598.0)	(23.0, 13489.0)	(24.0, 15863.0)	(25.0, 19164.0)	(26.0, 25253.0)	(27.0, 34023.0)	(28.0, 46733.0)	(29.0, 63232.0)	(30.0, 84192.0)	(31.0, 108870.0)	(32.0, 139065.0)	(33.0, 176915.0)	(34.0, 221275.0)	(35.0, 280511.0)	(36.0, 364630.0)	(37.0, 504949.0)	(38.0, 800916.0)	(39.0, 2015810.0)	(40.0, 13589904.0)									
SRR34661431	(13.0, 3.0)	(14.0, 12.0)	(15.0, 114.0)	(16.0, 608.0)	(17.0, 1567.0)	(18.0, 3001.0)	(19.0, 4914.0)	(20.0, 7296.0)	(21.0, 9391.0)	(22.0, 11312.0)	(23.0, 13068.0)	(24.0, 15536.0)	(25.0, 18723.0)	(26.0, 24681.0)	(27.0, 33221.0)	(28.0, 45879.0)	(29.0, 61784.0)	(30.0, 82451.0)	(31.0, 107289.0)	(32.0, 136931.0)	(33.0, 173334.0)	(34.0, 217629.0)	(35.0, 276490.0)	(36.0, 362531.0)	(37.0, 503692.0)	(38.0, 799609.0)	(39.0, 1983240.0)	(40.0, 11834004.0)								
SRR34661432	(2.0, 1848.0)	(3.0, 0.0)	(4.0, 0.0)	(5.0, 0.0)	(6.0, 0.0)	(7.0, 0.0)	(8.0, 0.0)	(9.0, 0.0)	(10.0, 0.0)	(11.0, 0.0)	(12.0, 0.0)	(13.0, 0.0)	(14.0, 2.0)	(15.0, 12.0)	(16.0, 44.0)	(17.0, 112.0)	(18.0, 208.0)	(19.0, 442.0)	(20.0, 1067.0)	(21.0, 3073.0)	(22.0, 7459.0)	(23.0, 13923.0)	(24.0, 20956.0)	(25.0, 30163.0)	(26.0, 44273.0)	(27.0, 69233.0)	(28.0, 107570.0)	(29.0, 173964.0)	(30.0, 268930.0)	(31.0, 368328.0)	(32.0, 449633.0)	(33.0, 672669.0)	(34.0, 1083932.0)	(35.0, 2235754.0)	(36.0, 13380180.0)	(37.0, 10249313.0)
SRR34661433	(2.0, 2233.0)	(3.0, 0.0)	(4.0, 0.0)	(5.0, 0.0)	(6.0, 0.0)	(7.0, 0.0)	(8.0, 0.0)	(9.0, 0.0)	(10.0, 0.0)	(11.0, 0.0)	(12.0, 1.0)	(13.0, 0.0)	(14.0, 2.0)	(15.0, 7.0)	(16.0, 43.0)	(17.0, 80.0)	(18.0, 190.0)	(19.0, 355.0)	(20.0, 803.0)	(21.0, 1970.0)	(22.0, 5202.0)	(23.0, 11678.0)	(24.0, 21791.0)	(25.0, 35289.0)	(26.0, 53373.0)	(27.0, 81953.0)	(28.0, 124000.0)	(29.0, 195411.0)	(30.0, 295323.0)	(31.0, 417552.0)	(32.0, 517053.0)	(33.0, 765159.0)	(34.0, 1227579.0)	(35.0, 2573242.0)	(36.0, 16723823.0)	(37.0, 12331734.0)
SRR34661434	(2.0, 2148.0)	(3.0, 0.0)	(4.0, 0.0)	(5.0, 0.0)	(6.0, 0.0)	(7.0, 0.0)	(8.0, 0.0)	(9.0, 0.0)	(10.0, 0.0)	(11.0, 0.0)	(12.0, 0.0)	(13.0, 0.0)	(14.0, 1.0)	(15.0, 10.0)	(16.0, 49.0)	(17.0, 93.0)	(18.0, 179.0)	(19.0, 361.0)	(20.0, 1077.0)	(21.0, 2972.0)	(22.0, 7881.0)	(23.0, 15989.0)	(24.0, 25376.0)	(25.0, 34187.0)	(26.0, 44216.0)	(27.0, 65251.0)	(28.0, 102367.0)	(29.0, 162498.0)	(30.0, 244872.0)	(31.0, 339596.0)	(32.0, 423308.0)	(33.0, 605191.0)	(34.0, 960377.0)	(35.0, 2012703.0)	(36.0, 12901456.0)	(37.0, 11036492.0)
SRR34661435	(2.0, 2623.0)	(3.0, 0.0)	(4.0, 0.0)	(5.0, 0.0)	(6.0, 0.0)	(7.0, 0.0)	(8.0, 0.0)	(9.0, 0.0)	(10.0, 0.0)	(11.0, 0.0)	(12.0, 0.0)	(13.0, 0.0)	(14.0, 2.0)	(15.0, 9.0)	(16.0, 34.0)	(17.0, 93.0)	(18.0, 192.0)	(19.0, 491.0)	(20.0, 1431.0)	(21.0, 3932.0)	(22.0, 9552.0)	(23.0, 18712.0)	(24.0, 31083.0)	(25.0, 49015.0)	(26.0, 75174.0)	(27.0, 115573.0)	(28.0, 174735.0)	(29.0, 272531.0)	(30.0, 403564.0)	(31.0, 549555.0)	(32.0, 665932.0)	(33.0, 941829.0)	(34.0, 1448042.0)	(35.0, 3051713.0)	(36.0, 20058138.0)	(37.0, 18271611.0)
SRR34661436	(2.0, 1867.0)	(3.0, 0.0)	(4.0, 0.0)	(5.0, 0.0)	(6.0, 0.0)	(7.0, 0.0)	(8.0, 0.0)	(9.0, 0.0)	(10.0, 0.0)	(11.0, 0.0)	(12.0, 0.0)	(13.0, 0.0)	(14.0, 1.0)	(15.0, 3.0)	(16.0, 29.0)	(17.0, 65.0)	(18.0, 141.0)	(19.0, 351.0)	(20.0, 965.0)	(21.0, 2682.0)	(22.0, 6274.0)	(23.0, 12235.0)	(24.0, 19526.0)	(25.0, 29913.0)	(26.0, 44237.0)	(27.0, 70575.0)	(28.0, 110747.0)	(29.0, 181091.0)	(30.0, 286916.0)	(31.0, 410020.0)	(32.0, 476200.0)	(33.0, 746076.0)	(34.0, 1218616.0)	(35.0, 2362847.0)	(36.0, 12286333.0)	(37.0, 9811892.0)
SRR34661437	(2.0, 2092.0)	(3.0, 0.0)	(4.0, 0.0)	(5.0, 0.0)	(6.0, 0.0)	(7.0, 0.0)	(8.0, 0.0)	(9.0, 0.0)	(10.0, 0.0)	(11.0, 0.0)	(12.0, 0.0)	(13.0, 0.0)	(14.0, 0.0)	(15.0, 6.0)	(16.0, 29.0)	(17.0, 68.0)	(18.0, 144.0)	(19.0, 316.0)	(20.0, 1176.0)	(21.0, 3594.0)	(22.0, 8479.0)	(23.0, 15156.0)	(24.0, 22046.0)	(25.0, 30533.0)	(26.0, 43684.0)	(27.0, 66803.0)	(28.0, 105350.0)	(29.0, 170732.0)	(30.0, 263022.0)	(31.0, 369641.0)	(32.0, 443799.0)	(33.0, 650853.0)	(34.0, 1059380.0)	(35.0, 2230428.0)	(36.0, 13767296.0)	(37.0, 11641604.0)
SRR34661438	(2.0, 2428.0)	(3.0, 0.0)	(4.0, 0.0)	(5.0, 0.0)	(6.0, 0.0)	(7.0, 0.0)	(8.0, 0.0)	(9.0, 0.0)	(10.0, 0.0)	(11.0, 0.0)	(12.0, 0.0)	(13.0, 0.0)	(14.0, 3.0)	(15.0, 7.0)	(16.0, 35.0)	(17.0, 97.0)	(18.0, 178.0)	(19.0, 386.0)	(20.0, 1027.0)	(21.0, 2956.0)	(22.0, 7349.0)	(23.0, 14740.0)	(24.0, 24043.0)	(25.0, 36467.0)	(26.0, 52727.0)	(27.0, 80688.0)	(28.0, 124706.0)	(29.0, 202681.0)	(30.0, 314115.0)	(31.0, 425504.0)	(32.0, 526860.0)	(33.0, 769217.0)	(34.0, 1220194.0)	(35.0, 2637611.0)	(36.0, 16984591.0)	(37.0, 13064173.0)
SRR34661439	(2.0, 1639.0)	(3.0, 0.0)	(4.0, 0.0)	(5.0, 0.0)	(6.0, 0.0)	(7.0, 0.0)	(8.0, 0.0)	(9.0, 0.0)	(10.0, 0.0)	(11.0, 0.0)	(12.0, 0.0)	(13.0, 0.0)	(14.0, 1.0)	(15.0, 10.0)	(16.0, 26.0)	(17.0, 63.0)	(18.0, 126.0)	(19.0, 321.0)	(20.0, 942.0)	(21.0, 3256.0)	(22.0, 8503.0)	(23.0, 16371.0)	(24.0, 24354.0)	(25.0, 33185.0)	(26.0, 45325.0)	(27.0, 68736.0)	(28.0, 107343.0)	(29.0, 173214.0)	(30.0, 262949.0)	(31.0, 356348.0)	(32.0, 432736.0)	(33.0, 626072.0)	(34.0, 996811.0)	(35.0, 2027868.0)	(36.0, 12707603.0)	(37.0, 10690822.0)
SRR34661440	(2.0, 1766.0)	(3.0, 0.0)	(4.0, 0.0)	(5.0, 0.0)	(6.0, 0.0)	(7.0, 0.0)	(8.0, 0.0)	(9.0, 0.0)	(10.0, 0.0)	(11.0, 0.0)	(12.0, 0.0)	(13.0, 0.0)	(14.0, 0.0)	(15.0, 4.0)	(16.0, 26.0)	(17.0, 38.0)	(18.0, 119.0)	(19.0, 294.0)	(20.0, 903.0)	(21.0, 2648.0)	(22.0, 7065.0)	(23.0, 14155.0)	(24.0, 22751.0)	(25.0, 32699.0)	(26.0, 43902.0)	(27.0, 66890.0)	(28.0, 105413.0)	(29.0, 170399.0)	(30.0, 255984.0)	(31.0, 351598.0)	(32.0, 428194.0)	(33.0, 613399.0)	(34.0, 969908.0)	(35.0, 2115792.0)	(36.0, 13502516.0)	(37.0, 11165190.0)
SRR34661441	(2.0, 1165.0)	(3.0, 0.0)	(4.0, 0.0)	(5.0, 0.0)	(6.0, 0.0)	(7.0, 0.0)	(8.0, 0.0)	(9.0, 0.0)	(10.0, 0.0)	(11.0, 0.0)	(12.0, 0.0)	(13.0, 0.0)	(14.0, 0.0)	(15.0, 5.0)	(16.0, 24.0)	(17.0, 49.0)	(18.0, 117.0)	(19.0, 219.0)	(20.0, 626.0)	(21.0, 1448.0)	(22.0, 3175.0)	(23.0, 5605.0)	(24.0, 8412.0)	(25.0, 12588.0)	(26.0, 18759.0)	(27.0, 27752.0)	(28.0, 43413.0)	(29.0, 69807.0)	(30.0, 106778.0)	(31.0, 147258.0)	(32.0, 191084.0)	(33.0, 276191.0)	(34.0, 427053.0)	(35.0, 894656.0)	(36.0, 6206669.0)	(37.0, 4103538.0)
SRR34661442	(2.0, 2152.0)	(3.0, 0.0)	(4.0, 0.0)	(5.0, 0.0)	(6.0, 0.0)	(7.0, 0.0)	(8.0, 0.0)	(9.0, 0.0)	(10.0, 0.0)	(11.0, 0.0)	(12.0, 0.0)	(13.0, 0.0)	(14.0, 1.0)	(15.0, 5.0)	(16.0, 23.0)	(17.0, 61.0)	(18.0, 175.0)	(19.0, 380.0)	(20.0, 1105.0)	(21.0, 3069.0)	(22.0, 7527.0)	(23.0, 13931.0)	(24.0, 21760.0)	(25.0, 31965.0)	(26.0, 45720.0)	(27.0, 69695.0)	(28.0, 111819.0)	(29.0, 181366.0)	(30.0, 279142.0)	(31.0, 383653.0)	(32.0, 481865.0)	(33.0, 707558.0)	(34.0, 1152609.0)	(35.0, 2604912.0)	(36.0, 16148750.0)	(37.0, 11469805.0)
SRR34661443	(2.0, 2138.0)	(3.0, 0.0)	(4.0, 0.0)	(5.0, 0.0)	(6.0, 0.0)	(7.0, 0.0)	(8.0, 0.0)	(9.0, 0.0)	(10.0, 0.0)	(11.0, 0.0)	(12.0, 0.0)	(13.0, 0.0)	(14.0, 1.0)	(15.0, 8.0)	(16.0, 43.0)	(17.0, 88.0)	(18.0, 171.0)	(19.0, 396.0)	(20.0, 805.0)	(21.0, 2106.0)	(22.0, 5027.0)	(23.0, 10325.0)	(24.0, 17264.0)	(25.0, 27040.0)	(26.0, 40711.0)	(27.0, 66828.0)	(28.0, 105959.0)	(29.0, 170968.0)	(30.0, 258476.0)	(31.0, 369559.0)	(32.0, 449370.0)	(33.0, 673077.0)	(34.0, 1057348.0)	(35.0, 2145222.0)	(36.0, 11638033.0)	(37.0, 10461587.0)
