Sample	0	1	2	3	4	5	6	7	8	9	10	11	12	13	14	15	16	17	18	19	20	21	22	23	24	25	26	27	28	29	30	31	32	33	34	35	36	37	38	39	40	41	42	43	44	45	46	47	48	49	50	51	52	53	54	55	56	57	58	59	60	61	62	63	64	65	66	67	68	69	70	71	72	73	74	75	76	77	78	79	80	81	82	83	84	85	86	87	88	89	90	91	92	93	94	95	96	97	98	99	100
SRR34661416	(0.0, 4.9196340874558426e-05)	(1.0, 5.739573102031817e-05)	(2.0, 5.32960359474383e-05)	(3.0, 2.0498475364399346e-05)	(4.0, 4.099695072879869e-06)	(5.0, 1.2299085218639607e-05)	(6.0, 1.6398780291519475e-05)	(7.0, 1.2299085218639607e-05)	(8.0, 8.199390145759738e-06)	(9.0, 2.4598170437279213e-05)	(10.0, 3.689725565591882e-05)	(11.0, 2.8697865510159084e-05)	(12.0, 4.099695072879869e-05)	(13.0, 0.00010249237682199674)	(14.0, 0.00011479146204063633)	(15.0, 6.55951211660779e-05)	(16.0, 0.00011479146204063633)	(17.0, 0.00015168871769655516)	(18.0, 0.00012709054725927596)	(19.0, 0.00017628688813383438)	(20.0, 0.0002582807895914318)	(21.0, 0.0003115768255388701)	(22.0, 0.0004427670678710259)	(23.0, 0.0005862563954218213)	(24.0, 0.000815839319503094)	(25.0, 0.001721871930609545)	(26.0, 0.002886185331307428)	(27.0, 0.004435870068856019)	(28.0, 0.008383876424039333)	(29.0, 0.011380753522314517)	(30.0, 0.01601340895466877)	(31.0, 0.02656192437718867)	(32.0, 0.04296070466870815)	(33.0, 0.06764086900744495)	(34.0, 0.10672326213720877)	(35.0, 0.17652057075298852)	(36.0, 0.2979125418609615)	(37.0, 0.4947635004803613)	(38.0, 0.776863518445225)	(39.0, 1.1229515771075977)	(40.0, 1.4903047541129986)	(41.0, 1.8635122956824717)	(42.0, 2.2951650902109204)	(43.0, 2.8903383224162553)	(44.0, 3.7020533486760323)	(45.0, 4.787960081105087)	(46.0, 6.059275523205135)	(47.0, 7.245210715717386)	(48.0, 8.055790126441975)	(49.0, 8.34777040953248)	(50.0, 8.277485237203027)	(51.0, 7.965547638497744)	(52.0, 7.389163308811416)	(53.0, 6.599873614600293)	(54.0, 5.633181915195511)	(55.0, 4.54067467369912)	(56.0, 3.4319285400190505)	(57.0, 2.4178443655717774)	(58.0, 1.5928709254463072)	(59.0, 0.9752026663760802)	(60.0, 0.5600388454307546)	(61.0, 0.31705401815623757)	(62.0, 0.17141235069218022)	(63.0, 0.0833345017464291)	(64.0, 0.04793773448718431)	(65.0, 0.030878903288931177)	(66.0, 0.022708211008681596)	(67.0, 0.015271364146477513)	(68.0, 0.008047701428063183)	(69.0, 0.005608382859699661)	(70.0, 0.004095595377806989)	(71.0, 0.0025828078959143175)	(72.0, 0.0016029807734960289)	(73.0, 0.0011233164499690842)	(74.0, 0.0006723499919522986)	(75.0, 0.0004263682875795064)	(76.0, 0.00035257377626766876)	(77.0, 0.0002992777403202305)	(78.0, 0.0002582807895914318)	(79.0, 0.00022138353393551295)	(80.0, 0.00015168871769655516)	(81.0, 9.4292986676237e-05)	(82.0, 0.0001229908521863961)	(83.0, 0.00013528993740503567)	(84.0, 0.00011479146204063633)	(85.0, 8.199390145759738e-05)	(86.0, 9.4292986676237e-05)	(87.0, 0.00010249237682199674)	(88.0, 7.789420638471753e-05)	(89.0, 7.379451131183764e-05)	(90.0, 8.609359653047725e-05)	(91.0, 8.199390145759738e-05)	(92.0, 6.969481623895779e-05)	(93.0, 6.55951211660779e-05)	(94.0, 7.379451131183764e-05)	(95.0, 9.4292986676237e-05)	(96.0, 0.0001598881078423149)	(97.0, 0.0002459817043727922)	(98.0, 0.0005452594446930226)	(99.0, 0.000692848467316698)	(100.0, 0.0004017701171422272)
SRR34661417	(0.0, 0.00013544681354200427)	(1.0, 8.365832601123795e-05)	(2.0, 3.98372981005895e-05)	(3.0, 5.5772217340825296e-05)	(4.0, 4.78047577207074e-05)	(5.0, 2.39023788603537e-05)	(6.0, 1.195118943017685e-05)	(7.0, 1.5934919240235797e-05)	(8.0, 1.991864905029475e-05)	(9.0, 1.991864905029475e-05)	(10.0, 2.7886108670412648e-05)	(11.0, 3.98372981005895e-05)	(12.0, 4.78047577207074e-05)	(13.0, 8.365832601123795e-05)	(14.0, 0.00013544681354200427)	(15.0, 9.162578563135583e-05)	(16.0, 5.178848753076635e-05)	(17.0, 0.00010756070487159163)	(18.0, 0.00016333292221241692)	(19.0, 0.00017926784145265274)	(20.0, 0.00022308886936330119)	(21.0, 0.0003824380617656592)	(22.0, 0.0005218686051177224)	(23.0, 0.0005736570926484887)	(24.0, 0.0007927622322017311)	(25.0, 0.0014062566229508093)	(26.0, 0.002302595830214073)	(27.0, 0.003927957592718125)	(28.0, 0.0070990065215250486)	(29.0, 0.010365664965773387)	(30.0, 0.015090368520503302)	(31.0, 0.024778799418566665)	(32.0, 0.042761355781172766)	(33.0, 0.072579573409464)	(34.0, 0.12435212602099012)	(35.0, 0.21561937596944067)	(36.0, 0.354651546340498)	(37.0, 0.5667572726174667)	(38.0, 0.860342224699571)	(39.0, 1.2029947768521714)	(40.0, 1.532154436138102)	(41.0, 1.8156366494218972)	(42.0, 2.073160879263348)	(43.0, 2.4433011671053553)	(44.0, 3.021690930768194)	(45.0, 3.923814513715663)	(46.0, 5.195588385738502)	(47.0, 6.666939153785675)	(48.0, 8.005257248555738)	(49.0, 8.964439793572682)	(50.0, 9.538240300494333)	(51.0, 9.543223946486718)	(52.0, 8.820686903376705)	(53.0, 7.518214409437551)	(54.0, 5.908062527348306)	(55.0, 4.272355018527531)	(56.0, 2.8669947347839844)	(57.0, 1.799554332178689)	(58.0, 1.0695716980536771)	(59.0, 0.6174741368293271)	(60.0, 0.35306203814628445)	(61.0, 0.21057597402990602)	(62.0, 0.12669057541949472)	(63.0, 0.07093429299790967)	(64.0, 0.04406403542906204)	(65.0, 0.029089195073050453)	(66.0, 0.020117835540797695)	(67.0, 0.012955089342311705)	(68.0, 0.007676647343983596)	(69.0, 0.005079255507825161)	(70.0, 0.0033383655808293996)	(71.0, 0.0023424331283146624)	(72.0, 0.0014540613806715166)	(73.0, 0.001035769750615327)	(74.0, 0.0007688598533413773)	(75.0, 0.0004302428194863665)	(76.0, 0.00024699124822365485)	(77.0, 0.00019918649050294746)	(78.0, 0.00017130038183253485)	(79.0, 0.00013146308373194535)	(80.0, 0.00018723530107277064)	(81.0, 0.00018325157126271167)	(82.0, 0.00012747935392188638)	(83.0, 0.00012349562411182743)	(84.0, 0.00010756070487159163)	(85.0, 0.00012349562411182743)	(86.0, 0.00015536546259229902)	(87.0, 0.00013146308373194535)	(88.0, 0.0001035769750615327)	(89.0, 0.00010756070487159163)	(90.0, 0.0001035769750615327)	(91.0, 9.959324525147373e-05)	(92.0, 9.56095154414148e-05)	(93.0, 9.56095154414148e-05)	(94.0, 0.00011552816449170954)	(95.0, 0.0001513817327822401)	(96.0, 0.0001912190308828296)	(97.0, 0.00025894243765383176)	(98.0, 0.0006254455801792551)	(99.0, 0.0008166646110620845)	(100.0, 0.0004660963877768971)
SRR34661418	(0.0, 0.00019082046860042682)	(1.0, 0.00013877852261849223)	(2.0, 6.071560364559036e-05)	(3.0, 2.6020972990967298e-05)	(4.0, 3.903145948645095e-05)	(5.0, 4.7705117150106705e-05)	(6.0, 3.469463065462306e-05)	(7.0, 3.903145948645095e-05)	(8.0, 4.7705117150106705e-05)	(9.0, 4.7705117150106705e-05)	(10.0, 3.903145948645095e-05)	(11.0, 5.637877481376248e-05)	(12.0, 0.00011275754962752496)	(13.0, 0.0001517890091139759)	(14.0, 0.0001301048649548365)	(15.0, 0.00011275754962752496)	(16.0, 0.00021684144159139415)	(17.0, 0.0002558729010778451)	(18.0, 0.00021250461275956626)	(19.0, 0.00021684144159139415)	(20.0, 0.0003469463065462306)	(21.0, 0.0005247562886511738)	(22.0, 0.0006028192076240757)	(23.0, 0.0007589450455698795)	(24.0, 0.0012143120729118072)	(25.0, 0.0021640775870821133)	(26.0, 0.003105169443588764)	(27.0, 0.005134805336884213)	(28.0, 0.009892306565399401)	(29.0, 0.013756421054558043)	(30.0, 0.019663181923507623)	(31.0, 0.031715229247157306)	(32.0, 0.0495699535477927)	(33.0, 0.07775066729701027)	(34.0, 0.12188657431852265)	(35.0, 0.1963672726763347)	(36.0, 0.3162068637862346)	(37.0, 0.4906211089158566)	(38.0, 0.7267571019800529)	(39.0, 1.0138855284488815)	(40.0, 1.3111317765823647)	(41.0, 1.604314416100425)	(42.0, 1.9317189719304393)	(43.0, 2.413675096840304)	(44.0, 3.0840707713219215)	(45.0, 4.054739800461638)	(46.0, 5.383656912083329)	(47.0, 6.887790582168529)	(48.0, 8.239653855139421)	(49.0, 9.19798894308142)	(50.0, 9.70778750909162)	(51.0, 9.609831556267123)	(52.0, 8.791558692277839)	(53.0, 7.427144636667636)	(54.0, 5.815743842256005)	(55.0, 4.207387501684316)	(56.0, 2.8328122561211413)	(57.0, 1.7929534597984422)	(58.0, 1.0840293979748659)	(59.0, 0.6333548194289759)	(60.0, 0.3649571566848118)	(61.0, 0.21564447683380963)	(62.0, 0.12465347111322883)	(63.0, 0.06990968076906547)	(64.0, 0.04350706684089732)	(65.0, 0.0276863152623892)	(66.0, 0.018908573706769568)	(67.0, 0.012763287252069459)	(68.0, 0.007350924869948262)	(69.0, 0.0045883649040739)	(70.0, 0.0030834852994296247)	(71.0, 0.0020383095509591046)	(72.0, 0.0013097223072120205)	(73.0, 0.000997470631320413)	(74.0, 0.000663534811269666)	(75.0, 0.0004293460543509604)	(76.0, 0.00028623070290064026)	(77.0, 0.00022985192808687777)	(78.0, 0.00022985192808687777)	(79.0, 0.00021250461275956626)	(80.0, 0.00020816778392773838)	(81.0, 0.00022985192808687777)	(82.0, 0.00023852558575053354)	(83.0, 0.000221178270423222)	(84.0, 0.00017780998210494318)	(85.0, 0.00017780998210494318)	(86.0, 0.00021250461275956626)	(87.0, 0.00019082046860042682)	(88.0, 0.00013877852261849223)	(89.0, 8.239974780472977e-05)	(90.0, 6.938926130924611e-05)	(91.0, 9.107340546838554e-05)	(92.0, 0.00011275754962752496)	(93.0, 0.00012143120729118072)	(94.0, 0.0001257680361230086)	(95.0, 0.0001561258379458038)	(96.0, 0.00018648363976859897)	(97.0, 0.00028623070290064026)	(98.0, 0.000667871640101494)	(99.0, 0.0008586921087019208)	(100.0, 0.0005507772616421411)
SRR34661419	(0.0, 5.8844018091201064e-05)	(1.0, 5.8844018091201064e-05)	(2.0, 4.41330135684008e-05)	(3.0, 1.961467269706702e-05)	(4.0, 1.4711004522800266e-05)	(5.0, 9.80733634853351e-06)	(6.0, 9.80733634853351e-06)	(7.0, 2.9422009045600532e-05)	(8.0, 2.9422009045600532e-05)	(9.0, 1.4711004522800266e-05)	(10.0, 4.903668174266755e-06)	(11.0, 9.80733634853351e-06)	(12.0, 2.451834087133378e-05)	(13.0, 3.432567721986729e-05)	(14.0, 6.374768626546783e-05)	(15.0, 5.8844018091201064e-05)	(16.0, 7.355502261400134e-05)	(17.0, 9.316969531106835e-05)	(18.0, 0.00011768803618240213)	(19.0, 0.00020595406331920375)	(20.0, 0.00023047240419053752)	(21.0, 0.00024027974053907104)	(22.0, 0.0003236420995016059)	(23.0, 0.00046094480838107505)	(24.0, 0.0007012245489201461)	(25.0, 0.0011180363437328202)	(26.0, 0.0016280178338565628)	(27.0, 0.002687210159498182)	(28.0, 0.005090007564888892)	(29.0, 0.007061282170944129)	(30.0, 0.010091749102640983)	(31.0, 0.0165204580791047)	(32.0, 0.024361423489757245)	(33.0, 0.03709624973832801)	(34.0, 0.05887344010024667)	(35.0, 0.09817634051699471)	(36.0, 0.1617376873918404)	(37.0, 0.25642751983693146)	(38.0, 0.3878654415799776)	(39.0, 0.5482006798739777)	(40.0, 0.7138907238142771)	(41.0, 0.8957971984068767)	(42.0, 1.1568832030093616)	(43.0, 1.6025628923639443)	(44.0, 2.324642742029247)	(45.0, 3.3592627864496154)	(46.0, 4.692329883292207)	(47.0, 6.257600379190853)	(48.0, 7.935969077860787)	(49.0, 9.467830882488153)	(50.0, 10.538257511917017)	(51.0, 10.85356337552237)	(52.0, 10.233656355936088)	(53.0, 8.806218165079734)	(54.0, 6.902756386206432)	(55.0, 4.9399945481017244)	(56.0, 3.25279924671811)	(57.0, 1.9816017312302414)	(58.0, 1.1311144267535898)	(59.0, 0.613463599605294)	(60.0, 0.32270549888032096)	(61.0, 0.1711036936046899)	(62.0, 0.09214482866264662)	(63.0, 0.04853160392071808)	(64.0, 0.028451082747095718)	(65.0, 0.018231838271923796)	(66.0, 0.012053216372347686)	(67.0, 0.007443768288536936)	(68.0, 0.0043642646750974125)	(69.0, 0.002809801863854851)	(70.0, 0.001887912247092701)	(71.0, 0.001265146388960823)	(72.0, 0.000985637303027618)	(73.0, 0.0006963208807458793)	(74.0, 0.0004903668174266755)	(75.0, 0.00032854576767587265)	(76.0, 0.0002549907450618713)	(77.0, 0.00025989441323613806)	(78.0, 0.00021576139966773724)	(79.0, 0.00014711004522800268)	(80.0, 0.00016182104975080296)	(81.0, 0.00017162838609933645)	(82.0, 0.00022066506784200403)	(83.0, 0.00023537607236480426)	(84.0, 0.00020595406331920375)	(85.0, 0.0001863393906221367)	(86.0, 0.00020105039514493696)	(87.0, 0.00021085773149347048)	(88.0, 0.00016182104975080296)	(89.0, 0.00018143572244786995)	(90.0, 0.0001765320542736032)	(91.0, 0.00014711004522800268)	(92.0, 0.00011768803618240213)	(93.0, 0.00012259170435666888)	(94.0, 0.0001667247179250697)	(95.0, 0.00019124305879640347)	(96.0, 0.00023537607236480426)	(97.0, 0.00031873843132733913)	(98.0, 0.0007159355534429464)	(99.0, 0.0008826602713680161)	(100.0, 0.0005541145036921434)
SRR34661420	(0.0, 4.0577322786962525e-05)	(1.0, 4.0577322786962525e-05)	(2.0, 3.246185822957002e-05)	(3.0, 2.0288661393481262e-05)	(4.0, 2.0288661393481262e-05)	(5.0, 2.4346393672177512e-05)	(6.0, 2.0288661393481262e-05)	(7.0, 1.2173196836088756e-05)	(8.0, 8.115464557392505e-06)	(9.0, 2.0288661393481262e-05)	(10.0, 4.0577322786962525e-05)	(11.0, 4.8692787344355024e-05)	(12.0, 4.8692787344355024e-05)	(13.0, 7.303918101653255e-05)	(14.0, 8.927011013131755e-05)	(15.0, 0.00012173196836088757)	(16.0, 0.00015825155886915382)	(17.0, 0.00015013609431176132)	(18.0, 0.00015013609431176132)	(19.0, 0.00016636702342654635)	(20.0, 0.00025157940127916765)	(21.0, 0.0003408495114104852)	(22.0, 0.0004909856057222465)	(23.0, 0.0007263340778866291)	(24.0, 0.0009211052272640492)	(25.0, 0.0017367094152819958)	(26.0, 0.0030473569413008855)	(27.0, 0.004780008624304185)	(28.0, 0.008947299674525237)	(29.0, 0.012830549465237548)	(30.0, 0.018478912797182733)	(31.0, 0.029369866233203475)	(32.0, 0.04889973169056853)	(33.0, 0.08332553234302753)	(34.0, 0.13917210169472405)	(35.0, 0.23491835254284082)	(36.0, 0.3859998984755384)	(37.0, 0.6133992731059551)	(38.0, 0.9288514381840803)	(39.0, 1.2982470961751937)	(40.0, 1.639790479805336)	(41.0, 1.911950699202051)	(42.0, 2.168959346270114)	(43.0, 2.57977227762988)	(44.0, 3.211463807848198)	(45.0, 4.132451360876165)	(46.0, 5.394138289220305)	(47.0, 6.785903941222612)	(48.0, 8.010616813043272)	(49.0, 8.903208355584923)	(50.0, 9.389470760934767)	(51.0, 9.306007265694264)	(52.0, 8.56070328940473)	(53.0, 7.281852153521704)	(54.0, 5.711655840028287)	(55.0, 4.123922007626345)	(56.0, 2.7622890755256377)	(57.0, 1.7382513535479003)	(58.0, 1.043100948223052)	(59.0, 0.60585189106758)	(60.0, 0.35149294317750546)	(61.0, 0.21460940248796606)	(62.0, 0.13300434863110575)	(63.0, 0.07878492992316644)	(64.0, 0.05075411534193272)	(65.0, 0.03267691804034092)	(66.0, 0.02152221200620492)	(67.0, 0.013751654692501598)	(68.0, 0.007571728432047207)	(69.0, 0.004759719962910704)	(70.0, 0.0030027218862352266)	(71.0, 0.0019071341709872385)	(72.0, 0.001351224848805852)	(73.0, 0.0007750268652309842)	(74.0, 0.00047475467660746155)	(75.0, 0.000369253637361359)	(76.0, 0.0003367917791317889)	(77.0, 0.0002799835272300414)	(78.0, 0.00019071341709872385)	(79.0, 0.00016636702342654635)	(80.0, 0.00013796289747567257)	(81.0, 0.00015825155886915382)	(82.0, 0.0001541938265904576)	(83.0, 0.00013796289747567257)	(84.0, 0.00013796289747567257)	(85.0, 0.00012984743291828007)	(86.0, 0.00013390516519697632)	(87.0, 0.00011361650380349505)	(88.0, 0.00010144330696740631)	(89.0, 0.00012578970063958382)	(90.0, 0.00010955877152479881)	(91.0, 8.115464557392505e-05)	(92.0, 6.492371645914004e-05)	(93.0, 8.927011013131755e-05)	(94.0, 0.00013796289747567257)	(95.0, 0.0001541938265904576)	(96.0, 0.0002272330076069901)	(97.0, 0.0003367917791317889)	(98.0, 0.000738507274722718)	(99.0, 0.0009535670854936192)	(100.0, 0.000612717574083134)
SRR34661421	(0.0, 4.900044173898228e-05)	(1.0, 5.950053639733562e-05)	(2.0, 4.900044173898228e-05)	(3.0, 2.1000189316706692e-05)	(4.0, 7.0000631055688966e-06)	(5.0, 3.5000315527844483e-06)	(6.0, 7.0000631055688966e-06)	(7.0, 7.0000631055688966e-06)	(8.0, 2.450022086949114e-05)	(9.0, 2.8000252422275586e-05)	(10.0, 1.7500157763922242e-05)	(11.0, 1.7500157763922242e-05)	(12.0, 3.850034708062893e-05)	(13.0, 5.950053639733562e-05)	(14.0, 8.05007257140423e-05)	(15.0, 0.00010150091503074901)	(16.0, 8.75007888196112e-05)	(17.0, 0.0001155010412418868)	(18.0, 0.00012600113590024013)	(19.0, 0.00013650123055859348)	(20.0, 0.0001645014829808691)	(21.0, 0.0002275020509309891)	(22.0, 0.000304502745092247)	(23.0, 0.00044450400720362493)	(24.0, 0.0007735069731653632)	(25.0, 0.0011690105386300057)	(26.0, 0.0017290155870755175)	(27.0, 0.003010027135394626)	(28.0, 0.00539004859128805)	(29.0, 0.007819070488920457)	(30.0, 0.011665605165430566)	(31.0, 0.0191976730670227)	(32.0, 0.03299829747965178)	(33.0, 0.05617200639063761)	(34.0, 0.0988933915239246)	(35.0, 0.17130554431948206)	(36.0, 0.27833650920363046)	(37.0, 0.4394779618938265)	(38.0, 0.6676310186936335)	(39.0, 0.9394084687673459)	(40.0, 1.2018338345320183)	(41.0, 1.4314009040791502)	(42.0, 1.6586859530538667)	(43.0, 2.0211142203446966)	(44.0, 2.614565570308616)	(45.0, 3.5811797843357556)	(46.0, 4.986662954766538)	(47.0, 6.653839984367458)	(48.0, 8.231230704544803)	(49.0, 9.380291063323936)	(50.0, 9.988358545052284)	(51.0, 9.905621299176012)	(52.0, 9.063506707512968)	(53.0, 7.686821796698497)	(54.0, 6.073048248529961)	(55.0, 4.47098580593704)	(56.0, 3.0912523676400943)	(57.0, 2.022773235300716)	(58.0, 1.2666894192051141)	(59.0, 0.7664264093340801)	(60.0, 0.45600511088607465)	(61.0, 0.2809510327735605)	(62.0, 0.17161354709612708)	(63.0, 0.0970873752426878)	(64.0, 0.05814952421796082)	(65.0, 0.03727533603715437)	(66.0, 0.024118717430237635)	(67.0, 0.014504130754738753)	(68.0, 0.008022072318981955)	(69.0, 0.005061045625326312)	(70.0, 0.0032305291232200464)	(71.0, 0.00196701773266486)	(72.0, 0.0013720123686915037)	(73.0, 0.0010290092765186279)	(74.0, 0.0006370057426067696)	(75.0, 0.0003815034392535049)	(76.0, 0.00028000252422275587)	(77.0, 0.00025200227180048027)	(78.0, 0.00023450211403655804)	(79.0, 0.00017150154608643796)	(80.0, 0.0001155010412418868)	(81.0, 0.0001085009781363179)	(82.0, 0.0001540013883225157)	(83.0, 0.00012950116745302458)	(84.0, 0.0001085009781363179)	(85.0, 0.00011900107279467125)	(86.0, 9.45008519251801e-05)	(87.0, 0.00010150091503074901)	(88.0, 6.300056795012007e-05)	(89.0, 2.8000252422275586e-05)	(90.0, 5.950053639733562e-05)	(91.0, 8.05007257140423e-05)	(92.0, 8.05007257140423e-05)	(93.0, 8.400075726682677e-05)	(94.0, 0.00012600113590024013)	(95.0, 0.00020300183006149801)	(96.0, 0.00019950179850871354)	(97.0, 0.0002625023664588336)	(98.0, 0.0006615059634762607)	(99.0, 0.0008715078566433277)	(100.0, 0.0005635050799982961)
SRR34661422	(0.0, 5.6762970959709285e-05)	(1.0, 4.611991390476379e-05)	(2.0, 2.4833799794872814e-05)	(3.0, 1.773842842490915e-05)	(4.0, 3.1929171164836474e-05)	(5.0, 3.54768568498183e-05)	(6.0, 1.773842842490915e-05)	(7.0, 3.5476856849818303e-06)	(8.0, 1.0643057054945491e-05)	(9.0, 1.773842842490915e-05)	(10.0, 3.1929171164836474e-05)	(11.0, 2.4833799794872814e-05)	(12.0, 1.0643057054945491e-05)	(13.0, 6.385834232967295e-05)	(14.0, 7.804908506960026e-05)	(15.0, 6.031065664469112e-05)	(16.0, 8.869214212454577e-05)	(17.0, 9.578751349450941e-05)	(18.0, 0.00011707362760440041)	(19.0, 0.00016674122719414605)	(20.0, 0.00022350419815385532)	(21.0, 0.00031219634027840104)	(22.0, 0.000439913024937747)	(23.0, 0.0005995588807619294)	(24.0, 0.00079468159343593)	(25.0, 0.0015609817013920056)	(26.0, 0.0027955763197656824)	(27.0, 0.004746803446505689)	(28.0, 0.008581851671971048)	(29.0, 0.012356589240791716)	(30.0, 0.01806481550792748)	(31.0, 0.0290342596458913)	(32.0, 0.04480372251563554)	(33.0, 0.07120914706895531)	(34.0, 0.11524302179094978)	(35.0, 0.18874397381240335)	(36.0, 0.3052889962497415)	(37.0, 0.47895885358665696)	(38.0, 0.7194316323717804)	(39.0, 0.9989928120340337)	(40.0, 1.2742861258172538)	(41.0, 1.5378046708120192)	(42.0, 1.8280443843860676)	(43.0, 2.2610039453812503)	(44.0, 2.918443318093658)	(45.0, 3.856178241405111)	(46.0, 5.05912040809738)	(47.0, 6.328705850382033)	(48.0, 7.389996023044347)	(49.0, 8.106436956383687)	(50.0, 8.556514100808908)	(51.0, 8.705016675896562)	(52.0, 8.430691880305343)	(53.0, 7.739886523725679)	(54.0, 6.678131604238632)	(55.0, 5.36459388400274)	(56.0, 3.9854381693374235)	(57.0, 2.7292594312563168)	(58.0, 1.7430028108313682)	(59.0, 1.0468227104389587)	(60.0, 0.6007686415805081)	(61.0, 0.3482266360950766)	(62.0, 0.20022073700331958)	(63.0, 0.11222039358734527)	(64.0, 0.06920825234262555)	(65.0, 0.04432123726247801)	(66.0, 0.029513197213363845)	(67.0, 0.01855439613245497)	(68.0, 0.01083108439624953)	(69.0, 0.007098919055648642)	(70.0, 0.004399130249377469)	(71.0, 0.0025933582357217182)	(72.0, 0.0017951289566008062)	(73.0, 0.0012274992470037134)	(74.0, 0.0007379186224762207)	(75.0, 0.000439913024937747)	(76.0, 0.00033703014007327393)	(77.0, 0.00025188568363370995)	(78.0, 0.00018802734130403701)	(79.0, 0.0001738365985641097)	(80.0, 0.00015609817013920052)	(81.0, 0.00014545511308425505)	(82.0, 0.0001419074273992732)	(83.0, 0.00013481205602930955)	(84.0, 0.00014545511308425505)	(85.0, 0.0001277166846593459)	(86.0, 0.00010643057054945493)	(87.0, 9.578751349450941e-05)	(88.0, 7.450139938461845e-05)	(89.0, 6.031065664469112e-05)	(90.0, 6.031065664469112e-05)	(91.0, 0.00010288288486447308)	(92.0, 0.00011707362760440041)	(93.0, 0.00010643057054945493)	(94.0, 0.00013481205602930955)	(95.0, 0.00018093196993407336)	(96.0, 0.00021640882678389167)	(97.0, 0.00028026716911356463)	(98.0, 0.0006563218517216387)	(99.0, 0.0007982292791209118)	(100.0, 0.0004895806245274926)
SRR34661423	(0.0, 0.00018397298075976677)	(1.0, 0.000135559038454565)	(2.0, 9.198649037988338e-05)	(3.0, 8.71450961493632e-05)	(4.0, 8.230370191884304e-05)	(5.0, 6.293812499676232e-05)	(6.0, 4.841394230520178e-05)	(7.0, 4.35725480746816e-05)	(8.0, 4.841394230520178e-05)	(9.0, 4.841394230520178e-05)	(10.0, 6.293812499676232e-05)	(11.0, 6.77795192272825e-05)	(12.0, 8.71450961493632e-05)	(13.0, 0.0001742901922987264)	(14.0, 0.0001742901922987264)	(15.0, 0.00016460740383768607)	(16.0, 0.00024691110575652907)	(17.0, 0.00024691110575652907)	(18.0, 0.00022754552883444838)	(19.0, 0.0002759594711396501)	(20.0, 0.0003776287499805739)	(21.0, 0.0005277119711266994)	(22.0, 0.0006051742788150223)	(23.0, 0.0007988300480358295)	(24.0, 0.001220031346091085)	(25.0, 0.0017913158652924659)	(26.0, 0.002745070528704941)	(27.0, 0.004323365047854519)	(28.0, 0.008065762788046618)	(29.0, 0.01114004812442693)	(30.0, 0.01568127591265486)	(31.0, 0.027266732306289645)	(32.0, 0.04685017196874376)	(33.0, 0.08134026446696951)	(34.0, 0.14373615330991357)	(35.0, 0.25245934354470523)	(36.0, 0.4154642458920891)	(37.0, 0.6574613365046402)	(38.0, 0.9976515849006017)	(39.0, 1.407030198244927)	(40.0, 1.80401000096489)	(41.0, 2.126335504650232)	(42.0, 2.371905544204907)	(43.0, 2.6478795395272483)	(44.0, 3.0292022733057093)	(45.0, 3.6567583176484266)	(46.0, 4.622906950291033)	(47.0, 5.7140845889368235)	(48.0, 6.602678927400728)	(49.0, 7.174307185592475)	(50.0, 7.612085417493033)	(51.0, 7.933563677188032)	(52.0, 7.945221754495126)	(53.0, 7.567496176629941)	(54.0, 6.8002029706117195)	(55.0, 5.695425855572399)	(56.0, 4.423107451791696)	(57.0, 3.174434417432854)	(58.0, 2.10175090474765)	(59.0, 1.2869781455107179)	(60.0, 0.7383271443370187)	(61.0, 0.40744205565211716)	(62.0, 0.21511282845047258)	(63.0, 0.106893143215655)	(64.0, 0.058784208746976006)	(65.0, 0.03586504845969348)	(66.0, 0.023195119758422172)	(67.0, 0.0146355347588625)	(68.0, 0.008937213749540249)	(69.0, 0.005606334518942367)	(70.0, 0.0036794596151953356)	(71.0, 0.002391648749876968)	(72.0, 0.0015105149999222957)	(73.0, 0.001142569038402762)	(74.0, 0.000789147259574789)	(75.0, 0.0004502496634383766)	(76.0, 0.00030016644229225104)	(77.0, 0.0002953250480617309)	(78.0, 0.00023722831729548874)	(79.0, 0.00018881437499028696)	(80.0, 0.00014524182691560535)	(81.0, 0.00012103485576300447)	(82.0, 0.0001791315865292466)	(83.0, 0.00019365576922080713)	(84.0, 0.00016944879806820624)	(85.0, 0.00012103485576300447)	(86.0, 0.00010651067307144393)	(87.0, 0.00012587624999352463)	(88.0, 0.00011619346153248427)	(89.0, 5.8096730766242136e-05)	(90.0, 7.746230768832284e-05)	(91.0, 8.71450961493632e-05)	(92.0, 7.746230768832284e-05)	(93.0, 0.00012103485576300447)	(94.0, 0.00015008322114612552)	(95.0, 0.00015976600960716588)	(96.0, 0.0001984971634513273)	(97.0, 0.0002953250480617309)	(98.0, 0.0006390640384286635)	(99.0, 0.0009537546634124751)	(100.0, 0.0006874779807338654)
SRR34661424	(0.0, 0.00010453644678391766)	(1.0, 7.587322750445636e-05)	(2.0, 3.540750616874631e-05)	(3.0, 3.540750616874631e-05)	(4.0, 3.034929100178255e-05)	(5.0, 2.1918932390176283e-05)	(6.0, 2.5291075834818794e-05)	(7.0, 3.034929100178255e-05)	(8.0, 4.046572133571006e-05)	(9.0, 3.8779649613388814e-05)	(10.0, 3.3721434446425054e-05)	(11.0, 4.046572133571006e-05)	(12.0, 4.046572133571006e-05)	(13.0, 2.8663219279461298e-05)	(14.0, 3.709357789106756e-05)	(15.0, 4.215179305803132e-05)	(16.0, 5.395429511428009e-05)	(17.0, 9.104787300534766e-05)	(18.0, 0.00011802502056248768)	(19.0, 0.00019052610462230157)	(20.0, 0.0002832600493499705)	(21.0, 0.0003557611334097843)	(22.0, 0.0005260543773642309)	(23.0, 0.0008700130087177665)	(24.0, 0.0014314748922507434)	(25.0, 0.00238241934363993)	(26.0, 0.0038695346027272748)	(27.0, 0.006368292895207372)	(28.0, 0.011171911232100621)	(29.0, 0.019195926558627462)	(30.0, 0.033224043288340284)	(31.0, 0.059912872580963394)	(32.0, 0.10269525646314287)	(33.0, 0.16423350218442395)	(34.0, 0.2700952013420861)	(35.0, 0.44332052402164934)	(36.0, 0.6645095289860852)	(37.0, 0.938062863430652)	(38.0, 1.2911616895908913)	(39.0, 1.7705068220316564)	(40.0, 2.278385346229264)	(41.0, 2.8214943390647744)	(42.0, 3.424280154440123)	(43.0, 3.9625973314407967)	(44.0, 4.412628420917284)	(45.0, 4.858103744600061)	(46.0, 5.304128727664313)	(47.0, 5.730165330460447)	(48.0, 6.061026556674991)	(49.0, 6.224336091555583)	(50.0, 6.3315938580993265)	(51.0, 6.294744760607997)	(52.0, 6.01309322368112)	(53.0, 5.530836245375906)	(54.0, 4.965208078617073)	(55.0, 4.326505563412837)	(56.0, 3.62776877846363)	(57.0, 2.9866484364095855)	(58.0, 2.4193864661518236)	(59.0, 1.8745087840795982)	(60.0, 1.4139734677730489)	(61.0, 1.0542079140227516)	(62.0, 0.7627400675285213)	(63.0, 0.5383846198695662)	(64.0, 0.3623452434854488)	(65.0, 0.24395771750266204)	(66.0, 0.1532420006266117)	(67.0, 0.09503880477208206)	(68.0, 0.060266947642650864)	(69.0, 0.03594873519161143)	(70.0, 0.021364214793532593)	(71.0, 0.012075645675264812)	(72.0, 0.0069179522766841)	(73.0, 0.003672264211215688)	(74.0, 0.001788922097382849)	(75.0, 0.0007030919082079624)	(76.0, 0.0002596550452374729)	(77.0, 0.00014500216811962774)	(78.0, 5.226822339195883e-05)	(79.0, 2.1918932390176283e-05)	(80.0, 2.360500411249754e-05)	(81.0, 1.5174645500891275e-05)	(82.0, 1.3488573778570023e-05)	(83.0, 1.5174645500891275e-05)	(84.0, 1.3488573778570023e-05)	(85.0, 1.3488573778570023e-05)	(86.0, 1.3488573778570023e-05)	(87.0, 1.180250205624877e-05)	(88.0, 6.7442868892850115e-06)	(89.0, 3.3721434446425057e-06)	(90.0, 6.7442868892850115e-06)	(91.0, 5.058215166963758e-06)	(92.0, 1.6860717223212529e-06)	(93.0, 3.3721434446425057e-06)	(94.0, 3.3721434446425057e-06)	(95.0, 1.6860717223212529e-06)	(96.0, 1.6860717223212529e-06)	(97.0, 0.0)	(98.0, 0.0)	(99.0, 0.0)	(100.0, 8.430358611606264e-06)
SRR34661425	(0.0, 0.00014245315926443645)	(1.0, 0.0001448273785855104)	(2.0, 0.000161446913833028)	(3.0, 0.0001329562819801407)	(4.0, 9.022033420080975e-05)	(5.0, 8.309767623758793e-05)	(6.0, 7.597501827436611e-05)	(7.0, 9.022033420080975e-05)	(8.0, 0.00011396252741154917)	(9.0, 0.00011633674673262312)	(10.0, 0.00013058206265906676)	(11.0, 0.0001804406684016195)	(12.0, 0.00019943442297021106)	(13.0, 0.00022555083550202437)	(14.0, 0.0003300164856292778)	(15.0, 0.0004083657232247179)	(16.0, 0.0005555673211313022)	(17.0, 0.0008072345691651399)	(18.0, 0.0010968893263361608)	(19.0, 0.0014387769085708083)	(20.0, 0.0019516082819227795)	(21.0, 0.002616389691823483)	(22.0, 0.0036396782192063513)	(23.0, 0.005375232542911402)	(24.0, 0.007469293984098619)	(25.0, 0.011268044897816925)	(26.0, 0.01752411280884676)	(27.0, 0.026652986098376064)	(28.0, 0.043474329988184936)	(29.0, 0.06559018296398869)	(30.0, 0.09998787248770796)	(31.0, 0.16325369473636525)	(32.0, 0.2559004810833126)	(33.0, 0.3805826087295106)	(34.0, 0.5842265225559857)	(35.0, 0.8985707864468544)	(36.0, 1.2837261415887535)	(37.0, 1.714274195930265)	(38.0, 2.215106264833529)	(39.0, 2.84860021252112)	(40.0, 3.4541828378701656)	(41.0, 4.019688641079484)	(42.0, 4.610741044183557)	(43.0, 5.075727149777246)	(44.0, 5.385553274300111)	(45.0, 5.6359147017073585)	(46.0, 5.806105865299902)	(47.0, 5.873718883125445)	(48.0, 5.738352768534415)	(49.0, 5.450557025091794)	(50.0, 5.246765909667412)	(51.0, 5.010512093465986)	(52.0, 4.610422898794533)	(53.0, 4.137262356078386)	(54.0, 3.7056886389901704)	(55.0, 3.246433898837554)	(56.0, 2.754592998503197)	(57.0, 2.3172617995613773)	(58.0, 1.9138415751824562)	(59.0, 1.4966437560833434)	(60.0, 1.1365055499276004)	(61.0, 0.8528148316911175)	(62.0, 0.6159935770719551)	(63.0, 0.4299877385817382)	(64.0, 0.2932445767844846)	(65.0, 0.19985228557072007)	(66.0, 0.12741247986543305)	(67.0, 0.08149982663450517)	(68.0, 0.053569510541391335)	(69.0, 0.0337376565524607)	(70.0, 0.021227894949722107)	(71.0, 0.012823158553120355)	(72.0, 0.007405190062429622)	(73.0, 0.003960197827551333)	(74.0, 0.0019895957910599626)	(75.0, 0.0008855838067605801)	(76.0, 0.0003585071174821651)	(77.0, 0.00011871096605369706)	(78.0, 5.460704438470065e-05)	(79.0, 4.748438642147882e-05)	(80.0, 3.561328981610911e-05)	(81.0, 2.6116412531813352e-05)	(82.0, 1.899375456859153e-05)	(83.0, 2.136797388966547e-05)	(84.0, 2.136797388966547e-05)	(85.0, 1.1871096605369705e-05)	(86.0, 9.496877284295764e-06)	(87.0, 1.6619535247517587e-05)	(88.0, 1.1871096605369705e-05)	(89.0, 4.748438642147882e-06)	(90.0, 4.748438642147882e-06)	(91.0, 2.374219321073941e-06)	(92.0, 0.0)	(93.0, 0.0)	(94.0, 0.0)	(95.0, 0.0)	(96.0, 9.496877284295764e-06)	(97.0, 1.1871096605369705e-05)	(98.0, 2.374219321073941e-06)	(99.0, 4.748438642147882e-06)	(100.0, 1.4245315926443646e-05)
SRR34661426	(0.0, 0.00029974081786155534)	(1.0, 0.0002739818413265779)	(2.0, 0.0002013883620007325)	(3.0, 0.00012411143239580025)	(4.0, 9.835245586082284e-05)	(5.0, 7.961865474447563e-05)	(6.0, 6.791002904675863e-05)	(7.0, 7.025175418630204e-05)	(8.0, 8.196037988401904e-05)	(9.0, 0.00010537763127945305)	(10.0, 0.00012645315753534366)	(11.0, 0.00014752868379123426)	(12.0, 0.00014752868379123426)	(13.0, 0.00015689558434940786)	(14.0, 0.0002154387128379929)	(15.0, 0.0002950573675824685)	(16.0, 0.00037467602232694417)	(17.0, 0.0004870788290250274)	(18.0, 0.0006673916647698694)	(19.0, 0.0008945390033055793)	(20.0, 0.001301999177586131)	(21.0, 0.0017914197317507017)	(22.0, 0.0024190020691483333)	(23.0, 0.00345638630596606)	(24.0, 0.0047021840802031496)	(25.0, 0.007072009921421071)	(26.0, 0.010404284794991331)	(27.0, 0.01564272393214992)	(28.0, 0.025417084664604073)	(29.0, 0.03739735047850811)	(30.0, 0.05586887837922646)	(31.0, 0.09235763950359173)	(32.0, 0.15007882246819704)	(33.0, 0.22989418212439433)	(34.0, 0.36241006604601583)	(35.0, 0.5739380979009713)	(36.0, 0.8388598046626558)	(37.0, 1.1573906250439074)	(38.0, 1.5460303543779488)	(39.0, 2.059989846279795)	(40.0, 2.567898320421061)	(41.0, 3.0877894021013703)	(42.0, 3.671588504564959)	(43.0, 4.14434065918626)	(44.0, 4.529725390576337)	(45.0, 4.914601967611131)	(46.0, 5.249880806190397)	(47.0, 5.530225114721114)	(48.0, 5.695213701152784)	(49.0, 5.76929417594224)	(50.0, 5.92766504712956)	(51.0, 5.916769000055265)	(52.0, 5.57805016724601)	(53.0, 5.131457424158548)	(54.0, 4.686576482148093)	(55.0, 4.161688159019997)	(56.0, 3.569856939327775)	(57.0, 3.0169475331799034)	(58.0, 2.5031519620378253)	(59.0, 1.970402467616283)	(60.0, 1.5057714157789186)	(61.0, 1.1379051301577667)	(62.0, 0.830242256149136)	(63.0, 0.5893091817169341)	(64.0, 0.40192199432553166)	(65.0, 0.2719773246071288)	(66.0, 0.17176553898550848)	(67.0, 0.10954121857756122)	(68.0, 0.07197292216386643)	(69.0, 0.04431714826585887)	(70.0, 0.027046925361726284)	(71.0, 0.015787910890801612)	(72.0, 0.009085893541428396)	(73.0, 0.004744335132714931)	(74.0, 0.0023440668646829447)	(75.0, 0.0009835245586082284)	(76.0, 0.00037233429718740076)	(77.0, 0.00015455385920986448)	(78.0, 7.025175418630204e-05)	(79.0, 3.9809327372237816e-05)	(80.0, 2.8100701674520813e-05)	(81.0, 1.639207597680381e-05)	(82.0, 2.341725139543401e-05)	(83.0, 2.5758976534977413e-05)	(84.0, 1.1708625697717005e-05)	(85.0, 7.025175418630203e-06)	(86.0, 9.366900558173604e-06)	(87.0, 9.366900558173604e-06)	(88.0, 4.683450279086802e-06)	(89.0, 7.025175418630203e-06)	(90.0, 7.025175418630203e-06)	(91.0, 2.341725139543401e-06)	(92.0, 0.0)	(93.0, 2.341725139543401e-06)	(94.0, 4.683450279086802e-06)	(95.0, 2.341725139543401e-06)	(96.0, 0.0)	(97.0, 0.0)	(98.0, 4.683450279086802e-06)	(99.0, 9.366900558173604e-06)	(100.0, 9.366900558173604e-06)
SRR34661427	(0.0, 0.0004408424881446751)	(1.0, 0.0004472007932621465)	(2.0, 0.00043448418302720386)	(3.0, 0.00033699017122597763)	(4.0, 0.0002628099448554794)	(5.0, 0.00025857107477716523)	(6.0, 0.00022677954918980887)	(7.0, 0.00018015197832835282)	(8.0, 0.00017591310825003866)	(9.0, 0.00020982406887655211)	(10.0, 0.0002140629389548663)	(11.0, 0.00023525728934643722)	(12.0, 0.0002394961594247514)	(13.0, 0.00024161559446390853)	(14.0, 0.0003539456515392344)	(15.0, 0.0004577979684579319)	(16.0, 0.000620994466473028)	(17.0, 0.0007884298345664382)	(18.0, 0.0009961344684038334)	(19.0, 0.0013458412498647536)	(20.0, 0.0017930420431269)	(21.0, 0.002530605436753568)	(22.0, 0.003630592222076099)	(23.0, 0.005165063190425834)	(24.0, 0.007053479810314802)	(25.0, 0.010792163219387915)	(26.0, 0.016190364264121026)	(27.0, 0.024144603966077594)	(28.0, 0.03932187828148153)	(29.0, 0.05648506322857566)	(30.0, 0.08282328246018085)	(31.0, 0.1351288197915387)	(32.0, 0.21705346179511698)	(33.0, 0.3272365311757767)	(34.0, 0.5036667815753697)	(35.0, 0.7864714765902571)	(36.0, 1.1380030916198915)	(37.0, 1.5492519083128165)	(38.0, 2.0475755941544707)	(39.0, 2.6878569194838287)	(40.0, 3.2956812166235347)	(41.0, 3.8663221454362686)	(42.0, 4.465643269198876)	(43.0, 4.9291361596070224)	(44.0, 5.236962904694199)	(45.0, 5.455442746270669)	(46.0, 5.608376939826166)	(47.0, 5.706665739767076)	(48.0, 5.607548240725856)	(49.0, 5.388799230899413)	(50.0, 5.355856852085794)	(51.0, 5.249340405322876)	(52.0, 4.814909208171652)	(53.0, 4.303487413788005)	(54.0, 3.8891166692824024)	(55.0, 3.461071329904158)	(56.0, 2.9792092960116365)	(57.0, 2.5165684184892307)	(58.0, 2.099480558263428)	(59.0, 1.6635445622344016)	(60.0, 1.2765865905252562)	(61.0, 0.9718436234200539)	(62.0, 0.7125392241193403)	(63.0, 0.5040122494867523)	(64.0, 0.34604863658333507)	(65.0, 0.2359757778247115)	(66.0, 0.15156927739028028)	(67.0, 0.0986321484172536)	(68.0, 0.06406840179867973)	(69.0, 0.03947659703934)	(70.0, 0.024430727696363803)	(71.0, 0.014348575215093515)	(72.0, 0.008132272245245762)	(73.0, 0.004340602960193725)	(74.0, 0.002308064757642073)	(75.0, 0.0010618369546177033)	(76.0, 0.0004238870078314184)	(77.0, 0.00014624101770183937)	(78.0, 3.603039566567057e-05)	(79.0, 2.1194350391570922e-05)	(80.0, 2.1194350391570922e-05)	(81.0, 1.4836045274099645e-05)	(82.0, 2.1194350391570922e-05)	(83.0, 2.3313785430728013e-05)	(84.0, 1.4836045274099645e-05)	(85.0, 8.477740156628369e-06)	(86.0, 6.358305117471277e-06)	(87.0, 2.119435039157092e-06)	(88.0, 6.358305117471277e-06)	(89.0, 1.0597175195785461e-05)	(90.0, 1.0597175195785461e-05)	(91.0, 1.4836045274099645e-05)	(92.0, 1.4836045274099645e-05)	(93.0, 6.358305117471277e-06)	(94.0, 2.119435039157092e-06)	(95.0, 0.0)	(96.0, 2.119435039157092e-06)	(97.0, 2.119435039157092e-06)	(98.0, 2.119435039157092e-06)	(99.0, 2.119435039157092e-06)	(100.0, 6.358305117471277e-06)
SRR34661428	(0.0, 0.0013285644761688393)	(1.0, 0.001007046207415826)	(2.0, 0.0006189580768505146)	(3.0, 0.0005098968138814309)	(4.0, 0.00042774677164497807)	(5.0, 0.0003880881305653113)	(6.0, 0.000376757090256835)	(7.0, 0.00035976052979412067)	(8.0, 0.0003781734702953946)	(9.0, 0.00041783211137506133)	(10.0, 0.00047448731291744266)	(11.0, 0.0005098968138814309)	(12.0, 0.000470238172801764)	(13.0, 0.0005028149136886333)	(14.0, 0.0005679683954623716)	(15.0, 0.0005821321958479668)	(16.0, 0.0006472856776217053)	(17.0, 0.0007124391593954437)	(18.0, 0.0007903400615162178)	(19.0, 0.0008866539041382659)	(20.0, 0.0010382065682641357)	(21.0, 0.0012917385951662916)	(22.0, 0.0015934275433794713)	(23.0, 0.002145815758417688)	(24.0, 0.003199602507105979)	(25.0, 0.006462942115947136)	(26.0, 0.010957115978296525)	(27.0, 0.018012104950361544)	(28.0, 0.034905269670261065)	(29.0, 0.05228000360327082)	(30.0, 0.0797436125509401)	(31.0, 0.1321425920774499)	(32.0, 0.2094641947624532)	(33.0, 0.302441046013655)	(34.0, 0.44092052238362034)	(35.0, 0.6573830509165962)	(36.0, 0.9299342289765293)	(37.0, 1.2335437885219962)	(38.0, 1.5864759501502215)	(39.0, 2.0341044483964597)	(40.0, 2.484565706719817)	(41.0, 2.9276816181632044)	(42.0, 3.3934681085037757)	(43.0, 3.810542456558208)	(44.0, 4.167392325373089)	(45.0, 4.536010895928361)	(46.0, 4.886749084876857)	(47.0, 5.160209578921545)	(48.0, 5.346878553343422)	(49.0, 5.459146500719805)	(50.0, 5.753104846682526)	(51.0, 5.894286776166063)	(52.0, 5.534153738421802)	(53.0, 5.061463811773291)	(54.0, 4.653363647643172)	(55.0, 4.215707881248432)	(56.0, 3.7271134231469354)	(57.0, 3.236728660676701)	(58.0, 2.7493976135696006)	(59.0, 2.2504579156664666)	(60.0, 1.8104240471869844)	(61.0, 1.4784953851505582)	(62.0, 1.1375401331283925)	(63.0, 0.8055788943510799)	(64.0, 0.5762811299086775)	(65.0, 0.40757893627592895)	(66.0, 0.27661477239056054)	(67.0, 0.18846494431076966)	(68.0, 0.1251300945065417)	(69.0, 0.07941217962191718)	(70.0, 0.05056335099653667)	(71.0, 0.030355856986407852)	(72.0, 0.017737327222880996)	(73.0, 0.009441589337037828)	(74.0, 0.004532416123390497)	(75.0, 0.0019319423725951993)	(76.0, 0.0007620124607450273)	(77.0, 0.0003370984491771682)	(78.0, 0.00013313972362459582)	(79.0, 6.090434165805979e-05)	(80.0, 3.116036084830966e-05)	(81.0, 1.8412940501273892e-05)	(82.0, 2.9743980809750132e-05)	(83.0, 2.2662080616952483e-05)	(84.0, 1.8412940501273892e-05)	(85.0, 1.982932053983342e-05)	(86.0, 8.49828023135718e-06)	(87.0, 9.91466026991671e-06)	(88.0, 8.49828023135718e-06)	(89.0, 5.665520154238121e-06)	(90.0, 4.24914011567859e-06)	(91.0, 0.0)	(92.0, 2.8327600771190604e-06)	(93.0, 2.8327600771190604e-06)	(94.0, 1.4163800385595302e-06)	(95.0, 2.8327600771190604e-06)	(96.0, 1.4163800385595302e-06)	(97.0, 1.4163800385595302e-06)	(98.0, 1.4163800385595302e-06)	(99.0, 1.4163800385595302e-06)	(100.0, 1.1331040308476241e-05)
SRR34661429	(0.0, 0.0006351793485374665)	(1.0, 0.0004795817228890267)	(2.0, 0.0003111952512968796)	(3.0, 0.0002706972391418062)	(4.0, 0.00023233070131068408)	(5.0, 0.00020249006077536683)	(6.0, 0.0001790438432119033)	(7.0, 0.00017264942024004963)	(8.0, 0.00018117531753585454)	(9.0, 0.0002046215350993181)	(10.0, 0.00024085659860648896)	(11.0, 0.0002493824959022939)	(12.0, 0.0002749601877897086)	(13.0, 0.0003090637769729283)	(14.0, 0.0003111952512968796)	(15.0, 0.0003559562120998554)	(16.0, 0.0004689243512692705)	(17.0, 0.0005627092215231247)	(18.0, 0.0005968128107063443)	(19.0, 0.0007545419106787354)	(20.0, 0.001001792932257078)	(21.0, 0.00133430292679347)	(22.0, 0.00187143445642918)	(23.0, 0.0027773110441084528)	(24.0, 0.004397231530311387)	(25.0, 0.008242411210719405)	(26.0, 0.014336296302895974)	(27.0, 0.02404089889984592)	(28.0, 0.044436976705735244)	(29.0, 0.06915355296627371)	(30.0, 0.10789096732976336)	(31.0, 0.17704025734738915)	(32.0, 0.2757125982260634)	(33.0, 0.398890499407205)	(34.0, 0.5910706188776198)	(35.0, 0.8751812259400511)	(36.0, 1.2222939510698327)	(37.0, 1.5998419980713143)	(38.0, 2.022389731000054)	(39.0, 2.5355464374399603)	(40.0, 3.034394556743182)	(41.0, 3.489732890671587)	(42.0, 3.923997337959087)	(43.0, 4.294006360276753)	(44.0, 4.56693738451006)	(45.0, 4.807591493055774)	(46.0, 5.0454661590830545)	(47.0, 5.238513788603318)	(48.0, 5.299115866581899)	(49.0, 5.259359607491561)	(50.0, 5.31368662506043)	(51.0, 5.275624888057632)	(52.0, 4.977791849297604)	(53.0, 4.5853042987595485)	(54.0, 4.218025695050864)	(55.0, 3.812124776592183)	(56.0, 3.3507969998134746)	(57.0, 2.909880221160923)	(58.0, 2.481588164929135)	(59.0, 2.025143595826599)	(60.0, 1.6085810427995142)	(61.0, 1.2667628998904275)	(62.0, 0.961540039649259)	(63.0, 0.7005111680408956)	(64.0, 0.5006918445934397)	(65.0, 0.3569175070199574)	(66.0, 0.24317990561959582)	(67.0, 0.16689230809105735)	(68.0, 0.11382072889899568)	(69.0, 0.07394937019516397)	(70.0, 0.048047694210508626)	(71.0, 0.029704226178584342)	(72.0, 0.017838308617147844)	(73.0, 0.009640658367231414)	(74.0, 0.004778765434298658)	(75.0, 0.0021016336834159127)	(76.0, 0.0008419323579607358)	(77.0, 0.0003580876864238066)	(78.0, 0.0001278884594370738)	(79.0, 5.328685809878074e-05)	(80.0, 1.918326891556107e-05)	(81.0, 8.52589729580492e-06)	(82.0, 1.705179459160984e-05)	(83.0, 1.278884594370738e-05)	(84.0, 1.0657371619756148e-05)	(85.0, 8.52589729580492e-06)	(86.0, 4.26294864790246e-06)	(87.0, 4.26294864790246e-06)	(88.0, 6.39442297185369e-06)	(89.0, 4.26294864790246e-06)	(90.0, 4.26294864790246e-06)	(91.0, 8.52589729580492e-06)	(92.0, 6.39442297185369e-06)	(93.0, 2.13147432395123e-06)	(94.0, 2.13147432395123e-06)	(95.0, 4.26294864790246e-06)	(96.0, 2.13147432395123e-06)	(97.0, 0.0)	(98.0, 0.0)	(99.0, 0.0)	(100.0, 8.52589729580492e-06)
SRR34661430	(0.0, 0.0003690666320920767)	(1.0, 0.000415601120486295)	(2.0, 0.0004894144469047104)	(3.0, 0.00045732169628800805)	(4.0, 0.0003401831565370446)	(5.0, 0.000263160555056959)	(6.0, 0.00024711417974860786)	(7.0, 0.00021341679160107044)	(8.0, 0.00019255650370021392)	(9.0, 0.00021181215407023533)	(10.0, 0.00023588171703276204)	(11.0, 0.0002310678044402567)	(12.0, 0.00022304461678608113)	(13.0, 0.0002406956296252674)	(14.0, 0.0002535327298719483)	(15.0, 0.0003145089560436827)	(16.0, 0.00041239184542462485)	(17.0, 0.0005231118350522479)	(18.0, 0.0006675292128274083)	(19.0, 0.0008697135417126329)	(20.0, 0.0010831303333137033)	(21.0, 0.0014120810271349019)	(22.0, 0.0019560531500880064)	(23.0, 0.0027728136532830802)	(24.0, 0.003977896438940252)	(25.0, 0.0062099472443319)	(26.0, 0.009253944640326113)	(27.0, 0.013822347690613688)	(28.0, 0.02270562106131689)	(29.0, 0.03445477706209161)	(30.0, 0.05320817588496161)	(31.0, 0.08968800551096713)	(32.0, 0.14722228417906022)	(33.0, 0.22791950560475818)	(34.0, 0.3623592472131859)	(35.0, 0.5790880106779)	(36.0, 0.8515089289253085)	(37.0, 1.1703471970271844)	(38.0, 1.5548055123150315)	(39.0, 2.0580535393730712)	(40.0, 2.563249596393545)	(41.0, 3.090323281509425)	(42.0, 3.6919757051459277)	(43.0, 4.2175875654712165)	(44.0, 4.663854913809302)	(45.0, 5.088612096046543)	(46.0, 5.430484935903556)	(47.0, 5.658670811338433)	(48.0, 5.734924791441248)	(49.0, 5.6887112305531975)	(50.0, 5.724141627234037)	(51.0, 5.62993977634883)	(52.0, 5.242934901299548)	(53.0, 4.787270795580892)	(54.0, 4.3576692126380605)	(55.0, 3.8900617897774)	(56.0, 3.375805949257831)	(57.0, 2.9020399275538247)	(58.0, 2.4592867354082686)	(59.0, 2.0047057600229268)	(60.0, 1.61945956770744)	(61.0, 1.2944001198985164)	(62.0, 1.0095721442626908)	(63.0, 0.7696627870275325)	(64.0, 0.5672778784509536)	(65.0, 0.41845095674105826)	(66.0, 0.29394231681096905)	(67.0, 0.2072870762332803)	(68.0, 0.1486568301316268)	(69.0, 0.10059472680805343)	(70.0, 0.06838002373900763)	(71.0, 0.0446538532080796)	(72.0, 0.02762383509332652)	(73.0, 0.01522801016762525)	(74.0, 0.0075337732072708686)	(75.0, 0.003416273303147962)	(76.0, 0.0014329413150357584)	(77.0, 0.0005856926987548173)	(78.0, 0.00023748635456359715)	(79.0, 8.023187654175579e-05)	(80.0, 2.8883475555032088e-05)	(81.0, 2.086028790085651e-05)	(82.0, 1.9255650370021392e-05)	(83.0, 1.4441737777516044e-05)	(84.0, 1.604637530835116e-05)	(85.0, 1.7651012839186275e-05)	(86.0, 1.2837100246680927e-05)	(87.0, 8.02318765417558e-06)	(88.0, 6.4185501233404635e-06)	(89.0, 1.2837100246680927e-05)	(90.0, 1.7651012839186275e-05)	(91.0, 1.2837100246680927e-05)	(92.0, 1.1232462715845812e-05)	(93.0, 9.627825185010696e-06)	(94.0, 3.2092750616702317e-06)	(95.0, 3.2092750616702317e-06)	(96.0, 6.4185501233404635e-06)	(97.0, 6.4185501233404635e-06)	(98.0, 4.813912592505348e-06)	(99.0, 4.813912592505348e-06)	(100.0, 1.4441737777516044e-05)
SRR34661431	(0.0, 0.0005311452941448313)	(1.0, 0.0005745040936668583)	(2.0, 0.0006287025930693922)	(3.0, 0.000554631310552596)	(4.0, 0.0004137152121060081)	(5.0, 0.0003324174630022074)	(6.0, 0.0002782189635996735)	(7.0, 0.0002493130972516555)	(8.0, 0.0002493130972516555)	(9.0, 0.0002637660304256645)	(10.0, 0.00027460573030617125)	(11.0, 0.00025834618048541113)	(12.0, 0.0002493130972516555)	(13.0, 0.0002800255802464247)	(14.0, 0.0003215777631217006)	(15.0, 0.0003432571628827141)	(16.0, 0.00040468212887225245)	(17.0, 0.00047875341138904864)	(18.0, 0.0005853437935473651)	(19.0, 0.0007714253081627313)	(20.0, 0.000997252389006622)	(21.0, 0.0012447588696115263)	(22.0, 0.0016187285154890098)	(23.0, 0.002332342090955705)	(24.0, 0.0035680678773334757)	(25.0, 0.005638450554510267)	(26.0, 0.008612141555062623)	(27.0, 0.013789904864651353)	(28.0, 0.023186118044403962)	(29.0, 0.03345492706453737)	(30.0, 0.05016793766363204)	(31.0, 0.08499228014640677)	(32.0, 0.14067581843257002)	(33.0, 0.2177298250331523)	(34.0, 0.34782790299899446)	(35.0, 0.5570738562590035)	(36.0, 0.8180053051659155)	(37.0, 1.1172894188667073)	(38.0, 1.476410482524543)	(39.0, 1.9496753925407617)	(40.0, 2.434173844866479)	(41.0, 2.950999895469161)	(42.0, 3.529717019156243)	(43.0, 4.056114524753412)	(44.0, 4.525099559933477)	(45.0, 4.968609493777705)	(46.0, 5.345641354871431)	(47.0, 5.615148813000472)	(48.0, 5.718729371825301)	(49.0, 5.693642693068514)	(50.0, 5.912528752755588)	(51.0, 5.88863263436901)	(52.0, 5.357266932993275)	(53.0, 4.8499942712186135)	(54.0, 4.413006223469157)	(55.0, 3.9441801705540054)	(56.0, 3.4260226434826686)	(57.0, 2.9484236601308935)	(58.0, 2.509245993005575)	(59.0, 2.058422874975299)	(60.0, 1.6697871151594899)	(61.0, 1.347799250058977)	(62.0, 1.0607567707565708)	(63.0, 0.814401104955647)	(64.0, 0.6090610568859139)	(65.0, 0.45476515555348723)	(66.0, 0.3237131839981604)	(67.0, 0.23071036564005915)	(68.0, 0.1676684777516786)	(69.0, 0.11550422869338656)	(70.0, 0.07886423648062695)	(71.0, 0.05172704782977827)	(72.0, 0.0323854100096607)	(73.0, 0.018367871447518707)	(74.0, 0.009293236030887797)	(75.0, 0.004160638137467846)	(76.0, 0.0017307387475875796)	(77.0, 0.0007316797419342064)	(78.0, 0.0002998983633606871)	(79.0, 9.936391557131198e-05)	(80.0, 4.877864946228043e-05)	(81.0, 2.7099249701266905e-05)	(82.0, 2.1679399761013524e-05)	(83.0, 2.348601640776465e-05)	(84.0, 1.806616646751127e-05)	(85.0, 1.806616646751127e-05)	(86.0, 1.4452933174009016e-05)	(87.0, 9.033083233755635e-06)	(88.0, 9.033083233755635e-06)	(89.0, 5.419849940253381e-06)	(90.0, 1.806616646751127e-06)	(91.0, 0.0)	(92.0, 0.0)	(93.0, 3.613233293502254e-06)	(94.0, 3.613233293502254e-06)	(95.0, 1.806616646751127e-06)	(96.0, 3.613233293502254e-06)	(97.0, 7.226466587004508e-06)	(98.0, 5.419849940253381e-06)	(99.0, 1.806616646751127e-06)	(100.0, 1.4452933174009016e-05)
SRR34661432	(0.0, 0.007412953627608956)	(1.0, 0.00453153436444796)	(2.0, 0.0017244540430327612)	(3.0, 0.0017213129609871642)	(4.0, 0.0015893875150720896)	(5.0, 0.0016092810346942038)	(6.0, 0.0015851994056779604)	(7.0, 0.001525518846811617)	(8.0, 0.001519236682720423)	(9.0, 0.0015297069562057461)	(10.0, 0.001671055648257612)	(11.0, 0.0016543032106810945)	(12.0, 0.0018113573129609453)	(13.0, 0.002284613674497562)	(14.0, 0.0024102569563214426)	(15.0, 0.0023589526162433585)	(16.0, 0.002853149524750622)	(17.0, 0.0032018096318118905)	(18.0, 0.0033033712846195274)	(19.0, 0.0038886595724491047)	(20.0, 0.004754551189685348)	(21.0, 0.005880105589357612)	(22.0, 0.007424470928442811)	(23.0, 0.009878703033402611)	(24.0, 0.014931657017419676)	(25.0, 0.02470461028862052)	(26.0, 0.039860331158626125)	(27.0, 0.06799186195899298)	(28.0, 0.1358161995422208)	(29.0, 0.20242179729175694)	(30.0, 0.3116508313726961)	(31.0, 0.5084741734318506)	(32.0, 0.7875980531950412)	(33.0, 1.167944348904944)	(34.0, 1.6588033342250865)	(35.0, 2.184536706470144)	(36.0, 2.6987810476197565)	(37.0, 3.1117506214552297)	(38.0, 3.3525145602502415)	(39.0, 3.579086043335897)	(40.0, 3.7014437533400826)	(41.0, 3.760502377961398)	(42.0, 3.8837908952784295)	(43.0, 4.015939358018741)	(44.0, 4.136004078129642)	(45.0, 4.275208458171713)	(46.0, 4.391638946355857)	(47.0, 4.397520098972564)	(48.0, 4.3417973034836725)	(49.0, 4.303208063526165)	(50.0, 4.781279703838682)	(51.0, 4.742356462156992)	(52.0, 4.020803847080023)	(53.0, 3.621866533769579)	(54.0, 3.314440457748211)	(55.0, 3.0517036030169002)	(56.0, 2.728013004163431)	(57.0, 2.3931631878293036)	(58.0, 2.072359243375738)	(59.0, 1.7504831429172751)	(60.0, 1.4591980405008815)	(61.0, 1.3156621083179318)	(62.0, 1.0579583140510158)	(63.0, 0.7099358466450035)	(64.0, 0.5353942935899656)	(65.0, 0.39046895611551347)	(66.0, 0.28337795188027737)	(67.0, 0.21255911608024708)	(68.0, 0.1423883902089583)	(69.0, 0.0984174296799942)	(70.0, 0.06731548229184109)	(71.0, 0.04327259328749301)	(72.0, 0.029073855414045974)	(73.0, 0.017616235139056594)	(74.0, 0.009810646255748009)	(75.0, 0.00557018549419204)	(76.0, 0.0033996978006845023)	(77.0, 0.0022207450062370895)	(78.0, 0.0014103458384730598)	(79.0, 0.0009454656957247015)	(80.0, 0.000705696432910796)	(81.0, 0.0006261223544223383)	(82.0, 0.0008491391796597263)	(83.0, 0.000773753210565398)	(84.0, 0.0003716947087289801)	(85.0, 0.00026175683713308457)	(86.0, 0.00023348709872271143)	(87.0, 0.0001999822235696766)	(88.0, 0.0001800887039475622)	(89.0, 0.00014658382879452735)	(90.0, 0.0001067967895502985)	(91.0, 8.48092152311194e-05)	(92.0, 6.072758621487562e-05)	(93.0, 4.92102853810199e-05)	(94.0, 4.92102853810199e-05)	(95.0, 5.549244947221393e-05)	(96.0, 7.224488704873134e-05)	(97.0, 0.00010260868015616916)	(98.0, 0.000213593579100597)	(99.0, 0.00020626438766087066)	(100.0, 0.00014239571940039803)
SRR34661433	(0.0, 0.005652000388524855)	(1.0, 0.003283013137233853)	(2.0, 0.0010453828994915243)	(3.0, 0.0012223499871890423)	(4.0, 0.001263399053923003)	(5.0, 0.0012150523753252274)	(6.0, 0.0011876863308359202)	(7.0, 0.0011393396522381446)	(8.0, 0.001056329317287247)	(9.0, 0.0010426462950425936)	(10.0, 0.0011028515929190688)	(11.0, 0.001083695361776554)	(12.0, 0.0010526805113553394)	(13.0, 0.0011958961441827123)	(14.0, 0.0012980627102761248)	(15.0, 0.00133181416514627)	(16.0, 0.0016182454308010159)	(17.0, 0.0019046766964557617)	(18.0, 0.002202966581389207)	(19.0, 0.0026937309792307777)	(20.0, 0.0034344385834080182)	(21.0, 0.004611178496448216)	(22.0, 0.006177428442719548)	(23.0, 0.008816427332971713)	(24.0, 0.013764208176638402)	(25.0, 0.023927044898484018)	(26.0, 0.04015784588509195)	(27.0, 0.06817155342731246)	(28.0, 0.13532508999962273)	(29.0, 0.20334613018224398)	(30.0, 0.312403466278064)	(31.0, 0.5078845952740811)	(32.0, 0.7891263466921714)	(33.0, 1.1771732087446114)	(34.0, 1.677897022377324)	(35.0, 2.20449360667171)	(36.0, 2.695740559097776)	(37.0, 3.0751370144871464)	(38.0, 3.2954537410586924)	(39.0, 3.4853038503002933)	(40.0, 3.562538125460981)	(41.0, 3.6089098878481116)	(42.0, 3.7215640343913092)	(43.0, 3.833397199599828)	(44.0, 3.9293261319526445)	(45.0, 4.03349771690564)	(46.0, 4.142364402891518)	(47.0, 4.196499912100265)	(48.0, 4.205829908868153)	(49.0, 4.204135950714265)	(50.0, 5.93405856027021)	(51.0, 6.06340143294447)	(52.0, 4.070184636148006)	(53.0, 3.4815236873548363)	(54.0, 3.169871875098746)	(55.0, 2.905519534137973)	(56.0, 2.596913562633542)	(57.0, 2.283164599168087)	(58.0, 1.9917107521480701)	(59.0, 1.6989807352533692)	(60.0, 1.4340728635894633)	(61.0, 1.3724764584514482)	(62.0, 1.1268324577050486)	(63.0, 0.714432552661574)	(64.0, 0.5353227036805432)	(65.0, 0.4014863265011388)	(66.0, 0.2992814479454413)	(67.0, 0.22388525877295182)	(68.0, 0.15628109466805098)	(69.0, 0.11153396312210226)	(70.0, 0.07969265815731068)	(71.0, 0.05428967125937004)	(72.0, 0.03674986114469026)	(73.0, 0.023080521922281452)	(74.0, 0.013184960234948072)	(75.0, 0.007366939176521423)	(76.0, 0.004290083574440348)	(77.0, 0.002646296502115979)	(78.0, 0.0015854061774138476)	(79.0, 0.0010326120787298478)	(80.0, 0.0008218935361621844)	(81.0, 0.0007087805522730492)	(82.0, 0.0006759412988858809)	(83.0, 0.0005391110764393464)	(84.0, 0.00035210977242908237)	(85.0, 0.0002763970493419999)	(86.0, 0.00023169917667613193)	(87.0, 0.00018973790845919463)	(88.0, 0.00015051324469118806)	(89.0, 0.00012041059575295044)	(90.0, 9.395675274662041e-05)	(91.0, 7.206391715517488e-05)	(92.0, 5.1995484529683146e-05)	(93.0, 4.743447711479866e-05)	(94.0, 4.3785671182891067e-05)	(95.0, 5.4732088978613835e-05)	(96.0, 6.294190232540591e-05)	(97.0, 9.486895422959732e-05)	(98.0, 0.00021527954998254775)	(99.0, 0.00020798193811873258)	(100.0, 0.0001350058194805808)
SRR34661434	(0.0, 0.006524504532958027)	(1.0, 0.003910623562613704)	(2.0, 0.0013267995397723137)	(3.0, 0.0013471953255778752)	(4.0, 0.0013031833667342951)	(5.0, 0.0012377021596743348)	(6.0, 0.0011808086519009265)	(7.0, 0.0011357232306465274)	(8.0, 0.0011013724335003185)	(9.0, 0.0011088866703760519)	(10.0, 0.001159339403684546)	(11.0, 0.00112176821930588)	(12.0, 0.0011829555767225645)	(13.0, 0.0014427334801407684)	(14.0, 0.0015007004503249956)	(15.0, 0.0014813781269302532)	(16.0, 0.001838841109732988)	(17.0, 0.002179128693962619)	(18.0, 0.002504387804440783)	(19.0, 0.003049706709136847)	(20.0, 0.0037775142236721455)	(21.0, 0.00491645784155113)	(22.0, 0.006583544965553074)	(23.0, 0.009387428782612365)	(24.0, 0.014780503934567143)	(25.0, 0.025652531231342215)	(26.0, 0.04293956989517178)	(27.0, 0.07226978334597997)	(28.0, 0.13837789245385873)	(29.0, 0.21511220596643504)	(30.0, 0.34149844982903443)	(31.0, 0.5595895139854923)	(32.0, 0.8770853443086134)	(33.0, 1.3272096024132465)	(34.0, 1.9247470860836022)	(35.0, 2.546448208621494)	(36.0, 3.1062781781870097)	(37.0, 3.512830597036499)	(38.0, 3.708748221635079)	(39.0, 3.8087058209433136)	(40.0, 3.754146020451026)	(41.0, 3.669244804916939)	(42.0, 3.6864631419864757)	(43.0, 3.7488957157997103)	(44.0, 3.831612435327781)	(45.0, 3.9572816062999534)	(46.0, 4.081666916228786)	(47.0, 4.129110734399754)	(48.0, 4.118312776009326)	(49.0, 4.091787519837988)	(50.0, 4.7790353306429)	(51.0, 4.786197471847885)	(52.0, 3.870546916968187)	(53.0, 3.4711137008272495)	(54.0, 3.193836213187874)	(55.0, 2.9444011200979117)	(56.0, 2.656697092062251)	(57.0, 2.3644168937692687)	(58.0, 2.0690365360338414)	(59.0, 1.7678755832161532)	(60.0, 1.494825390550583)	(61.0, 1.3462624867428734)	(62.0, 1.0924004346706933)	(63.0, 0.7578376254779605)	(64.0, 0.5768958749727165)	(65.0, 0.42790465966309016)	(66.0, 0.3107931310299671)	(67.0, 0.23233483688561546)	(68.0, 0.16419895728369954)	(69.0, 0.11627100756545178)	(70.0, 0.08091866998994884)	(71.0, 0.05327164559930489)	(72.0, 0.035547707734271974)	(73.0, 0.02165710413827381)	(74.0, 0.012315834239326662)	(75.0, 0.0068240005455765355)	(76.0, 0.0038193792576940878)	(77.0, 0.002304723796028445)	(78.0, 0.0014030153709404644)	(79.0, 0.0009006349626771612)	(80.0, 0.0007396156010543076)	(81.0, 0.0006408570592589573)	(82.0, 0.0005678616153232637)	(83.0, 0.0005077477203173984)	(84.0, 0.00039074031753812474)	(85.0, 0.0003091571743158789)	(86.0, 0.0002844675388670414)	(87.0, 0.0002522636665424706)	(88.0, 0.00019966400841233846)	(89.0, 0.00015994589921203457)	(90.0, 0.00011056662831435948)	(91.0, 6.440774464914144e-05)	(92.0, 4.9379270897675104e-05)	(93.0, 4.830580848685608e-05)	(94.0, 4.508542125439901e-05)	(95.0, 4.615888366521803e-05)	(96.0, 6.118735741668437e-05)	(97.0, 8.802391768715997e-05)	(98.0, 0.000179268222606777)	(99.0, 0.00017282744814186286)	(100.0, 0.00014062357581729213)
SRR34661435	(0.0, 0.0053446199998507075)	(1.0, 0.003274694641757051)	(2.0, 0.0012582840923910394)	(3.0, 0.0013056241154962638)	(4.0, 0.0012260379896961765)	(5.0, 0.0011972223234582135)	(6.0, 0.0011629179588892105)	(7.0, 0.001065493563513241)	(8.0, 0.001001687445414895)	(9.0, 0.0009749300410510725)	(10.0, 0.0009454282875217297)	(11.0, 0.0008877969550458043)	(12.0, 0.0009509169858527703)	(13.0, 0.0010469692066459794)	(14.0, 0.0011183222849495062)	(15.0, 0.0012047692836633943)	(16.0, 0.0014723433273016197)	(17.0, 0.0017570695532243468)	(18.0, 0.002034248818941893)	(19.0, 0.002495299478749297)	(20.0, 0.0031045449934947946)	(21.0, 0.004041054146228584)	(22.0, 0.005448905268140477)	(23.0, 0.007850210787970706)	(24.0, 0.012378386911079134)	(25.0, 0.020758257087995252)	(26.0, 0.03392701655874422)	(27.0, 0.05667972940278132)	(28.0, 0.10510171216651218)	(29.0, 0.162547801073765)	(30.0, 0.2601492069709104)	(31.0, 0.42658232037576066)	(32.0, 0.6686716515756735)	(33.0, 1.0155230817328655)	(34.0, 1.482250427789148)	(35.0, 1.970072213706202)	(36.0, 2.416153134902984)	(37.0, 2.7614210755916706)	(38.0, 2.9537388903257082)	(39.0, 3.0860741514362604)	(40.0, 3.1275344064543584)	(41.0, 3.1496579772521995)	(42.0, 3.2517498244714274)	(43.0, 3.4007062363029537)	(44.0, 3.5547246001702817)	(45.0, 3.742203441238215)	(46.0, 3.947620034539281)	(47.0, 4.0998641766711)	(48.0, 4.210097135689844)	(49.0, 4.252301109331797)	(50.0, 4.804297442222668)	(51.0, 4.896148750530757)	(52.0, 4.244347985450119)	(53.0, 3.923149359117628)	(54.0, 3.68270800959161)	(55.0, 3.4388595505765984)	(56.0, 3.150258989719448)	(57.0, 2.8391575100541977)	(58.0, 2.5222874084430233)	(59.0, 2.208827846757299)	(60.0, 1.921180947235167)	(61.0, 1.7611359926003565)	(62.0, 1.490671463203547)	(63.0, 1.1172663966080723)	(64.0, 0.895999128614253)	(65.0, 0.7170799125935768)	(66.0, 0.5580469367135519)	(67.0, 0.43744376828559844)	(68.0, 0.33896897326652636)	(69.0, 0.25592633969246603)	(70.0, 0.19195007194585773)	(71.0, 0.13835636317970393)	(72.0, 0.09610024690360572)	(73.0, 0.062110110314054535)	(74.0, 0.03761885227366035)	(75.0, 0.021420331324177012)	(76.0, 0.011473437773748828)	(77.0, 0.006120584726401561)	(78.0, 0.0030764154145482125)	(79.0, 0.001568395548094829)	(80.0, 0.001020211802282157)	(81.0, 0.000747149060312891)	(82.0, 0.0006037568164144573)	(83.0, 0.0005090767702040083)	(84.0, 0.0004185132477418397)	(85.0, 0.0003636262644314345)	(86.0, 0.00029364536071066786)	(87.0, 0.00025179403593648394)	(88.0, 0.00023121141719508197)	(89.0, 0.00018936009242089796)	(90.0, 0.00013584528369325291)	(91.0, 0.00011183222849495063)	(92.0, 0.0001042852682897699)	(93.0, 8.576091142250814e-05)	(94.0, 7.272525288628691e-05)	(95.0, 6.655046726386632e-05)	(96.0, 7.203916559490684e-05)	(97.0, 9.742439537596925e-05)	(98.0, 0.0001694635609708761)	(99.0, 0.00015299746597775452)	(100.0, 8.781917329664833e-05)
SRR34661436	(0.0, 0.004818993817028664)	(1.0, 0.0029454040530302846)	(2.0, 0.0011604370658487458)	(3.0, 0.001240718875435766)	(4.0, 0.0012188238364574879)	(5.0, 0.0011969287974792095)	(6.0, 0.001086410981684091)	(7.0, 0.000987361995829975)	(8.0, 0.0009581686105256042)	(9.0, 0.0009258473625100506)	(10.0, 0.0008685032128050361)	(11.0, 0.0008049033376776566)	(12.0, 0.000830968860270845)	(13.0, 0.0008851851472646768)	(14.0, 0.0009925751003486128)	(15.0, 0.001117689608795917)	(16.0, 0.0013314268940600616)	(17.0, 0.0015889542572807625)	(18.0, 0.0019424027436443967)	(19.0, 0.0024762246463528943)	(20.0, 0.0031028398094931423)	(21.0, 0.004197591758407054)	(22.0, 0.005711477310619434)	(23.0, 0.008038607167739291)	(24.0, 0.013290288659814882)	(25.0, 0.02246430999171346)	(26.0, 0.03599961456390431)	(27.0, 0.061318620590023756)	(28.0, 0.10570090721989744)	(29.0, 0.1607711007338821)	(30.0, 0.26155709301360797)	(31.0, 0.415413531913969)	(32.0, 0.6171293981581352)	(33.0, 0.9265396627901258)	(34.0, 1.3432940051862883)	(35.0, 1.7736451667879616)	(36.0, 2.2393109410197907)	(37.0, 2.6378871879594636)	(38.0, 2.880684403052302)	(39.0, 3.1623015222536277)	(40.0, 3.386649560455007)	(41.0, 3.5751470788817157)	(42.0, 3.8006190624173137)	(43.0, 3.9947884385603)	(44.0, 4.186108331773399)	(45.0, 4.376379348357347)	(46.0, 4.541534669991404)	(47.0, 4.628469443565109)	(48.0, 4.632294819660886)	(49.0, 4.586008707260806)	(50.0, 4.645277535154102)	(51.0, 4.540642186497814)	(52.0, 4.223275681749477)	(53.0, 3.8659611570748225)	(54.0, 3.5280602336275733)	(55.0, 3.283875290111873)	(56.0, 2.9542746716791988)	(57.0, 2.6145887812447683)	(58.0, 2.328517585542718)	(59.0, 2.003775580521414)	(60.0, 1.6957874508021082)	(61.0, 1.4561973376091355)	(62.0, 1.1773327375936506)	(63.0, 0.8901469801455162)	(64.0, 0.6818730284169039)	(65.0, 0.5039487285748964)	(66.0, 0.3622711444509766)	(67.0, 0.2702692332851552)	(68.0, 0.191545099328304)	(69.0, 0.13283511623940653)	(70.0, 0.08916911017039367)	(71.0, 0.055157773669897756)	(72.0, 0.035503327013730004)	(73.0, 0.021384154735451733)	(74.0, 0.01195469128213991)	(75.0, 0.006655049228492853)	(76.0, 0.0036700255811209217)	(77.0, 0.0020748155984177934)	(78.0, 0.0012240369409761253)	(79.0, 0.000801775474966474)	(80.0, 0.0006120184704880627)	(81.0, 0.0005025432755966716)	(82.0, 0.00042955981233574423)	(83.0, 0.00038264187166800516)	(84.0, 0.0003388517937114487)	(85.0, 0.00031278627111826034)	(86.0, 0.00028672074852507197)	(87.0, 0.00025335687960579087)	(88.0, 0.00019497010899704895)	(89.0, 0.00015222265194422002)	(90.0, 0.00012511450844730412)	(91.0, 0.00010634733218020851)	(92.0, 9.592112314293317e-05)	(93.0, 8.966539772056796e-05)	(94.0, 9.904898585411578e-05)	(95.0, 0.00012198664573612152)	(96.0, 0.00018037341634486345)	(97.0, 0.00029401909485116476)	(98.0, 0.0006349561303700685)	(99.0, 0.0005932512942209671)	(100.0, 0.000407664773357466)
SRR34661437	(0.0, 0.006197769260262639)	(1.0, 0.003791576488631261)	(2.0, 0.0014376065740418426)	(3.0, 0.0014898294310838013)	(4.0, 0.0014395772478924826)	(5.0, 0.0013735596738960443)	(6.0, 0.0013528675984643248)	(7.0, 0.001343014229211125)	(8.0, 0.001303600752198326)	(9.0, 0.0012947327198704465)	(10.0, 0.001385383716999884)	(11.0, 0.0014543573017722822)	(12.0, 0.0015992018297943183)	(13.0, 0.0019145096458967103)	(14.0, 0.0020603395108440663)	(15.0, 0.0020642808585453463)	(16.0, 0.0023815593484983783)	(17.0, 0.0027914595094314875)	(18.0, 0.003190520964186077)	(19.0, 0.0037570896962450624)	(20.0, 0.004473429640952683)	(21.0, 0.005528725487970376)	(22.0, 0.006877651738733421)	(23.0, 0.00883945755704549)	(24.0, 0.012914811080168905)	(25.0, 0.020847758665920018)	(26.0, 0.032969373521206345)	(27.0, 0.05438862760381195)	(28.0, 0.09944611452484373)	(29.0, 0.15089154073272493)	(30.0, 0.23815297883906184)	(31.0, 0.38543325974048903)	(32.0, 0.598523208547112)	(33.0, 0.9107518467578788)	(34.0, 1.3421382646845157)	(35.0, 1.8219589191752557)	(36.0, 2.3018505179246187)	(37.0, 2.702201778714452)	(38.0, 2.9645359110377916)	(39.0, 3.1818903980571993)	(40.0, 3.2850197020088894)	(41.0, 3.3525231640887103)	(42.0, 3.4749562037443433)	(43.0, 3.6175098234150105)	(44.0, 3.7773945342651314)	(45.0, 3.9461512187908325)	(46.0, 4.111739059764704)	(47.0, 4.239826948034749)	(48.0, 4.293358332513534)	(49.0, 4.3009178374045876)	(50.0, 5.235693183738693)	(51.0, 5.300268224476463)	(52.0, 4.205907709717534)	(53.0, 3.7927894383863308)	(54.0, 3.513605059303094)	(55.0, 3.2926728139078496)	(56.0, 3.0221919158859643)	(57.0, 2.7333975457700825)	(58.0, 2.457189869538238)	(59.0, 2.1549357970224854)	(60.0, 1.8701340121279997)	(61.0, 1.7415849861769053)	(62.0, 1.4445295512791407)	(63.0, 1.0165001762570691)	(64.0, 0.7867619747602399)	(65.0, 0.5963406872575283)	(66.0, 0.44363612658221463)	(67.0, 0.3366965247403125)	(68.0, 0.2432077572659533)	(69.0, 0.17471304623926062)	(70.0, 0.12253847070664266)	(71.0, 0.08198298819739783)	(72.0, 0.056561295524142484)	(73.0, 0.0361490557792139)	(74.0, 0.021187699905155406)	(75.0, 0.012166940353851043)	(76.0, 0.0069111531941943)	(77.0, 0.003932479668952018)	(78.0, 0.002080046249350466)	(79.0, 0.001115401399462211)	(80.0, 0.0007488560632431806)	(81.0, 0.0005655833951336653)	(82.0, 0.0004887271149587073)	(83.0, 0.0004030028024558695)	(84.0, 0.0003350145546087913)	(85.0, 0.000306439783774512)	(86.0, 0.00027096765446299296)	(87.0, 0.00023746619900211384)	(88.0, 0.00016750727730439565)	(89.0, 0.00011429908333711703)	(90.0, 0.00010247504023327735)	(91.0, 6.897358477239821e-05)	(92.0, 6.306156322047835e-05)	(93.0, 5.6164204743238544e-05)	(94.0, 4.6310835490038795e-05)	(95.0, 5.7149541668558515e-05)	(96.0, 8.769498635347771e-05)	(97.0, 0.00013696183261947644)	(98.0, 0.00028377703449215265)	(99.0, 0.00027392366523895287)	(100.0, 0.0001694779511550356)
SRR34661438	(0.0, 0.006623905314978302)	(1.0, 0.003972108287115849)	(2.0, 0.0013289070356808273)	(3.0, 0.0013675880296042666)	(4.0, 0.0014036902905994767)	(5.0, 0.0014054094458849629)	(6.0, 0.001407128601170449)	(7.0, 0.001388217893030101)	(8.0, 0.0013460985885356891)	(9.0, 0.0013254687251098548)	(10.0, 0.0013503964767494047)	(11.0, 0.0013486773214639184)	(12.0, 0.001450967060950347)	(13.0, 0.0016882104903474416)	(14.0, 0.0017801852981209532)	(15.0, 0.0018016747391895302)	(16.0, 0.0021652760820698603)	(17.0, 0.0025624009530171707)	(18.0, 0.002812538047055412)	(19.0, 0.0033394591420569304)	(20.0, 0.0041603557908765874)	(21.0, 0.005298436589868448)	(22.0, 0.0068448167691632774)	(23.0, 0.00941323476567965)	(24.0, 0.014630011479487504)	(25.0, 0.025003394472111192)	(26.0, 0.04137319110051072)	(27.0, 0.07044840486629596)	(28.0, 0.13334971802930756)	(29.0, 0.20543046083917266)	(30.0, 0.3268930796469859)	(31.0, 0.5348335072029684)	(32.0, 0.8417671939854596)	(33.0, 1.2743505022735657)	(34.0, 1.842536481592609)	(35.0, 2.4365269817468)	(36.0, 2.975727143374903)	(37.0, 3.376545619453081)	(38.0, 3.5840149984608405)	(39.0, 3.7125278730944324)	(40.0, 3.7084457388690457)	(41.0, 3.6773685687733115)	(42.0, 3.739330363572805)	(43.0, 3.8391342045164203)	(44.0, 3.9390798757710885)	(45.0, 4.06090867465471)	(46.0, 4.172310796731858)	(47.0, 4.199842209051277)	(48.0, 4.171912812283268)	(49.0, 4.160470974280715)	(50.0, 5.280118990301592)	(51.0, 5.34736546844867)	(52.0, 3.960362158627765)	(53.0, 3.4164205667222904)	(54.0, 3.0985023372431852)	(55.0, 2.8323805373604936)	(56.0, 2.5447727347197953)	(57.0, 2.249681449121376)	(58.0, 1.9527644206097698)	(59.0, 1.662418863176935)	(60.0, 1.408872684207575)	(61.0, 1.3645502822148126)	(62.0, 1.1264309431997628)	(63.0, 0.7112635375312745)	(64.0, 0.5327232440900341)	(65.0, 0.3962893614785643)	(66.0, 0.29215668752609464)	(67.0, 0.21946478501223918)	(68.0, 0.15253892932590443)	(69.0, 0.107674993418214)	(70.0, 0.07526289924330004)	(71.0, 0.04954691490535483)	(72.0, 0.033340438029076484)	(73.0, 0.02095822208536218)	(74.0, 0.012120044762677662)	(75.0, 0.006854272123233453)	(76.0, 0.003887010100484283)	(77.0, 0.002271004132127261)	(78.0, 0.0014449500174511453)	(79.0, 0.0009661652704432406)	(80.0, 0.0006644535178404136)	(81.0, 0.0005578658901402697)	(82.0, 0.0004830826352216203)	(83.0, 0.0003773545851642194)	(84.0, 0.00029655428674636833)	(85.0, 0.0002656094916076168)	(86.0, 0.00024326047289629634)	(87.0, 0.00020371990133011386)	(88.0, 0.00015214524276552807)	(89.0, 0.00010658762770014398)	(90.0, 9.025565248802514e-05)	(91.0, 6.962578906219083e-05)	(92.0, 4.2119304494411735e-05)	(93.0, 3.4383105709723865e-05)	(94.0, 4.1259726851668635e-05)	(95.0, 4.383845977989792e-05)	(96.0, 5.931085734927366e-05)	(97.0, 9.283438541625443e-05)	(98.0, 0.00015988144155021597)	(99.0, 0.0001435494663380971)	(100.0, 0.00011948129234129042)
SRR34661439	(0.0, 0.0063224027669840244)	(1.0, 0.004028156544333571)	(2.0, 0.0017360696122456134)	(3.0, 0.001678848412339508)	(4.0, 0.0016389015369333588)	(5.0, 0.0015784414011835116)	(6.0, 0.0015557688502773185)	(7.0, 0.0014920697786837296)	(8.0, 0.001358193763809068)	(9.0, 0.0013409194393091118)	(10.0, 0.0013722291524652826)	(11.0, 0.0013441583751528535)	(12.0, 0.0013841052505590024)	(13.0, 0.0016896448651519803)	(14.0, 0.0019390429251201003)	(15.0, 0.0020405295815573436)	(16.0, 0.002369821392337762)	(17.0, 0.002762812274711769)	(18.0, 0.0032011482588981607)	(19.0, 0.00389428052945891)	(20.0, 0.004674864067800687)	(21.0, 0.005859234941328944)	(22.0, 0.007583428455480838)	(23.0, 0.01034947966603635)	(24.0, 0.01529209576358636)	(25.0, 0.024584602699281626)	(26.0, 0.03858868164233999)	(27.0, 0.06339569126955855)	(28.0, 0.1133001351046512)	(29.0, 0.1736458284546862)	(30.0, 0.27570253760042834)	(31.0, 0.4406842126731052)	(32.0, 0.6758514681891047)	(33.0, 1.008018374353484)	(34.0, 1.4508262492948028)	(35.0, 1.931382841849651)	(36.0, 2.4037751567877073)	(37.0, 2.796228375811653)	(38.0, 3.0756826807644155)	(39.0, 3.3584601338928572)	(40.0, 3.5575121751058543)	(41.0, 3.737700653964899)	(42.0, 3.976017234766297)	(43.0, 4.196322093340647)	(44.0, 4.364409907887472)	(45.0, 4.5036949456211826)	(46.0, 4.627649020361182)	(47.0, 4.702775057611492)	(48.0, 4.663217934151873)	(49.0, 4.541974848713085)	(50.0, 5.147456117115774)	(51.0, 5.095180772243062)	(52.0, 4.106015163790718)	(53.0, 3.603606550743425)	(54.0, 3.237963083343412)	(55.0, 2.9424199044095025)	(56.0, 2.615681454719234)	(57.0, 2.2927833032943625)	(58.0, 2.0061137289270246)	(59.0, 1.7157625641506333)	(60.0, 1.4518605494742376)	(61.0, 1.3072636569567906)	(62.0, 1.056330341398737)	(63.0, 0.7239809751818268)	(64.0, 0.543940407726313)	(65.0, 0.40386614929201076)	(66.0, 0.29541146220959724)	(67.0, 0.21784002839726208)	(68.0, 0.14861965083537446)	(69.0, 0.10320545172498921)	(70.0, 0.07083984548375849)	(71.0, 0.045593420227072294)	(72.0, 0.03056583755739151)	(73.0, 0.0190956860894205)	(74.0, 0.010751107710660334)	(75.0, 0.005949925144953715)	(76.0, 0.0034267941226788405)	(77.0, 0.002078317166400998)	(78.0, 0.0012038044885907082)	(79.0, 0.0007687074402480575)	(80.0, 0.0006337517800921485)	(81.0, 0.0005581766104048396)	(82.0, 0.0004642474709363269)	(83.0, 0.00036923868618656696)	(84.0, 0.00032389358437418154)	(85.0, 0.0002785484825617962)	(86.0, 0.0002332033807494107)	(87.0, 0.0001943361506245089)	(88.0, 0.0001565485657808544)	(89.0, 0.00013171672431216717)	(90.0, 0.00010148665643724356)	(91.0, 6.369907159358904e-05)	(92.0, 4.2106165968643606e-05)	(93.0, 4.426545653113815e-05)	(94.0, 5.2902618781116315e-05)	(95.0, 5.9380490468599956e-05)	(96.0, 7.557516968730902e-05)	(97.0, 0.00010580523756223263)	(98.0, 0.00023968125243689436)	(99.0, 0.00023860160715564706)	(100.0, 0.00017058395443706896)
SRR34661440	(0.0, 0.005044055255771949)	(1.0, 0.0031230955197126356)	(2.0, 0.001243094413420046)	(3.0, 0.0013024844265817944)	(4.0, 0.0012912208033959455)	(5.0, 0.0011816564687699611)	(6.0, 0.0010956433462598427)	(7.0, 0.0010096302237497243)	(8.0, 0.0009338567586812866)	(9.0, 0.0009144014095420931)	(10.0, 0.0008888022659378912)	(11.0, 0.000821220526822798)	(12.0, 0.0007986932804511003)	(13.0, 0.0008601312251011849)	(14.0, 0.0009440964161229674)	(15.0, 0.0010628764424464644)	(16.0, 0.0012748373514892563)	(17.0, 0.0015195651643454267)	(18.0, 0.0017448376280624037)	(19.0, 0.002223029630588896)	(20.0, 0.002844576837298919)	(21.0, 0.003772289801515197)	(22.0, 0.005269327719488926)	(23.0, 0.007655167903400546)	(24.0, 0.01269717522768416)	(25.0, 0.02289177817662154)	(26.0, 0.038948585010921154)	(27.0, 0.06665300218513265)	(28.0, 0.11963913358285398)	(29.0, 0.18547398713839636)	(30.0, 0.29486424758787205)	(31.0, 0.4722663127649914)	(32.0, 0.724353367424498)	(33.0, 1.0870215546939475)	(34.0, 1.585040605924766)	(35.0, 2.1354969429144317)	(36.0, 2.6733052550321337)	(37.0, 3.1059748124701456)	(38.0, 3.3804826210639565)	(39.0, 3.599576475480623)	(40.0, 3.700292722111251)	(41.0, 3.760579729264891)	(42.0, 3.887515642740687)	(43.0, 4.033585380112007)	(44.0, 4.167815001583511)	(45.0, 4.301535712080165)	(46.0, 4.417553078825897)	(47.0, 4.447512268568767)	(48.0, 4.380733318597101)	(49.0, 4.276048180742078)	(50.0, 4.488812902894042)	(51.0, 4.419187328153589)	(52.0, 3.9138694490983403)	(53.0, 3.5641103979656177)	(54.0, 3.270969484725181)	(55.0, 3.0094967600546294)	(56.0, 2.716705019132953)	(57.0, 2.4182712269609117)	(58.0, 2.1259177433777396)	(59.0, 1.8299936912446537)	(60.0, 1.5618508537165918)	(61.0, 1.3882814923198934)	(62.0, 1.1391506267638)	(63.0, 0.8305939092449126)	(64.0, 0.6395751476018462)	(65.0, 0.4872674109170538)	(66.0, 0.36090799015522473)	(67.0, 0.27148096585404985)	(68.0, 0.2000040610481414)	(69.0, 0.14468840758243764)	(70.0, 0.10265256585284975)	(71.0, 0.0699174049775405)	(72.0, 0.04775059454778995)	(73.0, 0.03006773011175142)	(74.0, 0.017552820786529182)	(75.0, 0.009795256308711827)	(76.0, 0.005262159959279749)	(77.0, 0.002869152015158953)	(78.0, 0.001508301541159578)	(79.0, 0.0008324841500086469)	(80.0, 0.0005898042686408125)	(81.0, 0.0004577126876431306)	(82.0, 0.00037989129108635666)	(83.0, 0.000344052490040474)	(84.0, 0.00029490213432040624)	(85.0, 0.0002467757443445066)	(86.0, 0.00021093694329862392)	(87.0, 0.00017305021076440507)	(88.0, 0.00014540313567186697)	(89.0, 0.00012901968376517774)	(90.0, 9.932467718430349e-05)	(91.0, 6.860570485926118e-05)	(92.0, 6.143794465008464e-05)	(93.0, 4.300656125505925e-05)	(94.0, 3.4814835301714626e-05)	(95.0, 5.222225295257194e-05)	(96.0, 5.836604741758041e-05)	(97.0, 7.67974308126058e-05)	(98.0, 0.0002068410803219516)	(99.0, 0.0001976253886244389)	(100.0, 0.00011058830037015237)
SRR34661441	(0.0, 0.009659375087298843)	(1.0, 0.005929194825930487)	(2.0, 0.0021474327414427725)	(3.0, 0.0020551284263870782)	(4.0, 0.002041554262408299)	(5.0, 0.0020496987607955667)	(6.0, 0.0019655389441271395)	(7.0, 0.001786359979607262)	(8.0, 0.0016886259989600562)	(9.0, 0.0016288996774534304)	(10.0, 0.0015230211984189573)	(11.0, 0.0013465570666948358)	(12.0, 0.0012895455779839658)	(13.0, 0.0016777666677770333)	(14.0, 0.0018976681242332462)	(15.0, 0.0017456374876709262)	(16.0, 0.0020388394296125436)	(17.0, 0.002340185869941428)	(18.0, 0.0026089543167212444)	(19.0, 0.0031437763774851205)	(20.0, 0.003920218557071256)	(21.0, 0.005131033983978306)	(22.0, 0.006873956638853477)	(23.0, 0.009491055453961988)	(24.0, 0.01464923776589785)	(25.0, 0.025432553630639558)	(26.0, 0.04164282025409694)	(27.0, 0.06996124114662483)	(28.0, 0.14037585937014088)	(29.0, 0.20685939970540262)	(30.0, 0.3093823454043215)	(31.0, 0.4993772037824896)	(32.0, 0.7782285395657424)	(33.0, 1.1675518514738867)	(34.0, 1.69187293898378)	(35.0, 2.262881006082284)	(36.0, 2.7880626955884322)	(37.0, 3.188049870718305)	(38.0, 3.420165359922623)	(39.0, 3.5806038336533987)	(40.0, 3.612647005141703)	(41.0, 3.6092073119894805)	(42.0, 3.643536372691812)	(43.0, 3.6819811199125088)	(44.0, 3.695688310698279)	(45.0, 3.714863174734702)	(46.0, 3.78805235207548)	(47.0, 3.9559919088209288)	(48.0, 4.047384040057249)	(49.0, 3.990196087214655)	(50.0, 5.842268594643184)	(51.0, 6.032437202320281)	(52.0, 3.9397789273646753)	(53.0, 3.369281248831774)	(54.0, 3.101541723681549)	(55.0, 2.8733654568638722)	(56.0, 2.6124320175326075)	(57.0, 2.327382718476644)	(58.0, 2.0563772494731256)	(59.0, 1.8000020144059343)	(60.0, 1.5680086926774255)	(61.0, 1.5991695435071094)	(62.0, 1.340763613508693)	(63.0, 0.8289931980135785)	(64.0, 0.6438388865102429)	(65.0, 0.5095605415993694)	(66.0, 0.4035028836003765)	(67.0, 0.3161585680625278)	(68.0, 0.2353434253984716)	(69.0, 0.17900793005374474)	(70.0, 0.13487289329314403)	(71.0, 0.0971041394385905)	(72.0, 0.06817759599981334)	(73.0, 0.045264407203635074)	(74.0, 0.027894906976389997)	(75.0, 0.01639216042077302)	(76.0, 0.009637656424932797)	(77.0, 0.005562692398503465)	(78.0, 0.0030949093871615175)	(79.0, 0.0018623752978884221)	(80.0, 0.001479583873686866)	(81.0, 0.00134384223389908)	(82.0, 0.0013845647258354159)	(83.0, 0.0010995072822810655)	(84.0, 0.0006678488677559065)	(85.0, 0.0005592555559256778)	(86.0, 0.0004832402376445177)	(87.0, 0.0004696660736657391)	(88.0, 0.00045066224409544904)	(89.0, 0.00038007659140580044)	(90.0, 0.0002959167747373732)	(91.0, 0.00023076078763923594)	(92.0, 0.00016288996774534303)	(93.0, 0.00012488230860476302)	(94.0, 0.00011673781021749585)	(95.0, 0.00010316364623871726)	(96.0, 0.0001085933118302287)	(97.0, 0.00018460863011138877)	(98.0, 0.00032306510269493034)	(99.0, 0.00023890528602650313)	(100.0, 8.958948225993867e-05)
SRR34661442	(0.0, 0.005096350894047463)	(1.0, 0.003038669312413276)	(2.0, 0.001104301385492408)	(3.0, 0.0011760809755494146)	(4.0, 0.0011208659062747941)	(5.0, 0.00111902540396564)	(6.0, 0.001096019125101215)	(7.0, 0.0010371230512082866)	(8.0, 0.0010297610419716704)	(9.0, 0.0009920307446340132)	(10.0, 0.0009036866337946205)	(11.0, 0.0008705575922298484)	(12.0, 0.0008852816107030805)	(13.0, 0.0009984725027160522)	(14.0, 0.0010509268185269415)	(15.0, 0.001086816613555445)	(16.0, 0.0013224009091271586)	(17.0, 0.0015773104789449893)	(18.0, 0.001798170756043471)	(19.0, 0.0021883572455841218)	(20.0, 0.002885907620753493)	(21.0, 0.003858613091141389)	(22.0, 0.00531260991537306)	(23.0, 0.007893914403961564)	(24.0, 0.012520937209174753)	(25.0, 0.021530196012483648)	(26.0, 0.03595973411625111)	(27.0, 0.06123167132324487)	(28.0, 0.113336291695395)	(29.0, 0.17913977075457843)	(30.0, 0.2956895794817563)	(31.0, 0.4911849740066319)	(32.0, 0.7803435310443552)	(33.0, 1.196132327956493)	(34.0, 1.7526238453988368)	(35.0, 2.3438502426706895)	(36.0, 2.894622399187337)	(37.0, 3.316095587481297)	(38.0, 3.534557690070951)	(39.0, 3.6317389727477467)	(40.0, 3.5648587998377086)	(41.0, 3.4607287006927017)	(42.0, 3.448257457045874)	(43.0, 3.4914107944374537)	(44.0, 3.5656198475425436)	(45.0, 3.6746604068483726)	(46.0, 3.8030354429118653)	(47.0, 3.883756193186742)	(48.0, 3.9151616043389916)	(49.0, 3.9389473359313434)	(50.0, 4.522197916446477)	(51.0, 4.603375111294024)	(52.0, 3.9619407312796047)	(53.0, 3.6797898867839853)	(54.0, 3.4702284533614)	(55.0, 3.2684008106418796)	(56.0, 3.013419461233992)	(57.0, 2.728396512884938)	(58.0, 2.428113039639533)	(59.0, 2.1155138451924245)	(60.0, 1.8213040295672278)	(61.0, 1.70168610349069)	(62.0, 1.4092910231423197)	(63.0, 0.9697174148889846)	(64.0, 0.7515267863899308)	(65.0, 0.5745790538855549)	(66.0, 0.42648763683525004)	(67.0, 0.32411705789779466)	(68.0, 0.23893216927206484)	(69.0, 0.1736293068409713)	(70.0, 0.12464065687821893)	(71.0, 0.08591740854477307)	(72.0, 0.0591334986908093)	(73.0, 0.03750391555363133)	(74.0, 0.021973757068989765)	(75.0, 0.012277070653211847)	(76.0, 0.00678501176269627)	(77.0, 0.0038181220403400006)	(78.0, 0.002050319572397571)	(79.0, 0.0011604367059216054)	(80.0, 0.0008374285506650761)	(81.0, 0.0007058326355605641)	(82.0, 0.0006414150547401737)	(83.0, 0.0005337456696546639)	(84.0, 0.00039110674069522787)	(85.0, 0.0003230081552565294)	(86.0, 0.0002990816252375272)	(87.0, 0.0002595108255907159)	(88.0, 0.00021165776555271155)	(89.0, 0.00017576797052420827)	(90.0, 0.00013343641741366598)	(91.0, 0.00010582888277635578)	(92.0, 8.374285506650762e-05)	(93.0, 7.362009236616054e-05)	(94.0, 5.8896073892928424e-05)	(95.0, 4.877331119258135e-05)	(96.0, 6.717833428412149e-05)	(97.0, 0.00011319089201297183)	(98.0, 0.0002190197747893276)	(99.0, 0.0002042957563160955)	(100.0, 0.00016932621244216924)
SRR34661443	(0.0, 0.006258901368539211)	(1.0, 0.0036522456532421424)	(2.0, 0.001021541369372337)	(3.0, 0.0009128000158260493)	(4.0, 0.0008312440006663335)	(5.0, 0.0007915115830244208)	(6.0, 0.0007475968056307277)	(7.0, 0.0007005452584231994)	(8.0, 0.0006921805389196388)	(9.0, 0.000737140906251277)	(10.0, 0.0007831468635208601)	(11.0, 0.000793602762900311)	(12.0, 0.0008040586622797616)	(13.0, 0.0009358029944608408)	(14.0, 0.001006903110241106)	(15.0, 0.0010016751605513806)	(16.0, 0.0011836078097538234)	(17.0, 0.0014397773445503665)	(18.0, 0.0016530776918911613)	(19.0, 0.00205876658781385)	(20.0, 0.0026620719820081573)	(21.0, 0.0033532069309898517)	(22.0, 0.004256596637374395)	(23.0, 0.00546948096539068)	(24.0, 0.007638034496688762)	(25.0, 0.01093477957102958)	(26.0, 0.015446500153262573)	(27.0, 0.024163583465910653)	(28.0, 0.03897227375702673)	(29.0, 0.05452019613426997)	(30.0, 0.08402883536295584)	(31.0, 0.12946599170629697)	(32.0, 0.1901813082228915)	(33.0, 0.286057723172703)	(34.0, 0.4126734367081617)	(35.0, 0.5500221309566266)	(36.0, 0.7258663099504151)	(37.0, 0.8972886890966342)	(38.0, 1.0423161958493676)	(39.0, 1.2800624359393185)	(40.0, 1.5851791725008841)	(41.0, 1.948877176515699)	(42.0, 2.4317598863769962)	(43.0, 3.114195527074987)	(44.0, 3.8470024630334816)	(45.0, 4.610421135605193)	(46.0, 5.317594388645027)	(47.0, 5.852431416932878)	(48.0, 6.295693587275622)	(49.0, 6.545901168246003)	(50.0, 7.306795786707515)	(51.0, 7.2586369597557026)	(52.0, 6.017767417050318)	(53.0, 5.075582141608261)	(54.0, 4.455940450223499)	(55.0, 3.9705295038922506)	(56.0, 3.417912218709644)	(57.0, 2.915224989833729)	(58.0, 2.456528866416977)	(59.0, 2.058688168568504)	(60.0, 1.715431447840516)	(61.0, 1.513680686954262)	(62.0, 1.2339885153237689)	(63.0, 0.8724465177609971)	(64.0, 0.6657982136054086)	(65.0, 0.49477524981548476)	(66.0, 0.35742237320726805)	(67.0, 0.2708768028636785)	(68.0, 0.19458846981133)	(69.0, 0.13623409537461542)	(70.0, 0.09411982385406376)	(71.0, 0.06178495502311234)	(72.0, 0.04157579270250997)	(73.0, 0.026112563110240267)	(74.0, 0.015669210810044874)	(75.0, 0.009305750447711156)	(76.0, 0.005517578102536154)	(77.0, 0.003452537975094633)	(78.0, 0.0020796783865727514)	(79.0, 0.0013373095306317491)	(80.0, 0.001093687075090547)	(81.0, 0.000881432317687697)	(82.0, 0.0008918882170671479)	(83.0, 0.000752824755320453)	(84.0, 0.00043601100412309573)	(85.0, 0.00033563437008036866)	(86.0, 0.00028544605305900507)	(87.0, 0.0002718533838657191)	(88.0, 0.00027603574361749944)	(89.0, 0.00023212096622380636)	(90.0, 0.00014847377118820047)	(91.0, 0.00010037663404272707)	(92.0, 8.782955478738619e-05)	(93.0, 9.723986422889184e-05)	(94.0, 0.00010246781391861723)	(95.0, 0.00010455899379450736)	(96.0, 0.00013592669193285956)	(97.0, 0.00023734891591353172)	(98.0, 0.0004642419324476127)	(99.0, 0.00044855808337843664)	(100.0, 0.00037013883803255606)
