Sample	0	1	2	3	4	5	6	7	8	9	10	11	12	13	14	15	16	17	18	19	20	21	22	23	24	25	26	27	28	29	30	31	32	33	34	35	36	37
SRR34661416	(1, 0.0)	(2, 0.05805162987330314)	(3, 0.0002131839515121302)	(4, 0.021752962436987745)	(5, 0.0)	(6, 0.0)	(7, 0.0)	(8, 0.0)	(9, 0.0)	(10, 0.0004903230884778994)	(15, 0.0001295502474573714)	(20, 0.0)	(25, 0.00022302321081269)	(30, 0.000626432842135644)	(35, 0.0016316771673428425)	(40, 0.0007838609909446017)	(45, 0.001151193338165503)	(50, 0.001167592103666436)	(55, 0.0007117064227404961)	(60, 0.00018366617361045061)	(65, 0.008386328677177183)	(70, 0.00023450234666334317)	(75, 0.00018366617361045061)	(80, 0.0007461438302924556)	(85, 0.0005739567925326581)	(90, 0.00011807111160671825)	(95, 0.0009002922260012265)	(100, 3.935703720223941e-05)	(105, 0.01123479424468926)	(110, 0.009378453989983633)	(115, 0.0011495534616154095)	(120, 0.00024270172941380974)	(125, 0.019247231068445166)	(130, 0.009553920780843618)	(135, 0.0029648968025687028)	(140, 0.0)	(145, 9.839259300559853e-05)	(150, 0.0)
SRR34661417	(1, 0.0)	(2, 0.05784372458132815)	(3, 0.00015934910352982963)	(4, 0.0211376585832319)	(5, 0.0)	(6, 0.0)	(7, 0.0)	(8, 0.0)	(9, 0.0)	(10, 0.0005290390237190344)	(15, 0.00015138164835333816)	(20, 0.0)	(25, 0.00024221063736534103)	(30, 0.0006262419768722305)	(35, 0.0015504667773452421)	(40, 0.0008047129728256396)	(45, 0.0010628585205439637)	(50, 0.001134565617132387)	(55, 0.0007075100196724435)	(60, 0.00018325146905930406)	(65, 0.008193730903503841)	(70, 0.0002183082718358666)	(75, 0.0001736905228475143)	(80, 0.0007521277686607958)	(85, 0.0005943721561662645)	(90, 0.0001258857917885654)	(95, 0.0009210378184024153)	(100, 4.14307669177557e-05)	(105, 0.011122567426382108)	(110, 0.00927889829854198)	(115, 0.0011313786350617904)	(120, 0.0002629260208242189)	(125, 0.018991226158685096)	(130, 0.009798376376049224)	(135, 0.0027455850538189645)	(140, 0.0)	(145, 7.648756969431822e-05)	(150, 0.0)
SRR34661418	(1, 0.0)	(2, 0.05708129900070864)	(3, 0.000277556840605178)	(4, 0.02152800244943912)	(5, 0.0)	(6, 0.0)	(7, 0.0)	(8, 0.0)	(9, 0.0)	(10, 0.0005377663786725323)	(15, 0.00012490057827233009)	(20, 0.0)	(25, 0.0001994939791849717)	(30, 0.000617563970346521)	(35, 0.0015890129124646439)	(40, 0.0008153232192777103)	(45, 0.0011258399347047533)	(50, 0.0012524752432308656)	(55, 0.0006817489897364685)	(60, 0.0001752077556320186)	(65, 0.008404768079575548)	(70, 0.00020469816994631875)	(75, 0.00016479937410932444)	(80, 0.0007233825158272451)	(85, 0.000555113681210356)	(90, 0.0001491868018252832)	(95, 0.0008292010613079693)	(100, 4.857244710590615e-05)	(105, 0.011298298142884527)	(110, 0.009567037349609729)	(115, 0.0011605345397804005)	(120, 0.0002671484590824838)	(125, 0.019630207551801216)	(130, 0.009679794816105583)	(135, 0.002916081556608151)	(140, 0.0)	(145, 9.020597319668285e-05)	(150, 0.0)
SRR34661419	(1, 0.0)	(2, 0.05708840690490215)	(3, 0.0001765317512950075)	(4, 0.021674176131220364)	(5, 0.0)	(6, 0.0)	(7, 0.0)	(8, 0.0)	(9, 0.0)	(10, 0.0005237108621751889)	(15, 0.00015495564835895102)	(20, 0.0)	(25, 0.00021576102936056476)	(30, 0.0005629401402407462)	(35, 0.0016240921119140689)	(40, 0.000806161664247201)	(45, 0.001102342713642158)	(50, 0.0012219920117421076)	(55, 0.0006551289436948056)	(60, 0.00016476296787534033)	(65, 0.008448025031417748)	(70, 0.0002079151737474533)	(75, 0.0001765317512950075)	(80, 0.0006649362632111949)	(85, 0.0005099806148522438)	(90, 0.00010984197858356022)	(95, 0.0008238148393767018)	(100, 4.119074196883508e-05)	(105, 0.011301955010687035)	(110, 0.009348336963022286)	(115, 0.0010905739302224907)	(120, 0.00026087469913595553)	(125, 0.019536180476647496)	(130, 0.009707284857322135)	(135, 0.002910812432464346)	(140, 0.0)	(145, 8.630441174422589e-05)	(150, 0.0)
SRR34661420	(1, 0.0)	(2, 0.05668641182479362)	(3, 0.00017042443068298726)	(4, 0.02111639850653014)	(5, 0.0)	(6, 0.0)	(7, 0.0)	(8, 0.0)	(9, 0.0)	(10, 0.0005421119985535023)	(15, 0.00012822409546624756)	(20, 0.0)	(25, 0.00019964004737149936)	(30, 0.0006119048606427257)	(35, 0.0014867502714820604)	(40, 0.0009219150155041596)	(45, 0.0009738538896170701)	(50, 0.001283864044478504)	(55, 0.0007092902496044327)	(60, 0.00017529370013107261)	(65, 0.008384881989602973)	(70, 0.00019314768810738556)	(75, 0.00016393207141887346)	(80, 0.0007368827764769163)	(85, 0.0005469812680015877)	(90, 0.00013309336491433292)	(95, 0.0008586145126790501)	(100, 3.408488613659746e-05)	(105, 0.011233404616732903)	(110, 0.009459367447813807)	(115, 0.0011475244999321144)	(120, 0.0002564481909324951)	(125, 0.019102144044838832)	(130, 0.009659007495185307)	(135, 0.002682967465895028)	(140, 0.0)	(145, 5.031578429688195e-05)	(150, 0.0)
SRR34661421	(1, 0.0)	(2, 0.05743543536060003)	(3, 0.00021700164487246815)	(4, 0.02066415663430729)	(5, 0.0)	(6, 0.0)	(7, 0.0)	(8, 0.0)	(9, 0.0)	(10, 0.000497003767288556)	(15, 0.0001484011248805266)	(20, 0.0)	(25, 0.0002786021118040075)	(30, 0.000694405263591898)	(35, 0.0016506125116428382)	(40, 0.0007854059533771266)	(45, 0.0011354086063972365)	(50, 0.0011536087443542822)	(55, 0.0007392056031784722)	(60, 0.0002058015599758246)	(65, 0.008381863534525592)	(70, 0.00024220183588991603)	(75, 0.0002100015918120659)	(80, 0.0007952060276616897)	(85, 0.0006384048391086804)	(90, 0.00014420109304428527)	(95, 0.0009170069509126878)	(100, 4.200031836241319e-05)	(105, 0.01140028641417102)	(110, 0.009311470580947003)	(115, 0.001171808882311328)	(120, 0.0002436018465019965)	(125, 0.019408347115271132)	(130, 0.009626472968665102)	(135, 0.0028784218184373838)	(140, 0.0)	(145, 8.260062611274593e-05)	(150, 0.0)
SRR34661422	(1, 0.0)	(2, 0.05841610544727877)	(3, 7.09536079767749e-05)	(4, 0.021073221569102147)	(5, 0.0)	(6, 0.0)	(7, 0.0)	(8, 0.0)	(9, 0.0)	(10, 0.0005009324723160307)	(15, 0.0001291355665177303)	(20, 0.0)	(25, 0.00022563247336614419)	(30, 0.0005931721626858381)	(35, 0.0014857685510336663)	(40, 0.0007662989661491689)	(45, 0.0010813329855660495)	(50, 0.0011735726759358569)	(55, 0.0006882499973747165)	(60, 0.0001986701023349697)	(65, 0.00839381182365247)	(70, 0.0001986701023349697)	(75, 0.00015609793754890478)	(80, 0.000732241234320317)	(85, 0.0005520190700593087)	(90, 0.00011920206140098182)	(95, 0.0008613768008380472)	(100, 3.973402046699394e-05)	(105, 0.011267432946711854)	(110, 0.009497849963771088)	(115, 0.0011522865935428245)	(120, 0.00024833762791871215)	(125, 0.020086966418224973)	(130, 0.009239578830735626)	(135, 0.0027203613298295497)	(140, 0.0)	(145, 6.669639149816841e-05)	(150, 0.0)
SRR34661423	(1, 0.0)	(2, 0.05708966272364556)	(3, 0.00018397279371595415)	(4, 0.021563547979233152)	(5, 0.0)	(6, 0.0)	(7, 0.0)	(8, 0.0)	(9, 0.0)	(10, 0.0004492809278115933)	(15, 0.00013943201207945998)	(20, 0.0)	(25, 0.00023819635396907747)	(30, 0.0006080784971243115)	(35, 0.001553117690107318)	(40, 0.0007630029549903782)	(45, 0.0010999636508490732)	(50, 0.0011658065454421514)	(55, 0.0007223352848005357)	(60, 0.00017816312654597664)	(65, 0.008400778727787465)	(70, 0.00018009968226930247)	(75, 0.0001704169036526733)	(80, 0.0007165256176305582)	(85, 0.000546108713977885)	(90, 0.00012006645484620166)	(95, 0.0008908156327298831)	(100, 2.7111780126561663e-05)	(105, 0.011102273961827001)	(110, 0.00949493271146656)	(115, 0.0010883443165091182)	(120, 0.00021883079673581913)	(125, 0.019698644817670374)	(130, 0.009130860235481302)	(135, 0.002817688577439087)	(140, 0.0)	(145, 5.228700452979749e-05)	(150, 0.0)
SRR34661424	(1, 0.660379195299398)	(2, 0.0014058692698902468)	(3, 0.0014393423477447765)	(4, 0.0)	(5, 1.6736538927264842e-05)	(6, 0.0001450500040362953)	(7, 8.368269463632421e-05)	(8, 0.0)	(9, 0.0)	(10, 0.0005746211698360929)	(15, 1.0041923356358906e-05)	(20, 9.372461799268312e-05)	(25, 0.00014058692698902468)	(30, 0.00027113193062169047)	(35, 0.0013050650221016502)	(40, 0.0004797739167898668)	(45, 0.0003943869889170097)	(50, 0.003264599313195543)	(55, 7.606468403814172e-05)	(60, 0.0013917586422694805)	(65, 0.0027748671036862127)	(70, 0.0044453794674125255)	(75, 0.0)	(80, 0.009375312226621255)	(85, 0.014233404944454572)	(90, 0.011270986318324835)	(95, 0.021289896410430328)	(100, 0.00972614686675324)	(105, 0.018025956316745743)	(110, 0.002344736182584991)	(115, 0.002760921559991931)	(120, 0.023274875722793992)	(125, 0.0002459874829269312)	(130, 0.0008764283253544648)	(135, 0.003145281256053773)	(140, 0.03561081826983356)	(145, 0.01374401691286216)	(150, 0.037811998742253515)
SRR34661425	(1, 0.660188734031291)	(2, 0.00140851913043904)	(3, 0.0011599569309497975)	(4, 0.0)	(5, 1.5064375726620747e-05)	(6, 0.0002033690723093801)	(7, 9.791844222303486e-05)	(8, 0.0)	(9, 0.0)	(10, 0.0005920299660561954)	(15, 1.5064375726620747e-05)	(20, 8.436050406907619e-05)	(25, 0.0001385922566849109)	(30, 0.00027266520065183554)	(35, 0.0013246885275237045)	(40, 0.0004537512644100901)	(45, 0.0003456524181239911)	(50, 0.003009957478214441)	(55, 7.144094942354656e-05)	(60, 0.001160496085295785)	(65, 0.002135850789463848)	(70, 0.0033247439365338685)	(75, 0.0)	(80, 0.006604956537898377)	(85, 0.009353807274672771)	(90, 0.007841423273300873)	(95, 0.014863900033284975)	(100, 0.007737606990632985)	(105, 0.014718436313326073)	(110, 0.002081224612866841)	(115, 0.002594047806491273)	(120, 0.02137329347609902)	(125, 0.0004026166863680432)	(130, 0.0003485692973191535)	(135, 0.0031112937216837954)	(140, 0.03360868539060656)	(145, 0.011336295103306877)	(150, 0.03345750896361621)
SRR34661426	(1, 0.6207701030156629)	(2, 0.0014051255627388166)	(3, 0.001461011238529565)	(4, 0.0)	(5, 7.983667970106912e-06)	(6, 0.0002953957148939557)	(7, 7.185301173096221e-05)	(8, 0.0)	(9, 0.0)	(10, 0.000617935900886275)	(15, 1.5967335940213823e-05)	(20, 0.00012135175314562506)	(25, 0.00015967335940213822)	(30, 0.00033850752193253304)	(35, 0.001308664647861033)	(40, 0.0005073533705518761)	(45, 0.000406881114220998)	(50, 0.0033254266744118383)	(55, 0.00011537472358688545)	(60, 0.0015995284163687635)	(65, 0.0029198664023612183)	(70, 0.004449794191907835)	(75, 0.0)	(80, 0.00818430453747178)	(85, 0.012252810133839219)	(90, 0.009452389267441815)	(95, 0.01751180153082658)	(100, 0.008587395084903013)	(105, 0.016617398488466984)	(110, 0.002106570933632238)	(115, 0.002788258043987778)	(120, 0.015899789420230816)	(125, 0.0003885303257632516)	(130, 0.0008195075579084529)	(135, 0.0028921958679691425)	(140, 0.022482694810388736)	(145, 0.008266927271707327)	(150, 0.025467306345478988)
SRR34661427	(1, 0.6588079177385808)	(2, 0.0014504525411928523)	(3, 0.0013817107145960347)	(4, 0.0)	(5, 2.7496730638727057e-05)	(6, 0.0003437091329840882)	(7, 0.00010311273989522645)	(8, 0.0)	(9, 0.0)	(10, 0.0006104274201797406)	(15, 8.249019191618116e-06)	(20, 8.661470151199022e-05)	(25, 0.00015948103770461694)	(30, 0.00031896207540923387)	(35, 0.0013922597840093295)	(40, 0.0005001187038118949)	(45, 0.0004017508706243843)	(50, 0.003244034708773777)	(55, 8.149116383902206e-05)	(60, 0.001534483543323826)	(65, 0.0023581417964354634)	(70, 0.003451659297416891)	(75, 0.0)	(80, 0.006576567347685973)	(85, 0.00922728200084629)	(90, 0.007589295889521536)	(95, 0.013755889592173269)	(100, 0.006750757412523197)	(105, 0.011972692734372497)	(110, 0.0016455371856142437)	(115, 0.0016004462958813658)	(120, 0.012639693783843341)	(125, 0.00023504110281285438)	(130, 0.0004131173005263114)	(135, 0.0018392763345874631)	(140, 0.016253502060164245)	(145, 0.006302930547558087)	(150, 0.016931061977982755)
SRR34661428	(1, 0.6227605508489421)	(2, 0.0015001179167923623)	(3, 0.0014060666367426845)	(4, 0.0)	(5, 1.8810256009935576e-05)	(6, 0.00029155896815400144)	(7, 8.934871604719399e-05)	(8, 0.0)	(9, 0.0)	(10, 0.0006320246019338355)	(15, 1.0345640805464567e-05)	(20, 0.00010627794645613601)	(25, 0.00016741127848842664)	(30, 0.0003461087105828146)	(35, 0.001352087702449023)	(40, 0.000497599591211751)	(45, 0.0003631346830118386)	(50, 0.003221191681771982)	(55, 7.883238564172397e-05)	(60, 0.001480322549667187)	(65, 0.0027682620284254734)	(70, 0.004185015154308697)	(75, 0.0)	(80, 0.009389330005834265)	(85, 0.015072422195363342)	(90, 0.012496694714803693)	(95, 0.02229028823804991)	(100, 0.009273604120001208)	(105, 0.01345364539597158)	(110, 0.0012616287006051682)	(115, 0.0013991868659934514)	(120, 0.011700304010013284)	(125, 0.0002082247744795552)	(130, 0.0003554743737156779)	(135, 0.0017655055525149625)	(140, 0.01716816214824203)	(145, 0.006115064604231751)	(150, 0.017563036665766214)
SRR34661429	(1, 0.6306979292246978)	(2, 0.0013797278081096207)	(3, 0.0013729644365012403)	(4, 0.0)	(5, 2.029011482514148e-05)	(6, 0.0002637714927268393)	(7, 3.381685804190247e-05)	(8, 0.0)	(9, 0.0)	(10, 0.0005884133299291029)	(15, 1.217406889508489e-05)	(20, 0.0001055085970907357)	(25, 0.00015420487267107526)	(30, 0.0002394233549366695)	(35, 0.001290216578760452)	(40, 0.00044790453012310974)	(45, 0.00035320119754526377)	(50, 0.0030026562699777756)	(55, 6.962616181943585e-05)	(60, 0.0011459196671859623)	(65, 0.002044664420656728)	(70, 0.0032528439704736572)	(75, 4.8931820798558505e-06)	(80, 0.0070515099929265735)	(85, 0.010354129817751214)	(90, 0.00850134957179512)	(95, 0.015838783066677048)	(100, 0.007663750784904456)	(105, 0.013348026974491296)	(110, 0.0017270426685276432)	(115, 0.0018049875415748799)	(120, 0.016449649557955987)	(125, 0.00034645129934085165)	(130, 0.0006923640237001531)	(135, 0.002185285297400519)	(140, 0.023560502616318375)	(145, 0.0078373000804994)	(150, 0.02663107501817179)
SRR34661430	(1, 0.6521921061616838)	(2, 0.0017093559901549722)	(3, 0.0014127800297179898)	(4, 0.0)	(5, 2.156916075905328e-05)	(6, 0.00032353741138579917)	(7, 7.549206265668648e-05)	(8, 0.0)	(9, 0.0)	(10, 0.0006492317388475037)	(15, 6.470748227715984e-06)	(20, 0.00012078730025069835)	(25, 0.00017686711822423686)	(30, 0.0002965759604369826)	(35, 0.0012677094286994634)	(40, 0.000537854450786528)	(45, 0.00034942119844580383)	(50, 0.003121409011081634)	(55, 7.74413145133277e-05)	(60, 0.0015308886094670788)	(65, 0.002576773811164551)	(70, 0.0041116673617448505)	(75, 5.31871410300126e-06)	(80, 0.00859367325738837)	(85, 0.013053579304275961)	(90, 0.010799978769799223)	(95, 0.020482180659737524)	(100, 0.01018297238731631)	(105, 0.017201664750985488)	(110, 0.0021856124049531803)	(115, 0.002248720103474439)	(120, 0.0176340281458153)	(125, 0.00035467497078998277)	(130, 0.0004316330946042626)	(135, 0.002476862445755305)	(140, 0.02661662663541484)	(145, 0.008651959131725182)	(150, 0.025519349135076343)
SRR34661431	(1, 0.6698943288353695)	(2, 0.0013928484108675651)	(3, 0.0015064283242001133)	(4, 0.0)	(5, 3.5867341052383655e-05)	(6, 0.0002211819364896992)	(7, 7.771257228016459e-05)	(8, 0.0)	(9, 0.0)	(10, 0.000585833237188933)	(15, 4.782312140317821e-06)	(20, 0.00011118875726238933)	(25, 0.00014227378617445518)	(30, 0.0002905254625243076)	(35, 0.0012475796148074614)	(40, 0.0004782320599489148)	(45, 0.0003517834460073161)	(50, 0.003232591982531189)	(55, 9.46792479033442e-05)	(60, 0.0014008649513792316)	(65, 0.0026115049964862535)	(70, 0.003923480715477868)	(75, 0.0)	(80, 0.007642286945927162)	(85, 0.011726284356823633)	(90, 0.009713886528797547)	(95, 0.01765376981159341)	(100, 0.008006992680773178)	(105, 0.012052245585190488)	(110, 0.0013523629161051648)	(115, 0.0014436612582118646)	(120, 0.011128865773822497)	(125, 0.00016294149813627515)	(130, 0.0005163130839931241)	(135, 0.0014316325657754635)	(140, 0.015505936558568136)	(145, 0.005511430326398306)	(150, 0.015592208544336591)
SRR34661432	(1, 0.030983698503736137)	(2, 0.09313613418840391)	(3, 0.012335911813033631)	(4, 0.006332434730690598)	(5, 0.006332434730690598)	(6, 0.007127415714197209)	(7, 0.0069937766695560115)	(8, 0.006332434730690598)	(9, 0.006332434730690598)	(10, 0.00648868961365569)	(15, 0.006380407721074617)	(20, 0.006566131726704179)	(25, 0.032959500379123687)	(30, 0.9753518887377511)	(35, 0.6045507145682065)	(40, 0.0)	(45, 1.6326426256393807e-06)	(50, 1.7498763340521271e-06)	(55, 1.9642115547769596e-06)	(60, 0.0)	(65, 0.0)	(70, 0.0)	(75, 5.498769760241541e-06)	(80, 0.0)	(85, 0.0)	(90, 0.0)	(95, 0.0)	(100, 0.00022820808178867006)	(105, 0.0)	(110, 0.00011900812676745664)	(115, 4.296545877872402e-05)	(120, 0.00015996363797989233)	(125, 3.6164926530951755e-05)	(130, 0.00034192372365572687)	(135, 0.0)	(140, 0.0)	(145, 0.0)	(150, 0.0)
SRR34661433	(1, 0.03022677485229546)	(2, 0.09352892113982522)	(3, 0.01212349140953137)	(4, 0.006310432708038123)	(5, 0.006310432708038123)	(6, 0.0071073615139793465)	(7, 0.006940628182239871)	(8, 0.006310432708038123)	(9, 0.006310432708038123)	(10, 0.006448340955307386)	(15, 0.0063624308996314514)	(20, 0.006456818921328036)	(25, 0.02113217810307545)	(30, 0.7058110183376709)	(35, 0.45740245203397917)	(40, 0.0)	(45, 6.462896119143335e-07)	(50, 0.0)	(55, 0.0)	(60, 0.0)	(65, 0.0)	(70, 0.0)	(75, 0.0)	(80, 0.0)	(85, 0.0)	(90, 0.0)	(95, 0.0)	(100, 0.0003082792814289024)	(105, 0.0)	(110, 0.0001164137577778942)	(115, 1.4285436059840549e-05)	(120, 0.0002549706783719872)	(125, 6.720768161053593e-05)	(130, 0.00036291110423121794)	(135, 0.0)	(140, 0.0)	(145, 0.0)	(150, 0.0)
SRR34661434	(1, 0.03177450484931171)	(2, 0.09455079832969111)	(3, 0.013298308130940904)	(4, 0.007409796592804425)	(5, 0.007409796592804425)	(6, 0.0082170090707915)	(7, 0.00797898487856454)	(8, 0.007409796592804425)	(9, 0.007409796592804425)	(10, 0.007549851407361158)	(15, 0.007456711506054955)	(20, 0.0076354021315238885)	(25, 0.02145598363497438)	(30, 0.4767417592747506)	(35, 0.30017918710514974)	(40, 0.0)	(45, 4.021550265320572e-06)	(50, 3.470186259124291e-06)	(55, 9.814728546985972e-07)	(60, 0.0)	(65, 0.0)	(70, 0.0)	(75, 0.0)	(80, 0.0)	(85, 0.0)	(90, 0.0)	(95, 0.0)	(100, 0.0002133300196070288)	(105, 0.0)	(110, 3.911024581865029e-05)	(115, 1.0522630653454311e-05)	(120, 0.00014513687635521558)	(125, 3.506504390318822e-05)	(130, 0.00040218010868369006)	(135, 0.0)	(140, 0.0)	(145, 0.0)	(150, 0.0)
SRR34661435	(1, 0.029823017015329273)	(2, 0.09245091933643203)	(3, 0.011669593563984025)	(4, 0.0056841864286592565)	(5, 0.0056841864286592565)	(6, 0.006564010938775786)	(7, 0.006288794897433916)	(8, 0.0056841864286592565)	(9, 0.0056841864286592565)	(10, 0.0058363137208025575)	(15, 0.005730994826241811)	(20, 0.005848882642375651)	(25, 0.024437450826803167)	(30, 0.454069628271544)	(35, 0.23972804108474927)	(40, 0.0)	(45, 9.810786955352015e-07)	(50, 1.592573299845056e-06)	(55, 5.952946942985239e-07)	(60, 0.0)	(65, 0.0)	(70, 0.0)	(75, 0.0)	(80, 0.0)	(85, 0.0)	(90, 0.0)	(95, 0.0)	(100, 0.00027484518915275364)	(105, 0.0)	(110, 8.752768231275608e-05)	(115, 4.460186258864899e-05)	(120, 0.00028960082066437006)	(125, 0.00010237307615396637)	(130, 0.0003335058249496429)	(135, 0.0)	(140, 0.0)	(145, 0.0)	(150, 0.0)
SRR34661436	(1, 0.030427781704313327)	(2, 0.09282895106561696)	(3, 0.01303437278063984)	(4, 0.006648954639741689)	(5, 0.006648954639741689)	(6, 0.0075143515210792525)	(7, 0.007268621542427845)	(8, 0.006648954639741689)	(9, 0.006648954639741689)	(10, 0.006798529409355589)	(15, 0.006689553505779747)	(20, 0.0068854252278931875)	(25, 0.0342939333684288)	(30, 1.687768936326092)	(35, 1.115446072753321)	(40, 0.0)	(45, 0.0)	(50, 9.906401544415926e-07)	(55, 1.1145150009093884e-06)	(60, 0.0)	(65, 0.0)	(70, 0.0)	(75, 3.122537488872838e-06)	(80, 0.0)	(85, 0.0)	(90, 0.0)	(95, 0.0)	(100, 0.000300553791829574)	(105, 0.0)	(110, 0.00015357132679995407)	(115, 3.86160993993845e-05)	(120, 0.00021903621873394874)	(125, 0.0)	(130, 0.000614731581297099)	(135, 0.0)	(140, 0.0)	(145, 0.0)	(150, 0.0)
SRR34661437	(1, 0.030829003058657864)	(2, 0.09401146696501589)	(3, 0.012719998112391119)	(4, 0.006771052430310997)	(5, 0.006771052430310997)	(6, 0.007622288945211472)	(7, 0.007272731745176297)	(8, 0.006771052430310997)	(9, 0.006771052430310997)	(10, 0.006897928747360804)	(15, 0.006815070744389501)	(20, 0.006973018812553544)	(25, 0.02944177883703679)	(30, 0.7100147587581151)	(35, 0.4526148942449404)	(40, 0.0)	(45, 2.335299245323139e-06)	(50, 2.5548324528103285e-06)	(55, 9.720276303908481e-07)	(60, 0.0)	(65, 0.0)	(70, 0.0)	(75, 2.5345153468072394e-06)	(80, 0.0)	(85, 0.0)	(90, 0.0)	(95, 0.0)	(100, 0.00031368832325539886)	(105, 0.0)	(110, 0.00012662221857479887)	(115, 4.247948686818878e-05)	(120, 0.0002894400249063141)	(125, 7.550710097092694e-05)	(130, 0.00043153869141580295)	(135, 0.0)	(140, 0.0)	(145, 0.0)	(150, 0.0)
SRR34661438	(1, 0.030430674470620672)	(2, 0.09379388795861363)	(3, 0.012638115322692708)	(4, 0.006653370339006483)	(5, 0.006653370339006483)	(6, 0.007516554711653535)	(7, 0.0072096447124901375)	(8, 0.006653370339006483)	(9, 0.006653370339006483)	(10, 0.006779422660091449)	(15, 0.006697762678171188)	(20, 0.0068747839812600756)	(25, 0.03371022703310953)	(30, 0.6300999296217008)	(35, 0.35273166440792303)	(40, 0.0)	(45, 1.884924338697229e-06)	(50, 2.0125582831847413e-06)	(55, 0.0)	(60, 0.0)	(65, 0.0)	(70, 0.0)	(75, 0.0)	(80, 0.0)	(85, 0.0)	(90, 0.0)	(95, 0.0)	(100, 0.0003379502359143826)	(105, 0.0)	(110, 0.0001262740601692289)	(115, 5.12679131690735e-05)	(120, 0.00026747442158823505)	(125, 4.149293230137644e-05)	(130, 0.0004419703924034129)	(135, 0.0)	(140, 0.0)	(145, 0.0)	(150, 0.0)
SRR34661439	(1, 0.02976775206138797)	(2, 0.09348382543006338)	(3, 0.011761568037417599)	(4, 0.0057338518778487346)	(5, 0.0057338518778487346)	(6, 0.006611946338702933)	(7, 0.006283098213920884)	(8, 0.0057338518778487346)	(9, 0.0057338518778487346)	(10, 0.005880084341847561)	(15, 0.0057905257036090455)	(20, 0.005894777555933568)	(25, 0.03031419969001516)	(30, 0.6950135149582517)	(35, 0.41476223054031386)	(40, 0.0)	(45, 1.6254975546421164e-06)	(50, 1.765575625677628e-06)	(55, 1.0194470431565474e-06)	(60, 0.0)	(65, 0.0)	(70, 0.0)	(75, 2.750381003404449e-06)	(80, 0.0)	(85, 0.0)	(90, 0.0)	(95, 0.0)	(100, 0.0002779499194566186)	(105, 0.0)	(110, 6.55548931389687e-05)	(115, 3.0488027961180202e-05)	(120, 0.00013275909125959502)	(125, 9.338179848674796e-05)	(130, 0.00046351428971863097)	(135, 0.0)	(140, 0.0)	(145, 0.0)	(150, 0.0)
SRR34661440	(1, 0.03061765614376948)	(2, 0.0932255071388249)	(3, 0.011984606275387572)	(4, 0.005911959408473311)	(5, 0.005911959408473311)	(6, 0.006772306842209235)	(7, 0.006457627236095706)	(8, 0.005911959408473311)	(9, 0.005911959408473311)	(10, 0.006067290618299563)	(15, 0.005962174239236108)	(20, 0.006063942962915377)	(25, 0.022806237070308766)	(30, 0.5009270829438197)	(35, 0.30168639931895386)	(40, 0.0)	(45, 7.768721796043955e-07)	(50, 8.463546978424014e-07)	(55, 0.0)	(60, 0.0)	(65, 0.0)	(70, 0.0)	(75, 0.0)	(80, 0.0)	(85, 0.0)	(90, 0.0)	(95, 0.0)	(100, 0.00029828562093986113)	(105, 0.0)	(110, 0.00015479703631786148)	(115, 0.00010338815030500367)	(120, 0.00016899421776895337)	(125, 4.000265617637011e-05)	(130, 0.0005513391072674765)	(135, 0.0)	(140, 0.0)	(145, 0.0)	(150, 0.0)
SRR34661441	(1, 0.062456207526132415)	(2, 0.10418135382517571)	(3, 0.01865078172679299)	(4, 0.00928553876568967)	(5, 0.00928553876568967)	(6, 0.011254232392406709)	(7, 0.010791948059007567)	(8, 0.00928553876568967)	(9, 0.00928553876568967)	(10, 0.00940031280708532)	(15, 0.00939393647145223)	(20, 0.009421035897892867)	(25, 0.030561776689408134)	(30, 0.45660780060178263)	(35, 0.2540970291343072)	(40, 0.0)	(45, 1.7693451887010182e-06)	(50, 1.867722826570636e-06)	(55, 6.049051394817492e-06)	(60, 0.0)	(65, 2.697912740922596e-06)	(70, 0.0)	(75, 0.0)	(80, 0.0)	(85, 0.0)	(90, 0.0)	(95, 0.0)	(100, 0.0004737771974533528)	(105, 0.0)	(110, 0.00019805150673416817)	(115, 6.713266432649658e-05)	(120, 0.00048228733449556544)	(125, 0.00010067715454144577)	(130, 0.000782850766724041)	(135, 0.0)	(140, 0.0)	(145, 0.0)	(150, 0.0)
SRR34661442	(1, 0.029991949950662903)	(2, 0.093475355531983)	(3, 0.012349103094488315)	(4, 0.00638214934182009)	(5, 0.00638214934182009)	(6, 0.007156192547310351)	(7, 0.006972320214971668)	(8, 0.00638214934182009)	(9, 0.00638214934182009)	(10, 0.0065239089786876545)	(15, 0.006423075764179344)	(20, 0.006553565806484216)	(25, 0.02376638865960866)	(30, 0.49008738324996604)	(35, 0.30144730530756936)	(40, 0.0)	(45, 1.3971956829559565e-06)	(50, 7.60878153216025e-07)	(55, 0.0)	(60, 0.0)	(65, 0.0)	(70, 0.0)	(75, 0.0)	(80, 0.0)	(85, 0.0)	(90, 0.0)	(95, 0.0)	(100, 0.00040288936585269777)	(105, 0.0)	(110, 8.76511678300736e-05)	(115, 6.374397699097407e-05)	(120, 0.0004559621496700316)	(125, 0.0001079646351041253)	(130, 0.00042704356359312947)	(135, 0.0)	(140, 0.0)	(145, 0.0)	(150, 0.0)
SRR34661443	(1, 0.031098934462440754)	(2, 0.09377675888235819)	(3, 0.013842352800013091)	(4, 0.007773824608990802)	(5, 0.007773824608990802)	(6, 0.008453761560291682)	(7, 0.00831559255414498)	(8, 0.007773824608990802)	(9, 0.007773824608990802)	(10, 0.00789454068804529)	(15, 0.007804367231402179)	(20, 0.007980350912915348)	(25, 0.0220794071822431)	(30, 0.9745932649881557)	(35, 0.6187996901260525)	(40, 0.0)	(45, 1.793060454395946e-06)	(50, 2.9096543028084217e-06)	(55, 0.0)	(60, 0.0)	(65, 0.0)	(70, 0.0)	(75, 0.0)	(80, 0.0)	(85, 0.0)	(90, 0.0)	(95, 0.0)	(100, 0.00024867254909256625)	(105, 0.0)	(110, 6.774080246432008e-05)	(115, 3.5839878889881256e-05)	(120, 0.00016083640871104835)	(125, 3.821072911420652e-05)	(130, 0.0004440848808167609)	(135, 0.0)	(140, 0.0)	(145, 0.0)	(150, 0.0)
