Sample	0	1	2	3	4	5	6	7	8	9	10	11	12	13	14	15	16	17	18	19	20	21	22	23
SRR34661416	(151, 12196040.0)																							
SRR34661417	(151, 12551059.0)																							
SRR34661418	(151, 11529170.0)																							
SRR34661419	(151, 10196466.0)																							
SRR34661420	(151, 12322177.0)																							
SRR34661421	(151, 14285606.0)																							
SRR34661422	(151, 14093716.0)																							
SRR34661423	(151, 10327614.0)																							
SRR34661424	(35, 72994.0)	(40, 1147349.0)	(45, 2015408.0)	(50, 3313430.0)	(55, 2010826.0)	(60, 3108381.0)	(65, 1310197.0)	(70, 852674.0)	(75, 536475.0)	(80, 466735.0)	(85, 268490.0)	(90, 431121.0)	(95, 949497.0)	(100, 527775.0)	(105, 342650.0)	(110, 92086.0)	(115, 92713.0)	(120, 53376.0)	(125, 22999.0)	(130, 25919.0)	(135, 10083.0)	(140, 9676.0)	(145, 12073.0)	(150, 251926.0)
SRR34661425	(35, 34876.0)	(40, 564306.0)	(45, 1048332.0)	(50, 2627297.0)	(55, 1447382.0)	(60, 2268175.0)	(65, 843733.0)	(70, 629907.0)	(75, 343006.0)	(80, 293026.0)	(85, 240313.0)	(90, 474530.0)	(95, 1030766.0)	(100, 673713.0)	(105, 315945.0)	(110, 87570.0)	(115, 62981.0)	(120, 37224.0)	(125, 15410.0)	(130, 16689.0)	(135, 6673.0)	(140, 6522.0)	(145, 7315.0)	(150, 200664.0)
SRR34661426	(35, 60758.0)	(40, 959553.0)	(45, 1712314.0)	(50, 3206354.0)	(55, 1197142.0)	(60, 1614669.0)	(65, 695151.0)	(70, 388962.0)	(75, 220046.0)	(80, 192765.0)	(85, 153615.0)	(90, 310013.0)	(95, 696100.0)	(100, 466388.0)	(105, 209467.0)	(110, 61962.0)	(115, 40582.0)	(120, 27007.0)	(125, 12739.0)	(130, 14167.0)	(135, 5882.0)	(140, 6199.0)	(145, 6232.0)	(150, 267504.0)
SRR34661427	(35, 65952.0)	(40, 1027418.0)	(45, 1396318.0)	(50, 3352451.0)	(55, 1384532.0)	(60, 1729811.0)	(65, 705816.0)	(70, 593420.0)	(75, 333429.0)	(80, 295282.0)	(85, 242228.0)	(90, 481640.0)	(95, 1131368.0)	(100, 721796.0)	(105, 353413.0)	(110, 94648.0)	(115, 74309.0)	(120, 46528.0)	(125, 20802.0)	(130, 24243.0)	(135, 10983.0)	(140, 11320.0)	(145, 11607.0)	(150, 437870.0)
SRR34661428	(35, 66966.0)	(40, 1712919.0)	(45, 2146193.0)	(50, 3045927.0)	(55, 2662332.0)	(60, 4539351.0)	(65, 1381755.0)	(70, 1084660.0)	(75, 643486.0)	(80, 645028.0)	(85, 402756.0)	(90, 467017.0)	(95, 726258.0)	(100, 462732.0)	(105, 251224.0)	(110, 126671.0)	(115, 67354.0)	(120, 49521.0)	(125, 37682.0)	(130, 31658.0)	(135, 29379.0)	(140, 29222.0)	(145, 53886.0)	(150, 601018.0)
SRR34661429	(35, 75083.0)	(40, 931259.0)	(45, 1324267.0)	(50, 1762595.0)	(55, 1567790.0)	(60, 2815185.0)	(65, 1068884.0)	(70, 914484.0)	(75, 512548.0)	(80, 455539.0)	(85, 316289.0)	(90, 497843.0)	(95, 939796.0)	(100, 649276.0)	(105, 335825.0)	(110, 96840.0)	(115, 65837.0)	(120, 44187.0)	(125, 22200.0)	(130, 28033.0)	(135, 12579.0)	(140, 12043.0)	(145, 17039.0)	(150, 320104.0)
SRR34661430	(35, 52052.0)	(40, 1280546.0)	(45, 2175271.0)	(50, 4343358.0)	(55, 2050421.0)	(60, 2642669.0)	(65, 1209388.0)	(70, 806218.0)	(75, 495634.0)	(80, 413558.0)	(85, 292017.0)	(90, 488083.0)	(95, 912450.0)	(100, 532486.0)	(105, 253502.0)	(110, 94331.0)	(115, 62343.0)	(120, 38843.0)	(125, 20709.0)	(130, 21572.0)	(135, 10792.0)	(140, 9508.0)	(145, 9339.0)	(150, 329906.0)
SRR34661431	(35, 49791.0)	(40, 1140910.0)	(45, 1936294.0)	(50, 3555189.0)	(55, 1783910.0)	(60, 2375265.0)	(65, 1079129.0)	(70, 665854.0)	(75, 440014.0)	(80, 404232.0)	(85, 260628.0)	(90, 471534.0)	(95, 917755.0)	(100, 522865.0)	(105, 272684.0)	(110, 104390.0)	(115, 74386.0)	(120, 49762.0)	(125, 28615.0)	(130, 29610.0)	(135, 17122.0)	(140, 16028.0)	(145, 14683.0)	(150, 517660.0)
SRR34661432	(35, 1534495.0)	(40, 2467777.0)	(45, 1571966.0)	(50, 2206937.0)	(55, 2569178.0)	(60, 5595510.0)	(65, 1966335.0)	(70, 3424217.0)	(75, 1264975.0)	(80, 1468786.0)	(85, 809262.0)	(90, 596972.0)	(95, 547792.0)	(100, 764928.0)	(105, 295135.0)	(110, 186880.0)	(115, 119383.0)	(120, 99399.0)	(125, 84066.0)	(130, 72796.0)	(135, 71874.0)	(140, 71740.0)	(145, 325834.0)	(150, 1066851.0)
SRR34661433	(35, 1320768.0)	(40, 2278798.0)	(45, 1996651.0)	(50, 2869184.0)	(55, 2702769.0)	(60, 5229154.0)	(65, 2393351.0)	(70, 4057298.0)	(75, 1424321.0)	(80, 1525103.0)	(85, 914986.0)	(90, 898163.0)	(95, 1143916.0)	(100, 1290157.0)	(105, 706732.0)	(110, 351049.0)	(115, 209443.0)	(120, 159194.0)	(125, 119364.0)	(130, 112237.0)	(135, 95680.0)	(140, 97249.0)	(145, 541200.0)	(150, 2949079.0)
SRR34661434	(35, 1082193.0)	(40, 2321469.0)	(45, 1667700.0)	(50, 2577070.0)	(55, 2367149.0)	(60, 4706425.0)	(65, 2088837.0)	(70, 4162470.0)	(75, 1302018.0)	(80, 1353896.0)	(85, 741177.0)	(90, 684182.0)	(95, 649602.0)	(100, 794985.0)	(105, 360663.0)	(110, 181391.0)	(115, 114642.0)	(120, 92996.0)	(125, 72070.0)	(130, 63703.0)	(135, 58969.0)	(140, 59604.0)	(145, 290346.0)	(150, 1195093.0)
SRR34661435	(35, 1300278.0)	(40, 2883498.0)	(45, 2881053.0)	(50, 3872846.0)	(55, 4164454.0)	(60, 7520880.0)	(65, 4032750.0)	(70, 6134670.0)	(75, 2303768.0)	(80, 2184794.0)	(85, 1358025.0)	(90, 1127169.0)	(95, 1264853.0)	(100, 1273550.0)	(105, 701960.0)	(110, 363686.0)	(115, 217140.0)	(120, 164015.0)	(125, 129223.0)	(130, 113585.0)	(135, 92377.0)	(140, 85520.0)	(145, 417051.0)	(150, 1558421.0)
SRR34661436	(35, 2462139.0)	(40, 2858088.0)	(45, 1802791.0)	(50, 2128008.0)	(55, 2243015.0)	(60, 4675101.0)	(65, 1849860.0)	(70, 3142556.0)	(75, 1115747.0)	(80, 1048562.0)	(85, 619268.0)	(90, 641915.0)	(95, 830199.0)	(100, 899635.0)	(105, 499122.0)	(110, 181718.0)	(115, 124117.0)	(120, 93047.0)	(125, 60149.0)	(130, 51977.0)	(135, 37633.0)	(140, 36568.0)	(145, 175594.0)	(150, 502793.0)
SRR34661437	(35, 1429700.0)	(40, 2873457.0)	(45, 2096013.0)	(50, 2860890.0)	(55, 2708061.0)	(60, 5267446.0)	(65, 1902113.0)	(70, 3336723.0)	(75, 1152371.0)	(80, 1146993.0)	(85, 622108.0)	(90, 576430.0)	(95, 745995.0)	(100, 974817.0)	(105, 568156.0)	(110, 225165.0)	(115, 146866.0)	(120, 112467.0)	(125, 81349.0)	(130, 68765.0)	(135, 58778.0)	(140, 63176.0)	(145, 322807.0)	(150, 1555585.0)
SRR34661438	(35, 1432071.0)	(40, 2434444.0)	(45, 1898717.0)	(50, 2736241.0)	(55, 3173282.0)	(60, 7269073.0)	(65, 2647492.0)	(70, 4728786.0)	(75, 1631048.0)	(80, 1755175.0)	(85, 907653.0)	(90, 656101.0)	(95, 578620.0)	(100, 806705.0)	(105, 398706.0)	(110, 258298.0)	(115, 141926.0)	(120, 110210.0)	(125, 90499.0)	(130, 78381.0)	(135, 74527.0)	(140, 80950.0)	(145, 438981.0)	(150, 2164897.0)
SRR34661439	(35, 1178079.0)	(40, 2091889.0)	(45, 1698928.0)	(50, 2962413.0)	(55, 2623608.0)	(60, 5314327.0)	(65, 1998842.0)	(70, 2949092.0)	(75, 1073912.0)	(80, 1016494.0)	(85, 578866.0)	(90, 567872.0)	(95, 806840.0)	(100, 926439.0)	(105, 554393.0)	(110, 215815.0)	(115, 161996.0)	(120, 122247.0)	(125, 75643.0)	(130, 61902.0)	(135, 50505.0)	(140, 52483.0)	(145, 290018.0)	(150, 1212021.0)
SRR34661440	(35, 1112239.0)	(40, 2199075.0)	(45, 1924008.0)	(50, 2879402.0)	(55, 2830402.0)	(60, 5922708.0)	(65, 2261960.0)	(70, 3606908.0)	(75, 1246837.0)	(80, 1249780.0)	(85, 693172.0)	(90, 684147.0)	(95, 696494.0)	(100, 824110.0)	(105, 369730.0)	(110, 169248.0)	(115, 98965.0)	(120, 79559.0)	(125, 58388.0)	(130, 50388.0)	(135, 42683.0)	(140, 41537.0)	(145, 181313.0)	(150, 648600.0)
SRR34661441	(35, 342569.0)	(40, 663240.0)	(45, 567737.0)	(50, 739729.0)	(55, 817878.0)	(60, 1619575.0)	(65, 865194.0)	(70, 1515322.0)	(75, 576496.0)	(80, 595725.0)	(85, 373166.0)	(90, 384307.0)	(95, 535068.0)	(100, 562851.0)	(105, 386873.0)	(110, 166129.0)	(115, 133921.0)	(120, 88846.0)	(125, 56951.0)	(130, 51662.0)	(135, 44619.0)	(140, 45395.0)	(145, 262798.0)	(150, 1150340.0)
SRR34661442	(35, 1263016.0)	(40, 2857535.0)	(45, 2250604.0)	(50, 2913941.0)	(55, 2744904.0)	(60, 5036273.0)	(65, 2518637.0)	(70, 4656826.0)	(75, 1495092.0)	(80, 1450507.0)	(85, 835309.0)	(90, 820907.0)	(95, 872631.0)	(100, 1296725.0)	(105, 545867.0)	(110, 224439.0)	(115, 130299.0)	(120, 107753.0)	(125, 77562.0)	(130, 66284.0)	(135, 58178.0)	(140, 60831.0)	(145, 305298.0)	(150, 1129630.0)
SRR34661443	(35, 1485242.0)	(40, 2891429.0)	(45, 1847864.0)	(50, 1819250.0)	(55, 2157532.0)	(60, 10565470.0)	(65, 1778026.0)	(70, 936065.0)	(75, 510669.0)	(80, 518995.0)	(85, 344124.0)	(90, 222184.0)	(95, 174496.0)	(100, 265892.0)	(105, 164462.0)	(110, 118896.0)	(115, 64035.0)	(120, 50142.0)	(125, 42823.0)	(130, 33444.0)	(135, 31432.0)	(140, 33600.0)	(145, 201677.0)	(150, 1244801.0)
