This is cutadapt 5.2 with Python 3.12.13
Command line parameters: --cores 8 --adapter AACTGTAGGCACCATCAAT --discard-untrimmed --quality-cutoff 20 --minimum-length 15 --maximum-length 55 --output data/trimmed/SRR34661422.trimmed.fastq.gz data/fastq/SRR34661422.fastq.gz
Processing single-end reads on 8 cores ...

=== Summary ===

Total reads processed:              14,093,716
Reads with adapters:                13,855,139 (98.3%)

== Read fate breakdown ==
Reads that were too short:           2,260,661 (16.0%)
Reads that were too long:            1,183,642 (8.4%)
Reads discarded as untrimmed:            1,451 (0.0%)
Reads written (passing filters):    10,647,962 (75.6%)

Total basepairs processed: 2,128,151,116 bp
Quality-trimmed:              18,483,301 bp (0.9%)
Total written (filtered):    307,028,971 bp (14.4%)

=== Adapter 1 ===

Sequence: AACTGTAGGCACCATCAAT; Type: regular 3'; Length: 19; Trimmed: 13855139 times

Minimum overlap: 3
No. of allowed errors:
1-9 bp: 0; 10-19 bp: 1

Bases preceding removed adapters:
  A: 20.0%
  C: 14.2%
  G: 41.1%
  T: 24.6%
  none/other: 0.0%

Overview of removed sequences
length	count	expect	max.err	error counts
3	705	220214.3	0	705
4	404	55053.6	0	404
5	304	13763.4	0	304
6	352	3440.8	0	352
7	259	860.2	0	259
8	263	215.1	0	263
9	436	53.8	0	435 1
10	422	13.4	1	407 15
11	355	3.4	1	343 12
12	395	0.8	1	366 29
13	610	0.2	1	565 45
14	472	0.1	1	435 37
15	588	0.0	1	555 33
16	617	0.0	1	557 60
17	691	0.0	1	669 22
18	1121	0.0	1	1072 49
19	1159	0.0	1	1104 55
20	685	0.0	1	632 53
21	1466	0.0	1	1401 65
22	1002	0.0	1	930 72
23	657	0.0	1	615 42
24	974	0.0	1	910 64
25	723	0.0	1	672 51
26	556	0.0	1	505 51
27	565	0.0	1	528 37
28	600	0.0	1	544 56
29	695	0.0	1	646 49
30	729	0.0	1	664 65
31	979	0.0	1	907 72
32	730	0.0	1	677 53
33	564	0.0	1	521 43
34	1213	0.0	1	1172 41
35	1003	0.0	1	961 42
36	1249	0.0	1	1157 92
37	1120	0.0	1	1074 46
38	940	0.0	1	891 49
39	905	0.0	1	867 38
40	936	0.0	1	890 46
41	1021	0.0	1	974 47
42	957	0.0	1	917 40
43	1046	0.0	1	1006 40
44	1253	0.0	1	1204 49
45	1165	0.0	1	1113 52
46	1128	0.0	1	1073 55
47	1236	0.0	1	1177 59
48	1247	0.0	1	1151 96
49	1208	0.0	1	1163 45
50	1530	0.0	1	1470 60
51	1718	0.0	1	1629 89
52	1824	0.0	1	1730 94
53	1716	0.0	1	1636 80
54	2370	0.0	1	2278 92
55	1616	0.0	1	1559 57
56	1817	0.0	1	1727 90
57	1736	0.0	1	1662 74
58	1983	0.0	1	1882 101
59	2454	0.0	1	2231 223
60	2751	0.0	1	2567 184
61	3240	0.0	1	3124 116
62	8489	0.0	1	8247 242
63	4179	0.0	1	3807 372
64	6978	0.0	1	6644 334
65	6345	0.0	1	5805 540
66	6093	0.0	1	5558 535
67	7329	0.0	1	6594 735
68	12297	0.0	1	11108 1189
69	7390	0.0	1	6916 474
70	10205	0.0	1	9685 520
71	11749	0.0	1	11151 598
72	22015	0.0	1	21130 885
73	26892	0.0	1	25688 1204
74	26850	0.0	1	25785 1065
75	48387	0.0	1	45431 2956
76	30345	0.0	1	28784 1561
77	62545	0.0	1	59631 2914
78	54031	0.0	1	51697 2334
79	441675	0.0	1	428554 13121
80	99716	0.0	1	96026 3690
81	64637	0.0	1	62362 2275
82	94984	0.0	1	92244 2740
83	41853	0.0	1	40502 1351
84	25567	0.0	1	24789 778
85	18774	0.0	1	18188 586
86	2692	0.0	1	2535 157
87	45564	0.0	1	43638 1926
88	4365	0.0	1	4116 249
89	27283	0.0	1	26409 874
90	75658	0.0	1	73542 2116
91	7204	0.0	1	6777 427
92	33298	0.0	1	32226 1072
93	33504	0.0	1	32569 935
94	8889	0.0	1	8563 326
95	27956	0.0	1	27071 885
96	67186	0.0	1	65438 1748
97	80608	0.0	1	78446 2162
98	14117	0.0	1	13651 466
99	3018	0.0	1	2856 162
100	11475	0.0	1	11002 473
101	26487	0.0	1	25714 773
102	28874	0.0	1	28178 696
103	9531	0.0	1	9231 300
104	7018	0.0	1	6618 400
105	31982	0.0	1	31058 924
106	65865	0.0	1	64128 1737
107	104682	0.0	1	101771 2911
108	178947	0.0	1	173942 5005
109	187439	0.0	1	181948 5491
110	204353	0.0	1	197299 7054
111	202867	0.0	1	196755 6112
112	86821	0.0	1	82600 4221
113	104050	0.0	1	100009 4041
114	205420	0.0	1	200324 5096
115	191142	0.0	1	185220 5922
116	178416	0.0	1	171911 6505
117	216482	0.0	1	210109 6373
118	213457	0.0	1	205429 8028
119	279473	0.0	1	271354 8119
120	532053	0.0	1	518280 13773
121	938980	0.0	1	915262 23718
122	706107	0.0	1	683887 22220
123	377537	0.0	1	361032 16505
124	333154	0.0	1	320582 12572
125	341830	0.0	1	330544 11286
126	342995	0.0	1	332126 10869
127	400890	0.0	1	388732 12158
128	461627	0.0	1	447198 14429
129	694145	0.0	1	675927 18218
130	363772	0.0	1	350730 13042
131	366551	0.0	1	354206 12345
132	416525	0.0	1	404639 11886
133	298714	0.0	1	288086 10628
134	292435	0.0	1	282929 9506
135	284530	0.0	1	275151 9379
136	304838	0.0	1	294315 10523
137	274290	0.0	1	264044 10246
138	267661	0.0	1	259050 8611
139	338612	0.0	1	328398 10214
140	432644	0.0	1	421153 11491
141	388614	0.0	1	375200 13414
142	187803	0.0	1	179471 8332
143	85065	0.0	1	80593 4472
144	81588	0.0	1	78867 2721
145	70487	0.0	1	68337 2150
146	51744	0.0	1	49800 1944
147	37271	0.0	1	35719 1552
148	7764	0.0	1	6600 1164
149	1956	0.0	1	732 1224
150	300	0.0	1	212 88
151	4749	0.0	1	4422 327
