This is cutadapt 5.2 with Python 3.12.13
Command line parameters: --cores 8 --adapter AACTGTAGGCACCATCAAT --discard-untrimmed --quality-cutoff 20 --minimum-length 15 --maximum-length 55 --output data/trimmed/SRR34661430.trimmed.fastq.gz data/fastq/SRR34661430.fastq.gz
Processing single-end reads on 8 cores ...

=== Summary ===

Total reads processed:              18,544,996
Reads with adapters:                18,272,181 (98.5%)

== Read fate breakdown ==
Reads that were too short:           1,688,816 (9.1%)
Reads that were too long:            2,942,840 (15.9%)
Reads discarded as untrimmed:           48,106 (0.3%)
Reads written (passing filters):    13,865,234 (74.8%)

Total basepairs processed: 1,198,959,541 bp
Quality-trimmed:               3,393,851 bp (0.3%)
Total written (filtered):    382,980,272 bp (31.9%)

=== Adapter 1 ===

Sequence: AACTGTAGGCACCATCAAT; Type: regular 3'; Length: 19; Trimmed: 18272181 times

Minimum overlap: 3
No. of allowed errors:
1-9 bp: 0; 10-19 bp: 1

Bases preceding removed adapters:
  A: 20.5%
  C: 23.2%
  G: 27.4%
  T: 28.8%
  none/other: 0.0%

Overview of removed sequences
length	count	expect	max.err	error counts
3	3892	289765.6	0	3892
4	1753	72441.4	0	1753
5	2370	18110.3	0	2370
6	2575	4527.6	0	2575
7	1111	1131.9	0	1111
8	1638	283.0	0	1638
9	3626	70.7	0	3616 10
10	2311	17.7	1	1983 328
11	2406	4.4	1	2221 185
12	3129	1.1	1	2852 277
13	4260	0.3	1	3945 315
14	3219	0.1	1	2961 258
15	5327	0.0	1	4979 348
16	2699	0.0	1	2457 242
17	3931	0.0	1	3608 323
18	7626	0.0	1	7097 529
19	7927	0.0	1	7387 540
20	6278	0.0	1	5776 502
21	8438	0.0	1	7803 635
22	4665	0.0	1	4135 530
23	3491	0.0	1	2978 513
24	5116	0.0	1	4432 684
25	5275	0.0	1	4396 879
26	6480	0.0	1	5197 1283
27	10372	0.0	1	8440 1932
28	19699	0.0	1	16258 3441
29	37704	0.0	1	30259 7445
30	347072	0.0	1	247595 99477
31	17312234	0.0	1	16882359 429875
32	375201	0.0	1	326144 49057
33	4299	0.0	1	3059 1240
34	2158	0.0	1	1444 714
35	1841	0.0	1	1254 587
36	2139	0.0	1	1473 666
37	2498	0.0	1	1743 755
38	2948	0.0	1	2007 941
39	1963	0.0	1	1255 708
40	2299	0.0	1	1567 732
41	2424	0.0	1	1692 732
42	1643	0.0	1	1181 462
43	694	0.0	1	509 185
44	223	0.0	1	138 85
45	136	0.0	1	65 71
46	152	0.0	1	85 67
47	159	0.0	1	85 74
48	188	0.0	1	90 98
49	231	0.0	1	118 113
50	176	0.0	1	95 81
51	160	0.0	1	79 81
52	130	0.0	1	64 66
53	239	0.0	1	124 115
54	158	0.0	1	84 74
55	174	0.0	1	80 94
56	163	0.0	1	77 86
57	181	0.0	1	97 84
58	157	0.0	1	80 77
59	230	0.0	1	109 121
60	227	0.0	1	105 122
61	315	0.0	1	161 154
62	231	0.0	1	100 131
63	237	0.0	1	105 132
64	183	0.0	1	96 87
65	226	0.0	1	102 124
66	334	0.0	1	173 161
67	159	0.0	1	82 77
68	310	0.0	1	171 139
69	368	0.0	1	198 170
70	458	0.0	1	230 228
71	705	0.0	1	377 328
72	517	0.0	1	260 257
73	627	0.0	1	318 309
74	708	0.0	1	361 347
75	898	0.0	1	454 444
76	1236	0.0	1	655 581
77	635	0.0	1	367 268
78	935	0.0	1	540 395
79	310	0.0	1	162 148
80	450	0.0	1	252 198
81	592	0.0	1	322 270
82	676	0.0	1	348 328
83	665	0.0	1	357 308
84	415	0.0	1	236 179
85	1089	0.0	1	620 469
86	758	0.0	1	419 339
87	629	0.0	1	366 263
88	769	0.0	1	435 334
89	448	0.0	1	263 185
90	423	0.0	1	240 183
91	355	0.0	1	193 162
92	362	0.0	1	208 154
93	250	0.0	1	132 118
94	231	0.0	1	148 83
95	389	0.0	1	204 185
96	449	0.0	1	258 191
97	428	0.0	1	259 169
98	449	0.0	1	255 194
99	1051	0.0	1	575 476
100	536	0.0	1	314 222
101	536	0.0	1	335 201
102	787	0.0	1	490 297
103	1066	0.0	1	700 366
104	1953	0.0	1	1427 526
105	4580	0.0	1	3373 1207
106	1815	0.0	1	1277 538
107	599	0.0	1	387 212
108	296	0.0	1	174 122
109	213	0.0	1	127 86
110	166	0.0	1	111 55
111	158	0.0	1	81 77
112	125	0.0	1	66 59
113	146	0.0	1	80 66
114	164	0.0	1	92 72
115	172	0.0	1	89 83
116	286	0.0	1	172 114
117	305	0.0	1	176 129
118	306	0.0	1	172 134
119	354	0.0	1	183 171
120	364	0.0	1	197 167
121	418	0.0	1	224 194
122	338	0.0	1	170 168
123	246	0.0	1	122 124
124	225	0.0	1	131 94
125	250	0.0	1	134 116
126	240	0.0	1	107 133
127	313	0.0	1	169 144
128	515	0.0	1	282 233
129	694	0.0	1	392 302
130	340	0.0	1	184 156
131	331	0.0	1	195 136
132	276	0.0	1	164 112
133	228	0.0	1	145 83
134	228	0.0	1	151 77
135	350	0.0	1	201 149
136	346	0.0	1	227 119
137	247	0.0	1	151 96
138	261	0.0	1	174 87
139	208	0.0	1	131 77
140	192	0.0	1	132 60
141	139	0.0	1	102 37
142	126	0.0	1	105 21
143	373	0.0	1	349 24
144	170	0.0	1	159 11
145	63	0.0	1	59 4
146	38	0.0	1	35 3
147	13	0.0	1	11 2
148	1	0.0	1	1
