This is cutadapt 5.2 with Python 3.12.13
Command line parameters: --cores 8 --adapter AACTGTAGGCACCATCAAT --discard-untrimmed --quality-cutoff 20 --minimum-length 15 --maximum-length 55 --output data/trimmed/SRR34661423.trimmed.fastq.gz data/fastq/SRR34661423.fastq.gz
Processing single-end reads on 8 cores ...

=== Summary ===

Total reads processed:              10,327,614
Reads with adapters:                 9,974,212 (96.6%)

== Read fate breakdown ==
Reads that were too short:           1,578,900 (15.3%)
Reads that were too long:            1,652,696 (16.0%)
Reads discarded as untrimmed:            2,069 (0.0%)
Reads written (passing filters):     7,093,949 (68.7%)

Total basepairs processed: 1,559,469,714 bp
Quality-trimmed:              15,540,533 bp (1.0%)
Total written (filtered):    203,233,859 bp (13.0%)

=== Adapter 1 ===

Sequence: AACTGTAGGCACCATCAAT; Type: regular 3'; Length: 19; Trimmed: 9974212 times

Minimum overlap: 3
No. of allowed errors:
1-9 bp: 0; 10-19 bp: 1

Bases preceding removed adapters:
  A: 22.4%
  C: 14.5%
  G: 39.4%
  T: 23.5%
  none/other: 0.3%

Overview of removed sequences
length	count	expect	max.err	error counts
3	1089	161369.0	0	1089
4	679	40342.2	0	679
5	307	10085.6	0	307
6	461	2521.4	0	461
7	307	630.3	0	307
8	273	157.6	0	273
9	549	39.4	0	549
10	707	9.8	1	684 23
11	500	2.5	1	480 20
12	487	0.6	1	454 33
13	791	0.2	1	713 78
14	814	0.0	1	775 39
15	836	0.0	1	788 48
16	717	0.0	1	646 71
17	1018	0.0	1	960 58
18	1348	0.0	1	1286 62
19	1753	0.0	1	1683 70
20	820	0.0	1	746 74
21	1862	0.0	1	1758 104
22	936	0.0	1	863 73
23	750	0.0	1	681 69
24	1150	0.0	1	1089 61
25	1119	0.0	1	1054 65
26	668	0.0	1	576 92
27	535	0.0	1	458 77
28	493	0.0	1	436 57
29	562	0.0	1	488 74
30	601	0.0	1	527 74
31	752	0.0	1	662 90
32	519	0.0	1	470 49
33	492	0.0	1	442 50
34	978	0.0	1	922 56
35	926	0.0	1	866 60
36	1142	0.0	1	992 150
37	952	0.0	1	878 74
38	961	0.0	1	880 81
39	767	0.0	1	720 47
40	738	0.0	1	677 61
41	854	0.0	1	788 66
42	791	0.0	1	748 43
43	816	0.0	1	778 38
44	1023	0.0	1	960 63
45	828	0.0	1	779 49
46	980	0.0	1	891 89
47	1092	0.0	1	1001 91
48	1089	0.0	1	961 128
49	1040	0.0	1	985 55
50	1986	0.0	1	1886 100
51	1957	0.0	1	1847 110
52	1772	0.0	1	1669 103
53	1592	0.0	1	1521 71
54	1915	0.0	1	1860 55
55	1187	0.0	1	1131 56
56	1330	0.0	1	1258 72
57	1303	0.0	1	1250 53
58	1722	0.0	1	1596 126
59	2277	0.0	1	2062 215
60	2702	0.0	1	2492 210
61	3883	0.0	1	3729 154
62	12359	0.0	1	11974 385
63	4823	0.0	1	4460 363
64	11708	0.0	1	11297 411
65	6827	0.0	1	6480 347
66	5210	0.0	1	4833 377
67	4646	0.0	1	4265 381
68	5940	0.0	1	5533 407
69	7864	0.0	1	7424 440
70	10242	0.0	1	9673 569
71	13892	0.0	1	12941 951
72	37025	0.0	1	35717 1308
73	45334	0.0	1	43669 1665
74	37801	0.0	1	36333 1468
75	62896	0.0	1	59228 3668
76	41491	0.0	1	39788 1703
77	76956	0.0	1	73595 3361
78	82231	0.0	1	79379 2852
79	246806	0.0	1	239199 7607
80	188966	0.0	1	182871 6095
81	251398	0.0	1	243946 7452
82	87285	0.0	1	84426 2859
83	74544	0.0	1	72246 2298
84	45202	0.0	1	43773 1429
85	15696	0.0	1	15090 606
86	9807	0.0	1	9354 453
87	22310	0.0	1	21386 924
88	7734	0.0	1	7310 424
89	32965	0.0	1	31981 984
90	67035	0.0	1	65248 1787
91	14996	0.0	1	14176 820
92	22256	0.0	1	21446 810
93	25747	0.0	1	24988 759
94	15598	0.0	1	15075 523
95	17234	0.0	1	16646 588
96	34130	0.0	1	33116 1014
97	55271	0.0	1	53806 1465
98	28440	0.0	1	27731 709
99	1957	0.0	1	1851 106
100	1028	0.0	1	953 75
101	3908	0.0	1	3748 160
102	6915	0.0	1	6673 242
103	3986	0.0	1	3821 165
104	7273	0.0	1	6904 369
105	24992	0.0	1	24287 705
106	49359	0.0	1	48129 1230
107	68216	0.0	1	66290 1926
108	129146	0.0	1	125675 3471
109	128522	0.0	1	124928 3594
110	155381	0.0	1	150676 4705
111	131680	0.0	1	127625 4055
112	59210	0.0	1	56062 3148
113	75149	0.0	1	72327 2822
114	168545	0.0	1	164307 4238
115	151922	0.0	1	147108 4814
116	133372	0.0	1	128730 4642
117	149890	0.0	1	145452 4438
118	145947	0.0	1	140515 5432
119	190206	0.0	1	184666 5540
120	324339	0.0	1	315724 8615
121	553283	0.0	1	539299 13984
122	427000	0.0	1	413815 13185
123	218761	0.0	1	209896 8865
124	200266	0.0	1	192439 7827
125	187470	0.0	1	180670 6800
126	192918	0.0	1	186582 6336
127	232837	0.0	1	225945 6892
128	291141	0.0	1	282739 8402
129	465327	0.0	1	453089 12238
130	246390	0.0	1	237469 8921
131	256006	0.0	1	247293 8713
132	365961	0.0	1	355781 10180
133	232264	0.0	1	223658 8606
134	217154	0.0	1	210063 7091
135	215136	0.0	1	207862 7274
136	215815	0.0	1	208065 7750
137	198402	0.0	1	190699 7703
138	178818	0.0	1	172679 6139
139	217782	0.0	1	210941 6841
140	233097	0.0	1	226167 6930
141	210732	0.0	1	203298 7434
142	123585	0.0	1	118758 4827
143	71121	0.0	1	68039 3082
144	77027	0.0	1	74726 2301
145	73550	0.0	1	71322 2228
146	61280	0.0	1	59412 1868
147	56306	0.0	1	54307 1999
148	17607	0.0	1	15856 1751
149	5328	0.0	1	3196 2132
150	2341	0.0	1	2030 311
151	25401	0.0	1	23362 2039
