This is cutadapt 5.2 with Python 3.12.13
Command line parameters: --cores 8 --adapter AACTGTAGGCACCATCAAT --discard-untrimmed --quality-cutoff 20 --minimum-length 15 --maximum-length 55 --output data/trimmed/SRR34661442.trimmed.fastq.gz data/fastq/SRR34661442.fastq.gz
Processing single-end reads on 8 cores ...

=== Summary ===

Total reads processed:              33,719,048
Reads with adapters:                32,170,627 (95.4%)

== Read fate breakdown ==
Reads that were too short:           4,329,123 (12.8%)
Reads that were too long:            6,302,347 (18.7%)
Reads discarded as untrimmed:          389,174 (1.2%)
Reads written (passing filters):    22,698,404 (67.3%)

Total basepairs processed: 2,355,593,099 bp
Quality-trimmed:               2,791,993 bp (0.1%)
Total written (filtered):    753,823,283 bp (32.0%)

=== Adapter 1 ===

Sequence: AACTGTAGGCACCATCAAT; Type: regular 3'; Length: 19; Trimmed: 32170627 times

Minimum overlap: 3
No. of allowed errors:
1-9 bp: 0; 10-19 bp: 1

Bases preceding removed adapters:
  A: 34.8%
  C: 16.1%
  G: 26.4%
  T: 22.6%
  none/other: 0.1%

Overview of removed sequences
length	count	expect	max.err	error counts
3	18736	526860.1	0	18736
4	11925	131715.0	0	11925
5	6000	32928.8	0	6000
6	16977	8232.2	0	16977
7	183	2058.0	0	183
8	387	514.5	0	387
9	6470	128.6	0	6459 11
10	11275	32.2	1	10894 381
11	42	8.0	1	22 20
12	7904	2.0	1	7584 320
13	14980	0.5	1	14495 485
14	463	0.1	1	357 106
15	6791	0.0	1	6531 260
16	21377	0.0	1	20486 891
17	10677	0.0	1	10247 430
18	567	0.0	1	387 180
19	11142	0.0	1	10636 506
20	16064	0.0	1	15380 684
21	10708	0.0	1	10204 504
22	7125	0.0	1	6691 434
23	7568	0.0	1	7011 557
24	7271	0.0	1	6621 650
25	8356	0.0	1	7366 990
26	12917	0.0	1	11380 1537
27	21101	0.0	1	18489 2612
28	43038	0.0	1	37482 5556
29	110436	0.0	1	94556 15880
30	805372	0.0	1	626196 179176
31	30804917	0.0	1	29945810 859107
32	129613	0.0	1	89895 39718
33	1010	0.0	1	822 188
34	359	0.0	1	319 40
35	240	0.0	1	203 37
36	369	0.0	1	312 57
37	227	0.0	1	193 34
38	214	0.0	1	174 40
39	311	0.0	1	256 55
40	64	0.0	1	46 18
41	50	0.0	1	36 14
42	29	0.0	1	22 7
43	48	0.0	1	32 16
44	84	0.0	1	66 18
45	41	0.0	1	30 11
46	69	0.0	1	49 20
47	102	0.0	1	37 65
48	87	0.0	1	47 40
49	72	0.0	1	52 20
50	45	0.0	1	36 9
51	45	0.0	1	28 17
52	57	0.0	1	44 13
53	82	0.0	1	61 21
54	65	0.0	1	43 22
55	75	0.0	1	40 35
56	45	0.0	1	30 15
57	29	0.0	1	15 14
58	106	0.0	1	54 52
59	145	0.0	1	72 73
60	44	0.0	1	29 15
61	55	0.0	1	41 14
62	65	0.0	1	35 30
63	79	0.0	1	38 41
64	75	0.0	1	30 45
65	181	0.0	1	87 94
66	115	0.0	1	63 52
67	61	0.0	1	32 29
68	127	0.0	1	65 62
69	101	0.0	1	50 51
70	141	0.0	1	72 69
71	182	0.0	1	107 75
72	327	0.0	1	173 154
73	518	0.0	1	282 236
74	664	0.0	1	337 327
75	512	0.0	1	267 245
76	712	0.0	1	378 334
77	506	0.0	1	295 211
78	1101	0.0	1	612 489
79	556	0.0	1	296 260
80	488	0.0	1	281 207
81	396	0.0	1	215 181
82	786	0.0	1	435 351
83	320	0.0	1	165 155
84	311	0.0	1	190 121
85	487	0.0	1	247 240
86	304	0.0	1	158 146
87	295	0.0	1	163 132
88	213	0.0	1	120 93
89	316	0.0	1	174 142
90	307	0.0	1	146 161
91	257	0.0	1	136 121
92	296	0.0	1	176 120
93	201	0.0	1	107 94
94	165	0.0	1	95 70
95	256	0.0	1	136 120
96	408	0.0	1	192 216
97	356	0.0	1	183 173
98	282	0.0	1	147 135
99	411	0.0	1	199 212
100	567	0.0	1	285 282
101	650	0.0	1	361 289
102	431	0.0	1	225 206
103	337	0.0	1	172 165
104	276	0.0	1	141 135
105	373	0.0	1	210 163
106	560	0.0	1	304 256
107	923	0.0	1	519 404
108	863	0.0	1	507 356
109	809	0.0	1	437 372
110	889	0.0	1	519 370
111	339	0.0	1	185 154
112	384	0.0	1	207 177
113	413	0.0	1	234 179
114	463	0.0	1	258 205
115	534	0.0	1	295 239
116	575	0.0	1	346 229
117	491	0.0	1	264 227
118	694	0.0	1	413 281
119	947	0.0	1	558 389
120	1282	0.0	1	768 514
121	849	0.0	1	523 326
122	543	0.0	1	318 225
123	497	0.0	1	285 212
124	472	0.0	1	299 173
125	408	0.0	1	243 165
126	511	0.0	1	295 216
127	566	0.0	1	346 220
128	651	0.0	1	412 239
129	427	0.0	1	266 161
130	380	0.0	1	256 124
131	398	0.0	1	262 136
132	356	0.0	1	228 128
133	306	0.0	1	198 108
134	297	0.0	1	200 97
135	397	0.0	1	270 127
136	397	0.0	1	272 125
137	350	0.0	1	249 101
138	442	0.0	1	307 135
139	623	0.0	1	452 171
140	405	0.0	1	291 114
141	301	0.0	1	214 87
142	177	0.0	1	141 36
143	131	0.0	1	89 42
144	74	0.0	1	50 24
145	80	0.0	1	62 18
146	54	0.0	1	37 17
147	54	0.0	1	35 19
148	229	0.0	1	174 55
149	6	0.0	1	4 2
150	17	0.0	1	10 7
