This is cutadapt 5.2 with Python 3.12.13
Command line parameters: --cores 8 --adapter AACTGTAGGCACCATCAAT --discard-untrimmed --quality-cutoff 20 --minimum-length 15 --maximum-length 55 --output data/trimmed/SRR34661441.trimmed.fastq.gz data/fastq/SRR34661441.fastq.gz
Processing single-end reads on 8 cores ...

=== Summary ===

Total reads processed:              12,546,391
Reads with adapters:                11,136,000 (88.8%)

== Read fate breakdown ==
Reads that were too short:             994,554 (7.9%)
Reads that were too long:            4,194,582 (33.4%)
Reads discarded as untrimmed:          207,420 (1.7%)
Reads written (passing filters):     7,149,835 (57.0%)

Total basepairs processed: 1,014,232,646 bp
Quality-trimmed:               1,151,579 bp (0.1%)
Total written (filtered):    247,543,547 bp (24.4%)

=== Adapter 1 ===

Sequence: AACTGTAGGCACCATCAAT; Type: regular 3'; Length: 19; Trimmed: 11136000 times

Minimum overlap: 3
No. of allowed errors:
1-9 bp: 0; 10-19 bp: 1

Bases preceding removed adapters:
  A: 34.6%
  C: 16.3%
  G: 26.6%
  T: 22.5%
  none/other: 0.1%

Overview of removed sequences
length	count	expect	max.err	error counts
3	14814	196037.4	0	14814
4	12380	49009.3	0	12380
5	5807	12252.3	0	5807
6	17999	3063.1	0	17999
7	146	765.8	0	146
8	378	191.4	0	378
9	6157	47.9	0	6134 23
10	10843	12.0	1	10439 404
11	64	3.0	1	33 31
12	9157	0.7	1	8817 340
13	15987	0.2	1	15438 549
14	507	0.0	1	402 105
15	6844	0.0	1	6558 286
16	23195	0.0	1	22289 906
17	12339	0.0	1	11868 471
18	579	0.0	1	391 188
19	13510	0.0	1	12950 560
20	19218	0.0	1	18471 747
21	11656	0.0	1	11045 611
22	7499	0.0	1	7047 452
23	7566	0.0	1	7130 436
24	7091	0.0	1	6588 503
25	6599	0.0	1	6066 533
26	8578	0.0	1	7813 765
27	12066	0.0	1	10902 1164
28	21592	0.0	1	19242 2350
29	51237	0.0	1	44934 6303
30	304645	0.0	1	242128 62517
31	10465685	0.0	1	10088748 376937
32	43747	0.0	1	30631 13116
33	392	0.0	1	323 69
34	126	0.0	1	106 20
35	147	0.0	1	122 25
36	249	0.0	1	212 37
37	164	0.0	1	127 37
38	163	0.0	1	136 27
39	180	0.0	1	146 34
40	37	0.0	1	27 10
41	19	0.0	1	14 5
42	28	0.0	1	18 10
43	44	0.0	1	24 20
44	64	0.0	1	39 25
45	31	0.0	1	21 10
46	68	0.0	1	46 22
47	81	0.0	1	33 48
48	90	0.0	1	60 30
49	43	0.0	1	27 16
50	41	0.0	1	34 7
51	20	0.0	1	15 5
52	36	0.0	1	22 14
53	59	0.0	1	40 19
54	45	0.0	1	31 14
55	47	0.0	1	29 18
56	46	0.0	1	31 15
57	25	0.0	1	10 15
58	91	0.0	1	56 35
59	89	0.0	1	44 45
60	44	0.0	1	25 19
61	29	0.0	1	18 11
62	48	0.0	1	24 24
63	100	0.0	1	54 46
64	43	0.0	1	26 17
65	83	0.0	1	39 44
66	51	0.0	1	28 23
67	155	0.0	1	78 77
68	105	0.0	1	63 42
69	312	0.0	1	166 146
70	176	0.0	1	95 81
71	310	0.0	1	157 153
72	66	0.0	1	38 28
73	76	0.0	1	26 50
74	282	0.0	1	134 148
75	266	0.0	1	139 127
76	282	0.0	1	145 137
77	330	0.0	1	178 152
78	370	0.0	1	186 184
79	217	0.0	1	123 94
80	282	0.0	1	147 135
81	203	0.0	1	112 91
82	452	0.0	1	228 224
83	184	0.0	1	108 76
84	221	0.0	1	142 79
85	306	0.0	1	161 145
86	169	0.0	1	85 84
87	215	0.0	1	121 94
88	145	0.0	1	78 67
89	181	0.0	1	100 81
90	198	0.0	1	90 108
91	129	0.0	1	68 61
92	166	0.0	1	97 69
93	120	0.0	1	63 57
94	100	0.0	1	58 42
95	176	0.0	1	88 88
96	224	0.0	1	130 94
97	196	0.0	1	98 98
98	149	0.0	1	67 82
99	220	0.0	1	106 114
100	276	0.0	1	138 138
101	315	0.0	1	158 157
102	172	0.0	1	82 90
103	121	0.0	1	72 49
104	123	0.0	1	61 62
105	145	0.0	1	73 72
106	199	0.0	1	109 90
107	357	0.0	1	210 147
108	341	0.0	1	186 155
109	330	0.0	1	181 149
110	343	0.0	1	204 139
111	139	0.0	1	61 78
112	145	0.0	1	90 55
113	168	0.0	1	87 81
114	198	0.0	1	108 90
115	232	0.0	1	140 92
116	185	0.0	1	113 72
117	183	0.0	1	92 91
118	259	0.0	1	148 111
119	368	0.0	1	215 153
120	503	0.0	1	295 208
121	334	0.0	1	193 141
122	180	0.0	1	96 84
123	169	0.0	1	102 67
124	169	0.0	1	101 68
125	146	0.0	1	99 47
126	164	0.0	1	104 60
127	166	0.0	1	109 57
128	189	0.0	1	127 62
129	122	0.0	1	74 48
130	128	0.0	1	75 53
131	115	0.0	1	71 44
132	110	0.0	1	70 40
133	98	0.0	1	56 42
134	104	0.0	1	69 35
135	128	0.0	1	87 41
136	100	0.0	1	65 35
137	82	0.0	1	52 30
138	111	0.0	1	73 38
139	164	0.0	1	115 49
140	102	0.0	1	64 38
141	80	0.0	1	58 22
142	56	0.0	1	33 23
143	40	0.0	1	28 12
144	21	0.0	1	12 9
145	12	0.0	1	6 6
146	15	0.0	1	9 6
147	18	0.0	1	12 6
148	77	0.0	1	49 28
149	2	0.0	1	2
150	5	0.0	1	3 2
