This is cutadapt 5.2 with Python 3.12.13
Command line parameters: --cores 8 --adapter AACTGTAGGCACCATCAAT --discard-untrimmed --quality-cutoff 20 --minimum-length 15 --maximum-length 55 --output data/trimmed/SRR34661417.trimmed.fastq.gz data/fastq/SRR34661417.fastq.gz
Processing single-end reads on 8 cores ...

=== Summary ===

Total reads processed:              12,551,059
Reads with adapters:                12,301,282 (98.0%)

== Read fate breakdown ==
Reads that were too short:           2,142,402 (17.1%)
Reads that were too long:            1,480,832 (11.8%)
Reads discarded as untrimmed:            3,053 (0.0%)
Reads written (passing filters):     8,924,772 (71.1%)

Total basepairs processed: 1,895,209,909 bp
Quality-trimmed:              18,066,350 bp (1.0%)
Total written (filtered):    255,320,123 bp (13.5%)

=== Adapter 1 ===

Sequence: AACTGTAGGCACCATCAAT; Type: regular 3'; Length: 19; Trimmed: 12301282 times

Minimum overlap: 3
No. of allowed errors:
1-9 bp: 0; 10-19 bp: 1

Bases preceding removed adapters:
  A: 19.9%
  C: 14.7%
  G: 42.2%
  T: 23.1%
  none/other: 0.0%

Overview of removed sequences
length	count	expect	max.err	error counts
3	890	196110.3	0	890
4	543	49027.6	0	543
5	311	12256.9	0	311
6	520	3064.2	0	520
7	317	766.1	0	317
8	298	191.5	0	298
9	574	47.9	0	574
10	682	12.0	1	655 27
11	405	3.0	1	380 25
12	464	0.7	1	440 24
13	937	0.2	1	847 90
14	771	0.0	1	724 47
15	797	0.0	1	760 37
16	850	0.0	1	777 73
17	1006	0.0	1	930 76
18	1405	0.0	1	1319 86
19	1802	0.0	1	1703 99
20	955	0.0	1	869 86
21	1823	0.0	1	1677 146
22	989	0.0	1	876 113
23	868	0.0	1	761 107
24	1183	0.0	1	1082 101
25	1155	0.0	1	1039 116
26	739	0.0	1	625 114
27	686	0.0	1	595 91
28	612	0.0	1	542 70
29	633	0.0	1	575 58
30	671	0.0	1	606 65
31	883	0.0	1	793 90
32	707	0.0	1	621 86
33	519	0.0	1	476 43
34	1014	0.0	1	970 44
35	909	0.0	1	829 80
36	1132	0.0	1	992 140
37	1085	0.0	1	991 94
38	1057	0.0	1	1001 56
39	864	0.0	1	790 74
40	972	0.0	1	891 81
41	880	0.0	1	830 50
42	850	0.0	1	802 48
43	913	0.0	1	876 37
44	1136	0.0	1	1059 77
45	954	0.0	1	905 49
46	1142	0.0	1	1028 114
47	1078	0.0	1	979 99
48	1066	0.0	1	980 86
49	1045	0.0	1	991 54
50	1784	0.0	1	1696 88
51	1870	0.0	1	1779 91
52	2041	0.0	1	1901 140
53	1758	0.0	1	1667 91
54	2363	0.0	1	2271 92
55	1381	0.0	1	1306 75
56	1514	0.0	1	1428 86
57	1510	0.0	1	1442 68
58	1798	0.0	1	1701 97
59	2381	0.0	1	2162 219
60	2938	0.0	1	2741 197
61	4339	0.0	1	4180 159
62	12945	0.0	1	12591 354
63	4306	0.0	1	3987 319
64	12343	0.0	1	11995 348
65	7118	0.0	1	6808 310
66	4808	0.0	1	4519 289
67	4204	0.0	1	3928 276
68	6651	0.0	1	6041 610
69	10359	0.0	1	9366 993
70	10733	0.0	1	10084 649
71	12263	0.0	1	11662 601
72	36572	0.0	1	34937 1635
73	45833	0.0	1	43564 2269
74	43595	0.0	1	41568 2027
75	68823	0.0	1	63902 4921
76	45155	0.0	1	42834 2321
77	119714	0.0	1	115063 4651
78	26894	0.0	1	25415 1479
79	128432	0.0	1	122858 5574
80	451438	0.0	1	438474 12964
81	91872	0.0	1	88611 3261
82	118239	0.0	1	114744 3495
83	62581	0.0	1	60615 1966
84	25818	0.0	1	24970 848
85	42296	0.0	1	41131 1165
86	3357	0.0	1	3057 300
87	41800	0.0	1	40168 1632
88	4006	0.0	1	3739 267
89	31575	0.0	1	30505 1070
90	86232	0.0	1	83622 2610
91	6402	0.0	1	5971 431
92	33535	0.0	1	32377 1158
93	15570	0.0	1	15034 536
94	4759	0.0	1	4535 224
95	18464	0.0	1	17731 733
96	40614	0.0	1	39485 1129
97	23158	0.0	1	22436 722
98	1693	0.0	1	1561 132
99	9326	0.0	1	9015 311
100	18602	0.0	1	17951 651
101	28435	0.0	1	27637 798
102	26404	0.0	1	25702 702
103	7044	0.0	1	6768 276
104	5149	0.0	1	4872 277
105	24331	0.0	1	23623 708
106	53376	0.0	1	51904 1472
107	86001	0.0	1	83527 2474
108	159511	0.0	1	155081 4430
109	157973	0.0	1	153205 4768
110	183279	0.0	1	176873 6406
111	158823	0.0	1	153747 5076
112	68850	0.0	1	65345 3505
113	84902	0.0	1	81513 3389
114	177060	0.0	1	172568 4492
115	156230	0.0	1	151013 5217
116	146653	0.0	1	141074 5579
117	195871	0.0	1	189851 6020
118	190878	0.0	1	182812 8066
119	243900	0.0	1	236055 7845
120	420664	0.0	1	408686 11978
121	795470	0.0	1	775410 20060
122	594794	0.0	1	576295 18499
123	300036	0.0	1	286939 13097
124	255160	0.0	1	245619 9541
125	249499	0.0	1	240957 8542
126	257086	0.0	1	249153 7933
127	308066	0.0	1	298862 9204
128	376425	0.0	1	364895 11530
129	578111	0.0	1	563312 14799
130	298215	0.0	1	287458 10757
131	306171	0.0	1	295918 10253
132	427823	0.0	1	416117 11706
133	276600	0.0	1	266224 10376
134	260075	0.0	1	251683 8392
135	261290	0.0	1	252586 8704
136	271696	0.0	1	262296 9400
137	243185	0.0	1	233976 9209
138	248178	0.0	1	240267 7911
139	320118	0.0	1	310367 9751
140	400513	0.0	1	389446 11067
141	365004	0.0	1	352684 12320
142	187953	0.0	1	180162 7791
143	91662	0.0	1	87288 4374
144	83779	0.0	1	81151 2628
145	70909	0.0	1	68673 2236
146	47656	0.0	1	45992 1664
147	38888	0.0	1	37147 1741
148	8412	0.0	1	7041 1371
149	1890	0.0	1	701 1189
150	188	0.0	1	140 48
151	2242	0.0	1	2085 157
