This is cutadapt 5.2 with Python 3.12.13
Command line parameters: --cores 8 --adapter AACTGTAGGCACCATCAAT --discard-untrimmed --quality-cutoff 20 --minimum-length 15 --maximum-length 55 --output data/trimmed/SRR34661420.trimmed.fastq.gz data/fastq/SRR34661420.fastq.gz
Processing single-end reads on 8 cores ...

=== Summary ===

Total reads processed:              12,322,177
Reads with adapters:                12,063,658 (97.9%)

== Read fate breakdown ==
Reads that were too short:           2,223,448 (18.0%)
Reads that were too long:            1,373,174 (11.1%)
Reads discarded as untrimmed:            2,137 (0.0%)
Reads written (passing filters):     8,723,418 (70.8%)

Total basepairs processed: 1,860,648,727 bp
Quality-trimmed:              14,807,416 bp (0.8%)
Total written (filtered):    244,413,718 bp (13.1%)

=== Adapter 1 ===

Sequence: AACTGTAGGCACCATCAAT; Type: regular 3'; Length: 19; Trimmed: 12063658 times

Minimum overlap: 3
No. of allowed errors:
1-9 bp: 0; 10-19 bp: 1

Bases preceding removed adapters:
  A: 22.2%
  C: 13.1%
  G: 42.6%
  T: 22.1%
  none/other: 0.0%

Overview of removed sequences
length	count	expect	max.err	error counts
3	835	192534.0	0	835
4	508	48133.5	0	508
5	235	12033.4	0	235
6	374	3008.3	0	374
7	288	752.1	0	288
8	246	188.0	0	246
9	432	47.0	0	432
10	454	11.8	1	437 17
11	391	2.9	1	375 16
12	402	0.7	1	378 24
13	751	0.2	1	697 54
14	563	0.0	1	519 44
15	670	0.0	1	634 36
16	634	0.0	1	569 65
17	731	0.0	1	676 55
18	964	0.0	1	916 48
19	1325	0.0	1	1250 75
20	675	0.0	1	590 85
21	1516	0.0	1	1429 87
22	752	0.0	1	683 69
23	627	0.0	1	573 54
24	969	0.0	1	913 56
25	910	0.0	1	848 62
26	537	0.0	1	481 56
27	490	0.0	1	418 72
28	476	0.0	1	418 58
29	640	0.0	1	563 77
30	564	0.0	1	486 78
31	768	0.0	1	668 100
32	606	0.0	1	535 71
33	473	0.0	1	425 48
34	872	0.0	1	829 43
35	845	0.0	1	785 60
36	972	0.0	1	843 129
37	858	0.0	1	794 64
38	799	0.0	1	744 55
39	714	0.0	1	666 48
40	818	0.0	1	763 55
41	724	0.0	1	686 38
42	704	0.0	1	652 52
43	758	0.0	1	737 21
44	920	0.0	1	865 55
45	818	0.0	1	770 48
46	920	0.0	1	851 69
47	1034	0.0	1	965 69
48	952	0.0	1	872 80
49	960	0.0	1	916 44
50	1567	0.0	1	1488 79
51	1566	0.0	1	1465 101
52	1595	0.0	1	1472 123
53	1633	0.0	1	1549 84
54	2232	0.0	1	2155 77
55	1197	0.0	1	1146 51
56	1328	0.0	1	1239 89
57	1343	0.0	1	1259 84
58	1608	0.0	1	1519 89
59	2094	0.0	1	1892 202
60	2468	0.0	1	2290 178
61	3807	0.0	1	3635 172
62	12750	0.0	1	12367 383
63	4209	0.0	1	3797 412
64	9694	0.0	1	9337 357
65	6410	0.0	1	5967 443
66	3982	0.0	1	3766 216
67	4047	0.0	1	3753 294
68	9265	0.0	1	8163 1102
69	9663	0.0	1	8795 868
70	8464	0.0	1	7850 614
71	10810	0.0	1	10238 572
72	27063	0.0	1	26062 1001
73	39960	0.0	1	38084 1876
74	36215	0.0	1	34609 1606
75	65108	0.0	1	60654 4454
76	37369	0.0	1	35446 1923
77	103182	0.0	1	99277 3905
78	21630	0.0	1	20531 1099
79	76714	0.0	1	72968 3746
80	322299	0.0	1	312287 10012
81	65800	0.0	1	63146 2654
82	142751	0.0	1	138504 4247
83	47501	0.0	1	45951 1550
84	19553	0.0	1	18804 749
85	71908	0.0	1	69954 1954
86	4078	0.0	1	3740 338
87	54745	0.0	1	52215 2530
88	5127	0.0	1	4812 315
89	30290	0.0	1	29180 1110
90	105110	0.0	1	101751 3359
91	7850	0.0	1	7405 445
92	45040	0.0	1	43613 1427
93	18799	0.0	1	18170 629
94	4583	0.0	1	4372 211
95	18455	0.0	1	17727 728
96	58390	0.0	1	56705 1685
97	30315	0.0	1	29418 897
98	1636	0.0	1	1489 147
99	14463	0.0	1	14076 387
100	21908	0.0	1	21160 748
101	34650	0.0	1	33643 1007
102	32772	0.0	1	31867 905
103	7858	0.0	1	7557 301
104	4579	0.0	1	4313 266
105	23736	0.0	1	23009 727
106	51391	0.0	1	50028 1363
107	79117	0.0	1	76717 2400
108	167382	0.0	1	162695 4687
109	170978	0.0	1	166119 4859
110	169093	0.0	1	162931 6162
111	171350	0.0	1	166044 5306
112	67976	0.0	1	64008 3968
113	78441	0.0	1	74840 3601
114	122932	0.0	1	119512 3420
115	136087	0.0	1	131766 4321
116	131555	0.0	1	126126 5429
117	160763	0.0	1	155472 5291
118	162690	0.0	1	156051 6639
119	198899	0.0	1	192218 6681
120	356055	0.0	1	345451 10604
121	639618	0.0	1	622367 17251
122	509480	0.0	1	492538 16942
123	268119	0.0	1	256118 12001
124	242746	0.0	1	233053 9693
125	237646	0.0	1	229196 8450
126	267232	0.0	1	258851 8381
127	329014	0.0	1	318825 10189
128	416630	0.0	1	403534 13096
129	699621	0.0	1	680615 19006
130	348010	0.0	1	335125 12885
131	343516	0.0	1	331371 12145
132	430850	0.0	1	418000 12850
133	306843	0.0	1	295228 11615
134	281461	0.0	1	271820 9641
135	284622	0.0	1	274731 9891
136	304209	0.0	1	293329 10880
137	281702	0.0	1	270921 10781
138	271759	0.0	1	262296 9463
139	356521	0.0	1	345383 11138
140	403653	0.0	1	391901 11752
141	367082	0.0	1	354272 12810
142	189664	0.0	1	181057 8607
143	82504	0.0	1	78034 4470
144	76209	0.0	1	73663 2546
145	65717	0.0	1	63479 2238
146	44652	0.0	1	43029 1623
147	38791	0.0	1	37061 1730
148	7763	0.0	1	6464 1299
149	2255	0.0	1	1014 1241
150	263	0.0	1	197 66
151	4154	0.0	1	3800 354
