This is cutadapt 5.2 with Python 3.12.13
Command line parameters: --cores 8 --adapter AACTGTAGGCACCATCAAT --discard-untrimmed --quality-cutoff 20 --minimum-length 15 --maximum-length 55 --output data/trimmed/SRR34661416.trimmed.fastq.gz data/fastq/SRR34661416.fastq.gz
Processing single-end reads on 8 cores ...

=== Summary ===

Total reads processed:              12,196,040
Reads with adapters:                11,922,094 (97.8%)

== Read fate breakdown ==
Reads that were too short:           1,753,681 (14.4%)
Reads that were too long:            1,068,908 (8.8%)
Reads discarded as untrimmed:            1,857 (0.0%)
Reads written (passing filters):     9,371,594 (76.8%)

Total basepairs processed: 1,841,602,040 bp
Quality-trimmed:              17,570,905 bp (1.0%)
Total written (filtered):    267,408,569 bp (14.5%)

=== Adapter 1 ===

Sequence: AACTGTAGGCACCATCAAT; Type: regular 3'; Length: 19; Trimmed: 11922094 times

Minimum overlap: 3
No. of allowed errors:
1-9 bp: 0; 10-19 bp: 1

Bases preceding removed adapters:
  A: 19.9%
  C: 15.5%
  G: 39.9%
  T: 24.6%
  none/other: 0.0%

Overview of removed sequences
length	count	expect	max.err	error counts
3	841	190563.1	0	841
4	470	47640.8	0	470
5	342	11910.2	0	342
6	378	2977.5	0	378
7	316	744.4	0	316
8	272	186.1	0	272
9	480	46.5	0	480
10	517	11.6	1	492 25
11	372	2.9	1	348 24
12	436	0.7	1	413 23
13	726	0.2	1	654 72
14	531	0.0	1	491 40
15	595	0.0	1	557 38
16	714	0.0	1	627 87
17	808	0.0	1	750 58
18	1209	0.0	1	1145 64
19	1300	0.0	1	1230 70
20	716	0.0	1	652 64
21	1222	0.0	1	1142 80
22	787	0.0	1	732 55
23	570	0.0	1	512 58
24	906	0.0	1	852 54
25	644	0.0	1	576 68
26	566	0.0	1	506 60
27	539	0.0	1	483 56
28	625	0.0	1	555 70
29	706	0.0	1	629 77
30	727	0.0	1	657 70
31	1080	0.0	1	985 95
32	664	0.0	1	595 69
33	599	0.0	1	542 57
34	1352	0.0	1	1291 61
35	1085	0.0	1	1023 62
36	1517	0.0	1	1405 112
37	1409	0.0	1	1327 82
38	984	0.0	1	926 58
39	906	0.0	1	832 74
40	1000	0.0	1	935 65
41	913	0.0	1	870 43
42	910	0.0	1	861 49
43	969	0.0	1	932 37
44	1132	0.0	1	1077 55
45	972	0.0	1	928 44
46	1091	0.0	1	1006 85
47	1088	0.0	1	1017 71
48	1067	0.0	1	985 82
49	1032	0.0	1	983 49
50	1351	0.0	1	1295 56
51	1530	0.0	1	1444 86
52	1757	0.0	1	1635 122
53	1592	0.0	1	1507 85
54	2092	0.0	1	2003 89
55	1444	0.0	1	1369 75
56	1568	0.0	1	1486 82
57	1449	0.0	1	1371 78
58	1802	0.0	1	1709 93
59	2328	0.0	1	2129 199
60	2550	0.0	1	2383 167
61	3516	0.0	1	3399 117
62	7737	0.0	1	7479 258
63	3464	0.0	1	3129 335
64	6939	0.0	1	6653 286
65	5311	0.0	1	4989 322
66	4105	0.0	1	3808 297
67	3848	0.0	1	3580 268
68	5065	0.0	1	4597 468
69	7597	0.0	1	7053 544
70	9311	0.0	1	8775 536
71	9765	0.0	1	9228 537
72	21520	0.0	1	20094 1426
73	24037	0.0	1	22566 1471
74	27264	0.0	1	25841 1423
75	56903	0.0	1	52676 4227
76	31869	0.0	1	29864 2005
77	77425	0.0	1	73738 3687
78	26686	0.0	1	25087 1599
79	395421	0.0	1	382517 12904
80	93832	0.0	1	90130 3702
81	80730	0.0	1	77715 3015
82	50914	0.0	1	49020 1894
83	53549	0.0	1	51772 1777
84	31132	0.0	1	30084 1048
85	6376	0.0	1	6085 291
86	4118	0.0	1	3932 186
87	17560	0.0	1	16792 768
88	5125	0.0	1	4819 306
89	23430	0.0	1	22569 861
90	44418	0.0	1	43024 1394
91	8510	0.0	1	8021 489
92	29794	0.0	1	28727 1067
93	19125	0.0	1	18475 650
94	9975	0.0	1	9625 350
95	20511	0.0	1	19747 764
96	47364	0.0	1	46066 1298
97	38610	0.0	1	37473 1137
98	6162	0.0	1	5913 249
99	1784	0.0	1	1656 128
100	4108	0.0	1	3895 213
101	9548	0.0	1	9187 361
102	9805	0.0	1	9504 301
103	4558	0.0	1	4350 208
104	12857	0.0	1	12106 751
105	33043	0.0	1	32030 1013
106	56519	0.0	1	54927 1592
107	80342	0.0	1	77789 2553
108	146448	0.0	1	142194 4254
109	141906	0.0	1	137401 4505
110	137466	0.0	1	132042 5424
111	149238	0.0	1	144432 4806
112	62100	0.0	1	58761 3339
113	77325	0.0	1	73965 3360
114	130101	0.0	1	126480 3621
115	130555	0.0	1	126067 4488
116	120742	0.0	1	115444 5298
117	182151	0.0	1	176749 5402
118	177486	0.0	1	170580 6906
119	264916	0.0	1	256520 8396
120	542541	0.0	1	527148 15393
121	1038973	0.0	1	1011360 27613
122	709078	0.0	1	684380 24698
123	341036	0.0	1	324247 16789
124	289264	0.0	1	276827 12437
125	293325	0.0	1	282167 11158
126	291627	0.0	1	280853 10774
127	327779	0.0	1	316601 11178
128	400104	0.0	1	386274 13830
129	751079	0.0	1	730891 20188
130	319183	0.0	1	306367 12816
131	304303	0.0	1	292600 11703
132	352531	0.0	1	341543 10988
133	236364	0.0	1	226538 9826
134	229215	0.0	1	221088 8127
135	214821	0.0	1	207151 7670
136	244223	0.0	1	234416 9807
137	199633	0.0	1	190736 8897
138	208864	0.0	1	201200 7664
139	257338	0.0	1	248796 8542
140	367754	0.0	1	357292 10462
141	313480	0.0	1	301061 12419
142	141754	0.0	1	134708 7046
143	66901	0.0	1	62970 3931
144	59463	0.0	1	57372 2091
145	48031	0.0	1	46243 1788
146	30160	0.0	1	28712 1448
147	22069	0.0	1	20695 1374
148	4412	0.0	1	3539 873
149	1507	0.0	1	489 1018
150	387	0.0	1	282 105
151	5331	0.0	1	4991 340
