This is cutadapt 5.2 with Python 3.12.13
Command line parameters: --cores 8 --adapter AACTGTAGGCACCATCAAT --discard-untrimmed --quality-cutoff 20 --minimum-length 15 --maximum-length 55 --output data/trimmed/SRR34661434.trimmed.fastq.gz data/fastq/SRR34661434.fastq.gz
Processing single-end reads on 8 cores ...

=== Summary ===

Total reads processed:              28,988,650
Reads with adapters:                26,455,356 (91.3%)

== Read fate breakdown ==
Reads that were too short:           3,302,854 (11.4%)
Reads that were too long:            5,475,129 (18.9%)
Reads discarded as untrimmed:          787,219 (2.7%)
Reads written (passing filters):    19,423,448 (67.0%)

Total basepairs processed: 2,037,166,845 bp
Quality-trimmed:               2,781,365 bp (0.1%)
Total written (filtered):    652,916,461 bp (32.1%)

=== Adapter 1 ===

Sequence: AACTGTAGGCACCATCAAT; Type: regular 3'; Length: 19; Trimmed: 26455356 times

Minimum overlap: 3
No. of allowed errors:
1-9 bp: 0; 10-19 bp: 1

Bases preceding removed adapters:
  A: 35.0%
  C: 17.1%
  G: 25.7%
  T: 22.2%
  none/other: 0.1%

Overview of removed sequences
length	count	expect	max.err	error counts
3	33752	452947.7	0	33752
4	15916	113236.9	0	15916
5	6511	28309.2	0	6511
6	16538	7077.3	0	16538
7	237	1769.3	0	237
8	407	442.3	0	407
9	5613	110.6	0	5567 46
10	11054	27.6	1	10542 512
11	79	6.9	1	24 55
12	7250	1.7	1	6881 369
13	12518	0.4	1	11969 549
14	443	0.1	1	352 91
15	6827	0.0	1	6449 378
16	22493	0.0	1	21471 1022
17	10313	0.0	1	9769 544
18	445	0.0	1	291 154
19	10628	0.0	1	9992 636
20	13841	0.0	1	13126 715
21	10779	0.0	1	10114 665
22	6649	0.0	1	6084 565
23	6632	0.0	1	6027 605
24	6621	0.0	1	5899 722
25	7920	0.0	1	6933 987
26	11477	0.0	1	9773 1704
27	17201	0.0	1	14790 2411
28	32380	0.0	1	27480 4900
29	80368	0.0	1	66027 14341
30	655719	0.0	1	492207 163512
31	25294524	0.0	1	24296471 998053
32	109484	0.0	1	74272 35212
33	864	0.0	1	708 156
34	227	0.0	1	191 36
35	204	0.0	1	173 31
36	332	0.0	1	278 54
37	236	0.0	1	193 43
38	293	0.0	1	240 53
39	299	0.0	1	240 59
40	46	0.0	1	34 12
41	44	0.0	1	35 9
42	27	0.0	1	23 4
43	63	0.0	1	45 18
44	64	0.0	1	51 13
45	32	0.0	1	20 12
46	80	0.0	1	58 22
47	76	0.0	1	34 42
48	100	0.0	1	63 37
49	67	0.0	1	44 23
50	43	0.0	1	29 14
51	44	0.0	1	29 15
52	50	0.0	1	33 17
53	55	0.0	1	40 15
54	42	0.0	1	30 12
55	58	0.0	1	34 24
56	67	0.0	1	46 21
57	30	0.0	1	18 12
58	101	0.0	1	46 55
59	135	0.0	1	71 64
60	44	0.0	1	23 21
61	34	0.0	1	17 17
62	46	0.0	1	20 26
63	70	0.0	1	38 32
64	52	0.0	1	31 21
65	107	0.0	1	56 51
66	101	0.0	1	62 39
67	256	0.0	1	132 124
68	136	0.0	1	80 56
69	237	0.0	1	119 118
70	326	0.0	1	161 165
71	167	0.0	1	94 73
72	232	0.0	1	126 106
73	382	0.0	1	200 182
74	861	0.0	1	439 422
75	680	0.0	1	389 291
76	870	0.0	1	465 405
77	623	0.0	1	338 285
78	1282	0.0	1	698 584
79	947	0.0	1	534 413
80	505	0.0	1	283 222
81	324	0.0	1	173 151
82	684	0.0	1	359 325
83	463	0.0	1	249 214
84	259	0.0	1	122 137
85	318	0.0	1	169 149
86	225	0.0	1	134 91
87	228	0.0	1	116 112
88	203	0.0	1	121 82
89	208	0.0	1	110 98
90	224	0.0	1	98 126
91	179	0.0	1	93 86
92	196	0.0	1	94 102
93	208	0.0	1	110 98
94	166	0.0	1	79 87
95	199	0.0	1	97 102
96	287	0.0	1	147 140
97	348	0.0	1	194 154
98	265	0.0	1	113 152
99	343	0.0	1	166 177
100	443	0.0	1	209 234
101	507	0.0	1	250 257
102	453	0.0	1	241 212
103	359	0.0	1	170 189
104	316	0.0	1	172 144
105	378	0.0	1	185 193
106	502	0.0	1	259 243
107	1028	0.0	1	552 476
108	977	0.0	1	541 436
109	856	0.0	1	496 360
110	972	0.0	1	605 367
111	378	0.0	1	199 179
112	417	0.0	1	236 181
113	381	0.0	1	212 169
114	382	0.0	1	209 173
115	575	0.0	1	327 248
116	637	0.0	1	368 269
117	499	0.0	1	284 215
118	730	0.0	1	409 321
119	1088	0.0	1	644 444
120	1606	0.0	1	988 618
121	944	0.0	1	597 347
122	541	0.0	1	335 206
123	486	0.0	1	293 193
124	487	0.0	1	294 193
125	478	0.0	1	289 189
126	558	0.0	1	343 215
127	650	0.0	1	407 243
128	749	0.0	1	475 274
129	465	0.0	1	300 165
130	396	0.0	1	265 131
131	346	0.0	1	230 116
132	301	0.0	1	198 103
133	254	0.0	1	165 89
134	258	0.0	1	169 89
135	380	0.0	1	255 125
136	296	0.0	1	189 107
137	300	0.0	1	191 109
138	370	0.0	1	253 117
139	516	0.0	1	363 153
140	411	0.0	1	291 120
141	275	0.0	1	185 90
142	155	0.0	1	100 55
143	140	0.0	1	96 44
144	83	0.0	1	52 31
145	75	0.0	1	52 23
146	68	0.0	1	51 17
147	49	0.0	1	26 23
148	231	0.0	1	168 63
149	9	0.0	1	7 2
150	18	0.0	1	15 3
