This is cutadapt 5.2 with Python 3.12.13
Command line parameters: --cores 8 --adapter AACTGTAGGCACCATCAAT --discard-untrimmed --quality-cutoff 20 --minimum-length 15 --maximum-length 55 --output data/trimmed/SRR34661436.trimmed.fastq.gz data/fastq/SRR34661436.fastq.gz
Processing single-end reads on 8 cores ...

=== Summary ===

Total reads processed:              28,079,602
Reads with adapters:                26,448,413 (94.2%)

== Read fate breakdown ==
Reads that were too short:           5,249,327 (18.7%)
Reads that were too long:            4,833,615 (17.2%)
Reads discarded as untrimmed:          719,028 (2.6%)
Reads written (passing filters):    17,277,632 (61.5%)

Total basepairs processed: 1,851,971,347 bp
Quality-trimmed:               5,004,607 bp (0.3%)
Total written (filtered):    566,627,546 bp (30.6%)

=== Adapter 1 ===

Sequence: AACTGTAGGCACCATCAAT; Type: regular 3'; Length: 19; Trimmed: 26448413 times

Minimum overlap: 3
No. of allowed errors:
1-9 bp: 0; 10-19 bp: 1

Bases preceding removed adapters:
  A: 31.4%
  C: 16.9%
  G: 29.4%
  T: 21.8%
  none/other: 0.5%

Overview of removed sequences
length	count	expect	max.err	error counts
3	27211	438743.8	0	27211
4	9820	109685.9	0	9820
5	5493	27421.5	0	5493
6	11519	6855.4	0	11519
7	202	1713.8	0	202
8	326	428.5	0	326
9	6274	107.1	0	6241 33
10	8941	26.8	1	8454 487
11	67	6.7	1	22 45
12	7747	1.7	1	7341 406
13	16220	0.4	1	15537 683
14	394	0.1	1	290 104
15	5820	0.0	1	5475 345
16	17264	0.0	1	16328 936
17	13023	0.0	1	12393 630
18	526	0.0	1	336 190
19	11150	0.0	1	10486 664
20	11297	0.0	1	10641 656
21	7417	0.0	1	6866 551
22	6945	0.0	1	6407 538
23	7854	0.0	1	7155 699
24	6980	0.0	1	6238 742
25	6294	0.0	1	5342 952
26	8837	0.0	1	7267 1570
27	13948	0.0	1	11614 2334
28	27605	0.0	1	22653 4952
29	70202	0.0	1	55954 14248
30	664274	0.0	1	486189 178085
31	25323941	0.0	1	24291688 1032253
32	112710	0.0	1	76085 36625
33	820	0.0	1	672 148
34	210	0.0	1	189 21
35	189	0.0	1	171 18
36	248	0.0	1	210 38
37	149	0.0	1	120 29
38	160	0.0	1	128 32
39	236	0.0	1	195 41
40	42	0.0	1	29 13
41	38	0.0	1	31 7
42	35	0.0	1	31 4
43	47	0.0	1	33 14
44	76	0.0	1	64 12
45	26	0.0	1	18 8
46	68	0.0	1	53 15
47	47	0.0	1	25 22
48	71	0.0	1	38 33
49	65	0.0	1	47 18
50	52	0.0	1	34 18
51	38	0.0	1	22 16
52	63	0.0	1	45 18
53	62	0.0	1	48 14
54	37	0.0	1	24 13
55	53	0.0	1	34 19
56	45	0.0	1	28 17
57	38	0.0	1	18 20
58	90	0.0	1	44 46
59	82	0.0	1	47 35
60	38	0.0	1	19 19
61	38	0.0	1	22 16
62	37	0.0	1	20 17
63	73	0.0	1	41 32
64	47	0.0	1	25 22
65	82	0.0	1	47 35
66	64	0.0	1	31 33
67	52	0.0	1	30 22
68	115	0.0	1	52 63
69	207	0.0	1	118 89
70	258	0.0	1	120 138
71	143	0.0	1	80 63
72	257	0.0	1	142 115
73	315	0.0	1	171 144
74	350	0.0	1	181 169
75	351	0.0	1	201 150
76	475	0.0	1	265 210
77	405	0.0	1	224 181
78	782	0.0	1	416 366
79	404	0.0	1	223 181
80	474	0.0	1	271 203
81	317	0.0	1	162 155
82	713	0.0	1	418 295
83	303	0.0	1	169 134
84	404	0.0	1	210 194
85	464	0.0	1	245 219
86	288	0.0	1	157 131
87	310	0.0	1	168 142
88	275	0.0	1	136 139
89	377	0.0	1	212 165
90	310	0.0	1	150 160
91	215	0.0	1	117 98
92	298	0.0	1	135 163
93	246	0.0	1	121 125
94	189	0.0	1	104 85
95	317	0.0	1	165 152
96	400	0.0	1	192 208
97	360	0.0	1	205 155
98	272	0.0	1	146 126
99	451	0.0	1	212 239
100	555	0.0	1	285 270
101	680	0.0	1	345 335
102	360	0.0	1	201 159
103	250	0.0	1	131 119
104	278	0.0	1	154 124
105	341	0.0	1	178 163
106	476	0.0	1	258 218
107	787	0.0	1	455 332
108	621	0.0	1	335 286
109	667	0.0	1	367 300
110	1007	0.0	1	610 397
111	334	0.0	1	197 137
112	328	0.0	1	168 160
113	402	0.0	1	209 193
114	361	0.0	1	200 161
115	449	0.0	1	253 196
116	528	0.0	1	308 220
117	538	0.0	1	296 242
118	703	0.0	1	423 280
119	982	0.0	1	602 380
120	1551	0.0	1	955 596
121	905	0.0	1	552 353
122	532	0.0	1	311 221
123	440	0.0	1	254 186
124	444	0.0	1	259 185
125	382	0.0	1	230 152
126	498	0.0	1	305 193
127	466	0.0	1	274 192
128	580	0.0	1	355 225
129	338	0.0	1	210 128
130	374	0.0	1	224 150
131	321	0.0	1	203 118
132	315	0.0	1	195 120
133	267	0.0	1	171 96
134	283	0.0	1	180 103
135	368	0.0	1	247 121
136	380	0.0	1	254 126
137	362	0.0	1	241 121
138	456	0.0	1	312 144
139	699	0.0	1	493 206
140	502	0.0	1	352 150
141	388	0.0	1	287 101
142	253	0.0	1	166 87
143	198	0.0	1	126 72
144	139	0.0	1	101 38
145	142	0.0	1	97 45
146	136	0.0	1	100 36
147	208	0.0	1	154 54
148	826	0.0	1	615 211
149	41	0.0	1	26 15
150	108	0.0	1	70 38
