This is cutadapt 5.2 with Python 3.12.13
Command line parameters: --cores 8 --adapter AACTGTAGGCACCATCAAT --discard-untrimmed --quality-cutoff 20 --minimum-length 15 --maximum-length 55 --output data/trimmed/SRR34661438.trimmed.fastq.gz data/fastq/SRR34661438.fastq.gz
Processing single-end reads on 8 cores ...

=== Summary ===

Total reads processed:              36,492,783
Reads with adapters:                33,390,273 (91.5%)

== Read fate breakdown ==
Reads that were too short:           3,773,530 (10.3%)
Reads that were too long:            6,641,557 (18.2%)
Reads discarded as untrimmed:          728,184 (2.0%)
Reads written (passing filters):    25,349,512 (69.5%)

Total basepairs processed: 2,614,807,866 bp
Quality-trimmed:               3,504,406 bp (0.1%)
Total written (filtered):    850,490,337 bp (32.5%)

=== Adapter 1 ===

Sequence: AACTGTAGGCACCATCAAT; Type: regular 3'; Length: 19; Trimmed: 33390273 times

Minimum overlap: 3
No. of allowed errors:
1-9 bp: 0; 10-19 bp: 1

Bases preceding removed adapters:
  A: 33.9%
  C: 17.1%
  G: 24.6%
  T: 24.2%
  none/other: 0.1%

Overview of removed sequences
length	count	expect	max.err	error counts
3	29807	570199.7	0	29807
4	22927	142549.9	0	22927
5	7832	35637.5	0	7832
6	21175	8909.4	0	21175
7	200	2227.3	0	200
8	371	556.8	0	371
9	5920	139.2	0	5887 33
10	12000	34.8	1	11540 460
11	62	8.7	1	17 45
12	7609	2.2	1	7273 336
13	13966	0.5	1	13440 526
14	757	0.1	1	616 141
15	10669	0.0	1	10282 387
16	34561	0.0	1	33095 1466
17	13606	0.0	1	12937 669
18	632	0.0	1	411 221
19	14030	0.0	1	13351 679
20	23947	0.0	1	22929 1018
21	15564	0.0	1	14761 803
22	8526	0.0	1	7945 581
23	8326	0.0	1	7701 625
24	8221	0.0	1	7537 684
25	10769	0.0	1	9713 1056
26	16772	0.0	1	14988 1784
27	25866	0.0	1	23051 2815
28	50038	0.0	1	44426 5612
29	122836	0.0	1	106970 15866
30	808886	0.0	1	639569 169317
31	31918101	0.0	1	30804854 1113247
32	129015	0.0	1	92364 36651
33	1275	0.0	1	1082 193
34	410	0.0	1	369 41
35	386	0.0	1	343 43
36	488	0.0	1	408 80
37	327	0.0	1	261 66
38	322	0.0	1	253 69
39	602	0.0	1	525 77
40	64	0.0	1	47 17
41	77	0.0	1	61 16
42	35	0.0	1	28 7
43	62	0.0	1	40 22
44	94	0.0	1	67 27
45	37	0.0	1	24 13
46	99	0.0	1	68 31
47	112	0.0	1	35 77
48	131	0.0	1	79 52
49	87	0.0	1	60 27
50	70	0.0	1	44 26
51	43	0.0	1	27 16
52	77	0.0	1	45 32
53	74	0.0	1	50 24
54	54	0.0	1	41 13
55	75	0.0	1	44 31
56	60	0.0	1	35 25
57	40	0.0	1	22 18
58	111	0.0	1	52 59
59	175	0.0	1	93 82
60	47	0.0	1	27 20
61	38	0.0	1	26 12
62	56	0.0	1	22 34
63	101	0.0	1	47 54
64	43	0.0	1	23 20
65	92	0.0	1	43 49
66	110	0.0	1	60 50
67	299	0.0	1	145 154
68	158	0.0	1	96 62
69	234	0.0	1	116 118
70	250	0.0	1	118 132
71	247	0.0	1	118 129
72	126	0.0	1	62 64
73	225	0.0	1	123 102
74	306	0.0	1	134 172
75	460	0.0	1	256 204
76	427	0.0	1	256 171
77	345	0.0	1	176 169
78	669	0.0	1	369 300
79	267	0.0	1	151 116
80	310	0.0	1	158 152
81	200	0.0	1	115 85
82	576	0.0	1	309 267
83	242	0.0	1	125 117
84	322	0.0	1	171 151
85	472	0.0	1	253 219
86	331	0.0	1	170 161
87	391	0.0	1	213 178
88	317	0.0	1	164 153
89	418	0.0	1	220 198
90	395	0.0	1	198 197
91	278	0.0	1	127 151
92	473	0.0	1	257 216
93	341	0.0	1	180 161
94	290	0.0	1	137 153
95	447	0.0	1	249 198
96	680	0.0	1	362 318
97	568	0.0	1	303 265
98	494	0.0	1	238 256
99	709	0.0	1	341 368
100	888	0.0	1	447 441
101	977	0.0	1	495 482
102	512	0.0	1	266 246
103	341	0.0	1	193 148
104	344	0.0	1	186 158
105	500	0.0	1	260 240
106	670	0.0	1	364 306
107	1209	0.0	1	697 512
108	1066	0.0	1	613 453
109	994	0.0	1	554 440
110	1141	0.0	1	676 465
111	428	0.0	1	241 187
112	482	0.0	1	285 197
113	515	0.0	1	298 217
114	526	0.0	1	277 249
115	725	0.0	1	413 312
116	722	0.0	1	422 300
117	688	0.0	1	415 273
118	986	0.0	1	573 413
119	1523	0.0	1	922 601
120	2245	0.0	1	1450 795
121	1373	0.0	1	848 525
122	712	0.0	1	434 278
123	628	0.0	1	394 234
124	537	0.0	1	326 211
125	549	0.0	1	320 229
126	672	0.0	1	441 231
127	609	0.0	1	360 249
128	744	0.0	1	496 248
129	447	0.0	1	286 161
130	423	0.0	1	273 150
131	380	0.0	1	244 136
132	331	0.0	1	218 113
133	285	0.0	1	186 99
134	334	0.0	1	239 95
135	322	0.0	1	229 93
136	286	0.0	1	188 98
137	328	0.0	1	230 98
138	412	0.0	1	295 117
139	562	0.0	1	405 157
140	403	0.0	1	283 120
141	289	0.0	1	206 83
142	202	0.0	1	142 60
143	157	0.0	1	112 45
144	104	0.0	1	75 29
145	81	0.0	1	56 25
146	69	0.0	1	50 19
147	72	0.0	1	49 23
148	302	0.0	1	224 78
149	16	0.0	1	10 6
150	30	0.0	1	22 8
