This is cutadapt 5.2 with Python 3.12.13
Command line parameters: --cores 8 --adapter AACTGTAGGCACCATCAAT --discard-untrimmed --quality-cutoff 20 --minimum-length 15 --maximum-length 55 --output data/trimmed/SRR34661421.trimmed.fastq.gz data/fastq/SRR34661421.fastq.gz
Processing single-end reads on 8 cores ...

=== Summary ===

Total reads processed:              14,285,606
Reads with adapters:                14,051,336 (98.4%)

== Read fate breakdown ==
Reads that were too short:           1,738,631 (12.2%)
Reads that were too long:            1,430,837 (10.0%)
Reads discarded as untrimmed:            2,210 (0.0%)
Reads written (passing filters):    11,113,928 (77.8%)

Total basepairs processed: 2,157,126,506 bp
Quality-trimmed:              13,840,990 bp (0.6%)
Total written (filtered):    316,283,517 bp (14.7%)

=== Adapter 1 ===

Sequence: AACTGTAGGCACCATCAAT; Type: regular 3'; Length: 19; Trimmed: 14051336 times

Minimum overlap: 3
No. of allowed errors:
1-9 bp: 0; 10-19 bp: 1

Bases preceding removed adapters:
  A: 17.3%
  C: 14.7%
  G: 44.7%
  T: 23.2%
  none/other: 0.1%

Overview of removed sequences
length	count	expect	max.err	error counts
3	729	223212.6	0	729
4	465	55803.1	0	465
5	246	13950.8	0	246
6	357	3487.7	0	357
7	275	871.9	0	275
8	247	218.0	0	247
9	515	54.5	0	515
10	529	13.6	1	505 24
11	443	3.4	1	429 14
12	435	0.9	1	405 30
13	754	0.2	1	673 81
14	624	0.1	1	582 42
15	738	0.0	1	702 36
16	570	0.0	1	502 68
17	792	0.0	1	735 57
18	1094	0.0	1	1025 69
19	1358	0.0	1	1295 63
20	732	0.0	1	678 54
21	1655	0.0	1	1572 83
22	810	0.0	1	738 72
23	651	0.0	1	594 57
24	1016	0.0	1	955 61
25	872	0.0	1	795 77
26	581	0.0	1	500 81
27	426	0.0	1	373 53
28	496	0.0	1	448 48
29	535	0.0	1	468 67
30	519	0.0	1	451 68
31	720	0.0	1	626 94
32	537	0.0	1	492 45
33	491	0.0	1	452 39
34	750	0.0	1	701 49
35	750	0.0	1	684 66
36	900	0.0	1	790 110
37	827	0.0	1	763 64
38	813	0.0	1	771 42
39	680	0.0	1	631 49
40	760	0.0	1	702 58
41	797	0.0	1	753 44
42	728	0.0	1	702 26
43	813	0.0	1	779 34
44	948	0.0	1	891 57
45	998	0.0	1	953 45
46	979	0.0	1	910 69
47	1008	0.0	1	967 41
48	1011	0.0	1	917 94
49	974	0.0	1	927 47
50	1644	0.0	1	1580 64
51	1819	0.0	1	1719 100
52	1924	0.0	1	1787 137
53	1916	0.0	1	1810 106
54	2353	0.0	1	2249 104
55	1355	0.0	1	1285 70
56	1439	0.0	1	1377 62
57	1378	0.0	1	1306 72
58	1833	0.0	1	1735 98
59	2479	0.0	1	2235 244
60	3579	0.0	1	3341 238
61	4733	0.0	1	4556 177
62	13009	0.0	1	12578 431
63	5235	0.0	1	4732 503
64	11502	0.0	1	10992 510
65	7879	0.0	1	7283 596
66	5079	0.0	1	4749 330
67	5609	0.0	1	5043 566
68	5740	0.0	1	5393 347
69	7815	0.0	1	7385 430
70	10600	0.0	1	10009 591
71	14855	0.0	1	14012 843
72	30720	0.0	1	29669 1051
73	41173	0.0	1	39274 1899
74	42496	0.0	1	40654 1842
75	74326	0.0	1	69424 4902
76	40651	0.0	1	38548 2103
77	114485	0.0	1	109998 4487
78	27580	0.0	1	26206 1374
79	150812	0.0	1	144877 5935
80	157276	0.0	1	152116 5160
81	24020	0.0	1	22813 1207
82	151926	0.0	1	147683 4243
83	73297	0.0	1	71007 2290
84	23859	0.0	1	23011 848
85	85831	0.0	1	83510 2321
86	12627	0.0	1	12008 619
87	65136	0.0	1	62291 2845
88	9435	0.0	1	8967 468
89	38407	0.0	1	37105 1302
90	116015	0.0	1	112305 3710
91	13321	0.0	1	12678 643
92	72323	0.0	1	70110 2213
93	9598	0.0	1	9222 376
94	5570	0.0	1	5365 205
95	21365	0.0	1	20566 799
96	107167	0.0	1	104259 2908
97	16516	0.0	1	15951 565
98	1313	0.0	1	1208 105
99	28407	0.0	1	27696 711
100	26168	0.0	1	25235 933
101	39221	0.0	1	38091 1130
102	32936	0.0	1	31976 960
103	7466	0.0	1	7173 293
104	7559	0.0	1	7196 363
105	32424	0.0	1	31424 1000
106	64737	0.0	1	63027 1710
107	97035	0.0	1	93932 3103
108	158211	0.0	1	153092 5119
109	166893	0.0	1	161808 5085
110	217472	0.0	1	210735 6737
111	193993	0.0	1	187870 6123
112	83041	0.0	1	78769 4272
113	99350	0.0	1	95262 4088
114	174789	0.0	1	170151 4638
115	221951	0.0	1	215501 6450
116	220946	0.0	1	213642 7304
117	280312	0.0	1	271429 8883
118	273733	0.0	1	261402 12331
119	367160	0.0	1	355734 11426
120	528238	0.0	1	512716 15522
121	946008	0.0	1	921133 24875
122	923870	0.0	1	896642 27228
123	428348	0.0	1	410507 17841
124	380698	0.0	1	367220 13478
125	340587	0.0	1	328955 11632
126	348554	0.0	1	337448 11106
127	399821	0.0	1	387875 11946
128	457002	0.0	1	442745 14257
129	659949	0.0	1	641796 18153
130	394121	0.0	1	380473 13648
131	357103	0.0	1	344741 12362
132	466300	0.0	1	452781 13519
133	331962	0.0	1	320412 11550
134	304577	0.0	1	294229 10348
135	305014	0.0	1	295234 9780
136	293723	0.0	1	283469 10254
137	241564	0.0	1	232225 9339
138	222089	0.0	1	214523 7566
139	258524	0.0	1	250548 7976
140	284949	0.0	1	276529 8420
141	250369	0.0	1	241681 8688
142	136720	0.0	1	131166 5554
143	72742	0.0	1	69440 3302
144	73089	0.0	1	70665 2424
145	67205	0.0	1	65169 2036
146	46972	0.0	1	45372 1600
147	38815	0.0	1	37287 1528
148	7780	0.0	1	6658 1122
149	2145	0.0	1	1120 1025
150	1473	0.0	1	1293 180
151	12253	0.0	1	11359 894
