This is cutadapt 5.2 with Python 3.12.13
Command line parameters: --cores 8 --adapter AACTGTAGGCACCATCAAT --discard-untrimmed --quality-cutoff 20 --minimum-length 15 --maximum-length 55 --output data/trimmed/SRR34661431.trimmed.fastq.gz data/fastq/SRR34661431.fastq.gz
Processing single-end reads on 8 cores ...

=== Summary ===

Total reads processed:              16,728,310
Reads with adapters:                16,346,064 (97.7%)

== Read fate breakdown ==
Reads that were too short:           1,524,575 (9.1%)
Reads that were too long:            3,175,130 (19.0%)
Reads discarded as untrimmed:           36,635 (0.2%)
Reads written (passing filters):    11,991,970 (71.7%)

Total basepairs processed: 1,118,686,663 bp
Quality-trimmed:               3,286,166 bp (0.3%)
Total written (filtered):    333,228,142 bp (29.8%)

=== Adapter 1 ===

Sequence: AACTGTAGGCACCATCAAT; Type: regular 3'; Length: 19; Trimmed: 16346064 times

Minimum overlap: 3
No. of allowed errors:
1-9 bp: 0; 10-19 bp: 1

Bases preceding removed adapters:
  A: 20.3%
  C: 22.7%
  G: 28.8%
  T: 28.2%
  none/other: 0.0%

Overview of removed sequences
length	count	expect	max.err	error counts
3	4767	261379.8	0	4767
4	2408	65345.0	0	2408
5	4174	16336.2	0	4174
6	3941	4084.1	0	3941
7	1605	1021.0	0	1605
8	2403	255.3	0	2403
9	6385	63.8	0	6365 20
10	3975	16.0	1	3416 559
11	3576	4.0	1	3320 256
12	4990	1.0	1	4647 343
13	6788	0.2	1	6317 471
14	4753	0.1	1	4366 387
15	7818	0.0	1	7295 523
16	4257	0.0	1	3899 358
17	6620	0.0	1	6129 491
18	12023	0.0	1	11180 843
19	12543	0.0	1	11678 865
20	10361	0.0	1	9605 756
21	15108	0.0	1	14109 999
22	8572	0.0	1	7851 721
23	5227	0.0	1	4662 565
24	6944	0.0	1	6202 742
25	6852	0.0	1	5939 913
26	7787	0.0	1	6488 1299
27	11219	0.0	1	9365 1854
28	19665	0.0	1	16542 3123
29	36610	0.0	1	29292 7318
30	321573	0.0	1	230022 91551
31	15367228	0.0	1	14981856 385372
32	364493	0.0	1	317863 46630
33	4544	0.0	1	3263 1281
34	2253	0.0	1	1500 753
35	2003	0.0	1	1339 664
36	2276	0.0	1	1536 740
37	2620	0.0	1	1862 758
38	3138	0.0	1	2200 938
39	1950	0.0	1	1318 632
40	2430	0.0	1	1625 805
41	2565	0.0	1	1760 805
42	1640	0.0	1	1146 494
43	739	0.0	1	529 210
44	231	0.0	1	150 81
45	161	0.0	1	81 80
46	164	0.0	1	97 67
47	162	0.0	1	96 66
48	186	0.0	1	106 80
49	300	0.0	1	178 122
50	223	0.0	1	120 103
51	177	0.0	1	104 73
52	192	0.0	1	103 89
53	286	0.0	1	163 123
54	187	0.0	1	98 89
55	189	0.0	1	88 101
56	192	0.0	1	101 91
57	166	0.0	1	88 78
58	152	0.0	1	86 66
59	211	0.0	1	123 88
60	224	0.0	1	117 107
61	354	0.0	1	166 188
62	270	0.0	1	129 141
63	215	0.0	1	109 106
64	200	0.0	1	103 97
65	289	0.0	1	143 146
66	383	0.0	1	184 199
67	349	0.0	1	177 172
68	316	0.0	1	152 164
69	371	0.0	1	167 204
70	322	0.0	1	167 155
71	615	0.0	1	303 312
72	1078	0.0	1	572 506
73	550	0.0	1	277 273
74	1036	0.0	1	551 485
75	820	0.0	1	404 416
76	881	0.0	1	478 403
77	497	0.0	1	269 228
78	840	0.0	1	479 361
79	294	0.0	1	169 125
80	397	0.0	1	223 174
81	707	0.0	1	412 295
82	674	0.0	1	397 277
83	623	0.0	1	347 276
84	372	0.0	1	198 174
85	1207	0.0	1	705 502
86	739	0.0	1	439 300
87	680	0.0	1	401 279
88	830	0.0	1	474 356
89	426	0.0	1	239 187
90	360	0.0	1	189 171
91	329	0.0	1	187 142
92	397	0.0	1	232 165
93	245	0.0	1	152 93
94	259	0.0	1	158 101
95	383	0.0	1	211 172
96	458	0.0	1	242 216
97	438	0.0	1	264 174
98	451	0.0	1	260 191
99	1128	0.0	1	660 468
100	518	0.0	1	326 192
101	565	0.0	1	335 230
102	782	0.0	1	472 310
103	909	0.0	1	570 339
104	1626	0.0	1	1170 456
105	4170	0.0	1	3150 1020
106	1601	0.0	1	1156 445
107	571	0.0	1	389 182
108	286	0.0	1	183 103
109	199	0.0	1	102 97
110	161	0.0	1	98 63
111	140	0.0	1	71 69
112	129	0.0	1	77 52
113	128	0.0	1	57 71
114	159	0.0	1	84 75
115	188	0.0	1	104 84
116	257	0.0	1	140 117
117	382	0.0	1	200 182
118	365	0.0	1	188 177
119	412	0.0	1	239 173
120	391	0.0	1	215 176
121	425	0.0	1	232 193
122	385	0.0	1	214 171
123	289	0.0	1	154 135
124	258	0.0	1	150 108
125	216	0.0	1	120 96
126	204	0.0	1	115 89
127	290	0.0	1	170 120
128	425	0.0	1	230 195
129	623	0.0	1	343 280
130	334	0.0	1	175 159
131	342	0.0	1	224 118
132	332	0.0	1	192 140
133	208	0.0	1	135 73
134	223	0.0	1	155 68
135	343	0.0	1	221 122
136	343	0.0	1	229 114
137	275	0.0	1	174 101
138	303	0.0	1	199 104
139	212	0.0	1	156 56
140	204	0.0	1	153 51
141	140	0.0	1	110 30
142	113	0.0	1	88 25
143	335	0.0	1	311 24
144	155	0.0	1	141 14
145	66	0.0	1	59 7
146	42	0.0	1	38 4
147	21	0.0	1	19 2
148	8	0.0	1	7 1
149	1	0.0	1	1
151	1	0.0	1	0 1
