This is cutadapt 5.2 with Python 3.12.13
Command line parameters: --cores 8 --adapter AACTGTAGGCACCATCAAT --discard-untrimmed --quality-cutoff 20 --minimum-length 15 --maximum-length 55 --output data/trimmed/SRR34661425.trimmed.fastq.gz data/fastq/SRR34661425.fastq.gz
Processing single-end reads on 8 cores ...

=== Summary ===

Total reads processed:              13,276,355
Reads with adapters:                13,115,068 (98.8%)

== Read fate breakdown ==
Reads that were too short:             748,214 (5.6%)
Reads that were too long:            3,077,544 (23.2%)
Reads discarded as untrimmed:           33,095 (0.2%)
Reads written (passing filters):     9,417,502 (70.9%)

Total basepairs processed:   912,718,691 bp
Quality-trimmed:               2,842,814 bp (0.3%)
Total written (filtered):    269,085,398 bp (29.5%)

=== Adapter 1 ===

Sequence: AACTGTAGGCACCATCAAT; Type: regular 3'; Length: 19; Trimmed: 13115068 times

Minimum overlap: 3
No. of allowed errors:
1-9 bp: 0; 10-19 bp: 1

Bases preceding removed adapters:
  A: 24.6%
  C: 19.8%
  G: 25.8%
  T: 29.8%
  none/other: 0.0%

Overview of removed sequences
length	count	expect	max.err	error counts
3	2826	207443.0	0	2826
4	1263	51860.8	0	1263
5	1373	12965.2	0	1373
6	1576	3241.3	0	1576
7	713	810.3	0	713
8	1035	202.6	0	1035
9	2336	50.6	0	2322 14
10	1610	12.7	1	1365 245
11	1942	3.2	1	1787 155
12	2387	0.8	1	2183 204
13	3154	0.2	1	2899 255
14	2295	0.0	1	2102 193
15	3720	0.0	1	3468 252
16	1940	0.0	1	1727 213
17	2629	0.0	1	2410 219
18	5289	0.0	1	4827 462
19	6430	0.0	1	5979 451
20	4758	0.0	1	4360 398
21	5213	0.0	1	4758 455
22	2585	0.0	1	2197 388
23	2670	0.0	1	2240 430
24	4265	0.0	1	3688 577
25	4003	0.0	1	3309 694
26	4854	0.0	1	3857 997
27	7569	0.0	1	6063 1506
28	14592	0.0	1	11822 2770
29	28995	0.0	1	22778 6217
30	265968	0.0	1	183008 82960
31	12410003	0.0	1	12091090 318913
32	260057	0.0	1	223847 36210
33	3346	0.0	1	2360 986
34	1623	0.0	1	1044 579
35	1563	0.0	1	1045 518
36	1680	0.0	1	1166 514
37	1943	0.0	1	1356 587
38	2281	0.0	1	1532 749
39	1443	0.0	1	928 515
40	2196	0.0	1	1504 692
41	1841	0.0	1	1248 593
42	1319	0.0	1	924 395
43	527	0.0	1	378 149
44	180	0.0	1	96 84
45	131	0.0	1	68 63
46	127	0.0	1	61 66
47	130	0.0	1	72 58
48	168	0.0	1	80 88
49	198	0.0	1	117 81
50	175	0.0	1	100 75
51	123	0.0	1	66 57
52	103	0.0	1	57 46
53	216	0.0	1	111 105
54	124	0.0	1	69 55
55	129	0.0	1	67 62
56	151	0.0	1	71 80
57	135	0.0	1	62 73
58	156	0.0	1	80 76
59	198	0.0	1	114 84
60	181	0.0	1	94 87
61	307	0.0	1	165 142
62	241	0.0	1	121 120
63	234	0.0	1	108 126
64	218	0.0	1	114 104
65	303	0.0	1	161 142
66	368	0.0	1	191 177
67	441	0.0	1	240 201
68	208	0.0	1	101 107
69	427	0.0	1	222 205
70	299	0.0	1	162 137
71	247	0.0	1	131 116
72	534	0.0	1	276 258
73	543	0.0	1	296 247
74	552	0.0	1	296 256
75	695	0.0	1	383 312
76	966	0.0	1	516 450
77	540	0.0	1	297 243
78	790	0.0	1	448 342
79	340	0.0	1	197 143
80	520	0.0	1	302 218
81	633	0.0	1	345 288
82	720	0.0	1	421 299
83	594	0.0	1	338 256
84	406	0.0	1	226 180
85	1201	0.0	1	709 492
86	633	0.0	1	381 252
87	494	0.0	1	281 213
88	661	0.0	1	376 285
89	393	0.0	1	212 181
90	288	0.0	1	162 126
91	224	0.0	1	127 97
92	295	0.0	1	149 146
93	170	0.0	1	97 73
94	183	0.0	1	104 79
95	308	0.0	1	156 152
96	315	0.0	1	173 142
97	334	0.0	1	185 149
98	373	0.0	1	208 165
99	770	0.0	1	415 355
100	431	0.0	1	243 188
101	454	0.0	1	273 181
102	586	0.0	1	344 242
103	835	0.0	1	527 308
104	1376	0.0	1	915 461
105	3557	0.0	1	2535 1022
106	1485	0.0	1	966 519
107	459	0.0	1	288 171
108	237	0.0	1	130 107
109	234	0.0	1	131 103
110	155	0.0	1	90 65
111	128	0.0	1	71 57
112	118	0.0	1	59 59
113	115	0.0	1	59 56
114	156	0.0	1	88 68
115	152	0.0	1	83 69
116	205	0.0	1	99 106
117	261	0.0	1	142 119
118	273	0.0	1	142 131
119	319	0.0	1	166 153
120	391	0.0	1	221 170
121	512	0.0	1	278 234
122	381	0.0	1	188 193
123	226	0.0	1	135 91
124	187	0.0	1	107 80
125	172	0.0	1	84 88
126	182	0.0	1	94 88
127	227	0.0	1	131 96
128	340	0.0	1	170 170
129	452	0.0	1	245 207
130	205	0.0	1	118 87
131	190	0.0	1	112 78
132	150	0.0	1	91 59
133	124	0.0	1	78 46
134	132	0.0	1	87 45
135	250	0.0	1	160 90
136	161	0.0	1	109 52
137	120	0.0	1	81 39
138	113	0.0	1	73 40
139	102	0.0	1	69 33
140	100	0.0	1	72 28
141	98	0.0	1	65 33
142	55	0.0	1	42 13
143	199	0.0	1	185 14
144	143	0.0	1	126 17
145	60	0.0	1	58 2
146	36	0.0	1	30 6
147	14	0.0	1	14
148	4	0.0	1	4
151	1	0.0	1	1
