This is cutadapt 5.2 with Python 3.12.13
Command line parameters: --cores 8 --adapter AACTGTAGGCACCATCAAT --discard-untrimmed --quality-cutoff 20 --minimum-length 15 --maximum-length 55 --output data/trimmed/SRR34661433.trimmed.fastq.gz data/fastq/SRR34661433.fastq.gz
Processing single-end reads on 8 cores ...

=== Summary ===

Total reads processed:              35,385,846
Reads with adapters:                31,257,613 (88.3%)

== Read fate breakdown ==
Reads that were too short:           3,624,091 (10.2%)
Reads that were too long:            9,644,937 (27.3%)
Reads discarded as untrimmed:          645,154 (1.8%)
Reads written (passing filters):    21,471,664 (60.7%)

Total basepairs processed: 2,693,384,436 bp
Quality-trimmed:               3,396,236 bp (0.1%)
Total written (filtered):    713,405,081 bp (26.5%)

=== Adapter 1 ===

Sequence: AACTGTAGGCACCATCAAT; Type: regular 3'; Length: 19; Trimmed: 31257613 times

Minimum overlap: 3
No. of allowed errors:
1-9 bp: 0; 10-19 bp: 1

Bases preceding removed adapters:
  A: 34.0%
  C: 16.3%
  G: 26.8%
  T: 22.8%
  none/other: 0.2%

Overview of removed sequences
length	count	expect	max.err	error counts
3	42168	552903.8	0	42168
4	27610	138226.0	0	27610
5	11247	34556.5	0	11247
6	32179	8639.1	0	32179
7	331	2159.8	0	331
8	750	539.9	0	750
9	12204	135.0	0	12154 50
10	19269	33.7	1	18319 950
11	100	8.4	1	46 54
12	13298	2.1	1	12607 691
13	23222	0.5	1	22139 1083
14	884	0.1	1	717 167
15	13134	0.0	1	12469 665
16	49525	0.0	1	47164 2361
17	21853	0.0	1	20701 1152
18	901	0.0	1	620 281
19	21200	0.0	1	19969 1231
20	29719	0.0	1	28299 1420
21	18827	0.0	1	17694 1133
22	11785	0.0	1	10815 970
23	12427	0.0	1	11429 998
24	12398	0.0	1	11254 1144
25	13177	0.0	1	11792 1385
26	18186	0.0	1	16168 2018
27	26453	0.0	1	23378 3075
28	47654	0.0	1	41814 5840
29	113487	0.0	1	97192 16295
30	775385	0.0	1	593854 181531
31	29714698	0.0	1	28580637 1134061
32	125928	0.0	1	86859 39069
33	1149	0.0	1	951 198
34	331	0.0	1	292 39
35	354	0.0	1	300 54
36	515	0.0	1	421 94
37	379	0.0	1	297 82
38	398	0.0	1	335 63
39	711	0.0	1	610 101
40	71	0.0	1	51 20
41	84	0.0	1	71 13
42	47	0.0	1	28 19
43	81	0.0	1	53 28
44	120	0.0	1	89 31
45	61	0.0	1	43 18
46	118	0.0	1	85 33
47	94	0.0	1	44 50
48	165	0.0	1	94 71
49	128	0.0	1	91 37
50	76	0.0	1	54 22
51	60	0.0	1	38 22
52	82	0.0	1	56 26
53	96	0.0	1	64 32
54	76	0.0	1	49 27
55	68	0.0	1	41 27
56	72	0.0	1	43 29
57	54	0.0	1	33 21
58	119	0.0	1	72 47
59	165	0.0	1	89 76
60	50	0.0	1	27 23
61	47	0.0	1	30 17
62	65	0.0	1	38 27
63	131	0.0	1	67 64
64	30	0.0	1	23 7
65	106	0.0	1	55 51
66	143	0.0	1	68 75
67	343	0.0	1	164 179
68	137	0.0	1	83 54
69	362	0.0	1	180 182
70	239	0.0	1	132 107
71	288	0.0	1	170 118
72	310	0.0	1	155 155
73	340	0.0	1	176 164
74	689	0.0	1	348 341
75	689	0.0	1	364 325
76	641	0.0	1	353 288
77	593	0.0	1	338 255
78	992	0.0	1	538 454
79	484	0.0	1	276 208
80	563	0.0	1	308 255
81	346	0.0	1	204 142
82	898	0.0	1	493 405
83	401	0.0	1	241 160
84	527	0.0	1	313 214
85	687	0.0	1	387 300
86	406	0.0	1	227 179
87	446	0.0	1	232 214
88	379	0.0	1	201 178
89	612	0.0	1	329 283
90	412	0.0	1	202 210
91	292	0.0	1	164 128
92	424	0.0	1	211 213
93	317	0.0	1	164 153
94	272	0.0	1	140 132
95	453	0.0	1	227 226
96	665	0.0	1	355 310
97	504	0.0	1	264 240
98	446	0.0	1	214 232
99	624	0.0	1	306 318
100	753	0.0	1	392 361
101	908	0.0	1	481 427
102	402	0.0	1	213 189
103	303	0.0	1	153 150
104	337	0.0	1	184 153
105	432	0.0	1	242 190
106	638	0.0	1	339 299
107	1100	0.0	1	641 459
108	896	0.0	1	516 380
109	860	0.0	1	489 371
110	932	0.0	1	537 395
111	372	0.0	1	214 158
112	355	0.0	1	193 162
113	458	0.0	1	247 211
114	516	0.0	1	301 215
115	636	0.0	1	382 254
116	631	0.0	1	369 262
117	587	0.0	1	367 220
118	772	0.0	1	462 310
119	1110	0.0	1	661 449
120	1562	0.0	1	1040 522
121	1031	0.0	1	648 383
122	604	0.0	1	370 234
123	512	0.0	1	300 212
124	540	0.0	1	356 184
125	456	0.0	1	289 167
126	589	0.0	1	366 223
127	603	0.0	1	381 222
128	728	0.0	1	468 260
129	435	0.0	1	279 156
130	456	0.0	1	306 150
131	418	0.0	1	275 143
132	327	0.0	1	220 107
133	298	0.0	1	197 101
134	338	0.0	1	234 104
135	401	0.0	1	279 122
136	329	0.0	1	221 108
137	326	0.0	1	226 100
138	411	0.0	1	302 109
139	551	0.0	1	408 143
140	397	0.0	1	299 98
141	271	0.0	1	184 87
142	143	0.0	1	94 49
143	97	0.0	1	75 22
144	71	0.0	1	55 16
145	58	0.0	1	43 15
146	50	0.0	1	38 12
147	80	0.0	1	60 20
148	438	0.0	1	332 106
149	22	0.0	1	16 6
150	47	0.0	1	32 15
