This is cutadapt 5.2 with Python 3.12.13
Command line parameters: --cores 8 --adapter AACTGTAGGCACCATCAAT --discard-untrimmed --quality-cutoff 20 --minimum-length 15 --maximum-length 55 --output data/trimmed/SRR34661435.trimmed.fastq.gz data/fastq/SRR34661435.fastq.gz
Processing single-end reads on 8 cores ...

=== Summary ===

Total reads processed:              46,145,566
Reads with adapters:                43,963,103 (95.3%)

== Read fate breakdown ==
Reads that were too short:           4,404,744 (9.5%)
Reads that were too long:            8,457,037 (18.3%)
Reads discarded as untrimmed:          539,485 (1.2%)
Reads written (passing filters):    32,744,300 (71.0%)

Total basepairs processed: 3,262,929,921 bp
Quality-trimmed:               3,604,149 bp (0.1%)
Total written (filtered):  1,095,914,161 bp (33.6%)

=== Adapter 1 ===

Sequence: AACTGTAGGCACCATCAAT; Type: regular 3'; Length: 19; Trimmed: 43963103 times

Minimum overlap: 3
No. of allowed errors:
1-9 bp: 0; 10-19 bp: 1

Bases preceding removed adapters:
  A: 31.4%
  C: 16.6%
  G: 28.1%
  T: 23.7%
  none/other: 0.1%

Overview of removed sequences
length	count	expect	max.err	error counts
3	28134	721024.5	0	28134
4	18622	180256.1	0	18622
5	8510	45064.0	0	8510
6	24899	11266.0	0	24899
7	201	2816.5	0	201
8	518	704.1	0	518
9	7925	176.0	0	7878 47
10	14651	44.0	1	14163 488
11	77	11.0	1	36 41
12	10642	2.8	1	10275 367
13	19229	0.7	1	18480 749
14	795	0.2	1	637 158
15	9833	0.0	1	9470 363
16	34350	0.0	1	33050 1300
17	19286	0.0	1	18544 742
18	1056	0.0	1	709 347
19	20202	0.0	1	19393 809
20	31112	0.0	1	29867 1245
21	19836	0.0	1	18997 839
22	12741	0.0	1	12014 727
23	12253	0.0	1	11415 838
24	11895	0.0	1	10881 1014
25	13683	0.0	1	12255 1428
26	20258	0.0	1	17952 2306
27	30616	0.0	1	26941 3675
28	57352	0.0	1	49708 7644
29	143744	0.0	1	121640 22104
30	1099356	0.0	1	862594 236762
31	42052833	0.0	1	40864897 1187936
32	171890	0.0	1	122972 48918
33	1835	0.0	1	1613 222
34	723	0.0	1	658 65
35	500	0.0	1	445 55
36	600	0.0	1	512 88
37	374	0.0	1	323 51
38	425	0.0	1	348 77
39	416	0.0	1	339 77
40	109	0.0	1	70 39
41	63	0.0	1	46 17
42	46	0.0	1	37 9
43	128	0.0	1	83 45
44	121	0.0	1	75 46
45	66	0.0	1	43 23
46	157	0.0	1	92 65
47	188	0.0	1	51 137
48	204	0.0	1	106 98
49	148	0.0	1	90 58
50	103	0.0	1	61 42
51	60	0.0	1	36 24
52	101	0.0	1	63 38
53	143	0.0	1	104 39
54	102	0.0	1	74 28
55	106	0.0	1	57 49
56	112	0.0	1	60 52
57	73	0.0	1	33 40
58	176	0.0	1	93 83
59	222	0.0	1	115 107
60	78	0.0	1	33 45
61	68	0.0	1	45 23
62	90	0.0	1	49 41
63	155	0.0	1	78 77
64	83	0.0	1	41 42
65	240	0.0	1	110 130
66	122	0.0	1	72 50
67	133	0.0	1	67 66
68	271	0.0	1	142 129
69	168	0.0	1	84 84
70	518	0.0	1	276 242
71	273	0.0	1	149 124
72	328	0.0	1	182 146
73	383	0.0	1	202 181
74	640	0.0	1	279 361
75	671	0.0	1	376 295
76	659	0.0	1	338 321
77	586	0.0	1	320 266
78	1012	0.0	1	518 494
79	534	0.0	1	293 241
80	611	0.0	1	331 280
81	377	0.0	1	199 178
82	1079	0.0	1	577 502
83	467	0.0	1	266 201
84	756	0.0	1	443 313
85	922	0.0	1	517 405
86	565	0.0	1	308 257
87	573	0.0	1	303 270
88	589	0.0	1	297 292
89	762	0.0	1	396 366
90	590	0.0	1	285 305
91	461	0.0	1	255 206
92	726	0.0	1	377 349
93	496	0.0	1	265 231
94	453	0.0	1	225 228
95	704	0.0	1	378 326
96	932	0.0	1	500 432
97	833	0.0	1	408 425
98	688	0.0	1	316 372
99	1034	0.0	1	496 538
100	1231	0.0	1	608 623
101	1543	0.0	1	794 749
102	727	0.0	1	370 357
103	497	0.0	1	254 243
104	521	0.0	1	289 232
105	711	0.0	1	352 359
106	1069	0.0	1	567 502
107	1693	0.0	1	895 798
108	1464	0.0	1	765 699
109	1436	0.0	1	784 652
110	1580	0.0	1	888 692
111	693	0.0	1	381 312
112	723	0.0	1	377 346
113	814	0.0	1	453 361
114	878	0.0	1	489 389
115	1018	0.0	1	589 429
116	995	0.0	1	572 423
117	884	0.0	1	496 388
118	1145	0.0	1	674 471
119	1642	0.0	1	973 669
120	2163	0.0	1	1301 862
121	1519	0.0	1	932 587
122	953	0.0	1	581 372
123	789	0.0	1	463 326
124	793	0.0	1	476 317
125	670	0.0	1	404 266
126	893	0.0	1	553 340
127	884	0.0	1	530 354
128	1028	0.0	1	658 370
129	676	0.0	1	436 240
130	632	0.0	1	404 228
131	617	0.0	1	419 198
132	552	0.0	1	356 196
133	502	0.0	1	331 171
134	480	0.0	1	343 137
135	540	0.0	1	360 180
136	462	0.0	1	308 154
137	502	0.0	1	355 147
138	521	0.0	1	358 163
139	636	0.0	1	449 187
140	409	0.0	1	296 113
141	287	0.0	1	200 87
142	184	0.0	1	135 49
143	157	0.0	1	112 45
144	98	0.0	1	65 33
145	72	0.0	1	52 20
146	59	0.0	1	42 17
147	67	0.0	1	42 25
148	228	0.0	1	165 63
149	11	0.0	1	7 4
150	25	0.0	1	18 7
