This is cutadapt 5.2 with Python 3.12.13
Command line parameters: --cores 8 --adapter AACTGTAGGCACCATCAAT --discard-untrimmed --quality-cutoff 20 --minimum-length 15 --maximum-length 55 --output data/trimmed/SRR34661429.trimmed.fastq.gz data/fastq/SRR34661429.fastq.gz
Processing single-end reads on 8 cores ...

=== Summary ===

Total reads processed:              14,785,525
Reads with adapters:                14,521,488 (98.2%)

== Read fate breakdown ==
Reads that were too short:           1,211,664 (8.2%)
Reads that were too long:            3,220,102 (21.8%)
Reads discarded as untrimmed:           50,342 (0.3%)
Reads written (passing filters):    10,303,417 (69.7%)

Total basepairs processed: 1,024,712,389 bp
Quality-trimmed:               2,764,693 bp (0.3%)
Total written (filtered):    311,613,998 bp (30.4%)

=== Adapter 1 ===

Sequence: AACTGTAGGCACCATCAAT; Type: regular 3'; Length: 19; Trimmed: 14521488 times

Minimum overlap: 3
No. of allowed errors:
1-9 bp: 0; 10-19 bp: 1

Bases preceding removed adapters:
  A: 26.7%
  C: 20.1%
  G: 27.3%
  T: 25.9%
  none/other: 0.0%

Overview of removed sequences
length	count	expect	max.err	error counts
3	4623	231023.8	0	4623
4	2223	57756.0	0	2223
5	2761	14439.0	0	2761
6	2827	3609.7	0	2827
7	1212	902.4	0	1212
8	1782	225.6	0	1782
9	3858	56.4	0	3846 12
10	2656	14.1	1	2310 346
11	3143	3.5	1	2955 188
12	4073	0.9	1	3773 300
13	5319	0.2	1	4937 382
14	3933	0.1	1	3658 275
15	6836	0.0	1	6414 422
16	3308	0.0	1	3050 258
17	4333	0.0	1	4005 328
18	8953	0.0	1	8338 615
19	9494	0.0	1	8898 596
20	7525	0.0	1	6933 592
21	8762	0.0	1	8184 578
22	4500	0.0	1	4078 422
23	3515	0.0	1	3052 463
24	5375	0.0	1	4761 614
25	5025	0.0	1	4235 790
26	5784	0.0	1	4724 1060
27	8935	0.0	1	7246 1689
28	17504	0.0	1	14527 2977
29	35574	0.0	1	28871 6703
30	276657	0.0	1	197269 79388
31	13678085	0.0	1	13323338 354747
32	334278	0.0	1	295465 38813
33	3691	0.0	1	2589 1102
34	2004	0.0	1	1358 646
35	1556	0.0	1	1089 467
36	1671	0.0	1	1205 466
37	2037	0.0	1	1407 630
38	2165	0.0	1	1545 620
39	1601	0.0	1	1037 564
40	1746	0.0	1	1187 559
41	1924	0.0	1	1332 592
42	1616	0.0	1	1158 458
43	704	0.0	1	522 182
44	206	0.0	1	128 78
45	142	0.0	1	80 62
46	126	0.0	1	64 62
47	153	0.0	1	81 72
48	167	0.0	1	88 79
49	306	0.0	1	168 138
50	177	0.0	1	97 80
51	141	0.0	1	76 65
52	130	0.0	1	69 61
53	162	0.0	1	84 78
54	133	0.0	1	69 64
55	193	0.0	1	99 94
56	189	0.0	1	104 85
57	181	0.0	1	97 84
58	208	0.0	1	106 102
59	215	0.0	1	122 93
60	247	0.0	1	122 125
61	310	0.0	1	175 135
62	291	0.0	1	141 150
63	210	0.0	1	104 106
64	248	0.0	1	119 129
65	339	0.0	1	186 153
66	436	0.0	1	245 191
67	267	0.0	1	135 132
68	443	0.0	1	210 233
69	388	0.0	1	203 185
70	283	0.0	1	162 121
71	404	0.0	1	220 184
72	395	0.0	1	215 180
73	359	0.0	1	196 163
74	523	0.0	1	294 229
75	620	0.0	1	367 253
76	535	0.0	1	298 237
77	744	0.0	1	408 336
78	888	0.0	1	493 395
79	453	0.0	1	262 191
80	537	0.0	1	310 227
81	577	0.0	1	325 252
82	625	0.0	1	360 265
83	570	0.0	1	331 239
84	433	0.0	1	235 198
85	904	0.0	1	505 399
86	541	0.0	1	299 242
87	447	0.0	1	269 178
88	683	0.0	1	384 299
89	408	0.0	1	222 186
90	310	0.0	1	184 126
91	262	0.0	1	153 109
92	329	0.0	1	208 121
93	252	0.0	1	156 96
94	216	0.0	1	125 91
95	334	0.0	1	192 142
96	375	0.0	1	227 148
97	422	0.0	1	260 162
98	397	0.0	1	231 166
99	864	0.0	1	479 385
100	512	0.0	1	312 200
101	492	0.0	1	304 188
102	664	0.0	1	417 247
103	834	0.0	1	540 294
104	1487	0.0	1	1073 414
105	3716	0.0	1	2817 899
106	1441	0.0	1	1075 366
107	444	0.0	1	306 138
108	216	0.0	1	124 92
109	234	0.0	1	132 102
110	167	0.0	1	93 74
111	178	0.0	1	99 79
112	100	0.0	1	46 54
113	109	0.0	1	54 55
114	138	0.0	1	74 64
115	145	0.0	1	81 64
116	229	0.0	1	139 90
117	246	0.0	1	144 102
118	226	0.0	1	130 96
119	341	0.0	1	177 164
120	431	0.0	1	235 196
121	534	0.0	1	287 247
122	345	0.0	1	206 139
123	199	0.0	1	106 93
124	164	0.0	1	86 78
125	187	0.0	1	98 89
126	153	0.0	1	72 81
127	159	0.0	1	83 76
128	182	0.0	1	88 94
129	230	0.0	1	123 107
130	148	0.0	1	87 61
131	145	0.0	1	84 61
132	146	0.0	1	85 61
133	105	0.0	1	61 44
134	135	0.0	1	82 53
135	266	0.0	1	174 92
136	198	0.0	1	139 59
137	145	0.0	1	99 46
138	167	0.0	1	105 62
139	136	0.0	1	93 43
140	177	0.0	1	129 48
141	133	0.0	1	105 28
142	79	0.0	1	67 12
143	293	0.0	1	269 24
144	239	0.0	1	223 16
145	107	0.0	1	93 14
146	67	0.0	1	63 4
147	19	0.0	1	18 1
148	7	0.0	1	7
149	3	0.0	1	3
150	1	0.0	1	1
151	3	0.0	1	3
