This is cutadapt 5.2 with Python 3.12.13
Command line parameters: --cores 8 --adapter AACTGTAGGCACCATCAAT --discard-untrimmed --quality-cutoff 20 --minimum-length 15 --maximum-length 55 --output data/trimmed/SRR34661439.trimmed.fastq.gz data/fastq/SRR34661439.fastq.gz
Processing single-end reads on 8 cores ...

=== Summary ===

Total reads processed:              28,584,624
Reads with adapters:                26,712,504 (93.5%)

== Read fate breakdown ==
Reads that were too short:           3,304,324 (11.6%)
Reads that were too long:            5,613,785 (19.6%)
Reads discarded as untrimmed:          500,724 (1.8%)
Reads written (passing filters):    19,165,791 (67.0%)

Total basepairs processed: 2,003,427,053 bp
Quality-trimmed:               3,187,142 bp (0.2%)
Total written (filtered):    613,792,763 bp (30.6%)

=== Adapter 1 ===

Sequence: AACTGTAGGCACCATCAAT; Type: regular 3'; Length: 19; Trimmed: 26712504 times

Minimum overlap: 3
No. of allowed errors:
1-9 bp: 0; 10-19 bp: 1

Bases preceding removed adapters:
  A: 32.8%
  C: 17.5%
  G: 26.6%
  T: 23.0%
  none/other: 0.2%

Overview of removed sequences
length	count	expect	max.err	error counts
3	22741	446634.8	0	22741
4	14056	111658.7	0	14056
5	7984	27914.7	0	7984
6	20576	6978.7	0	20576
7	209	1744.7	0	209
8	533	436.2	0	533
9	9218	109.0	0	9194 24
10	11196	27.3	1	10811 385
11	63	6.8	1	28 35
12	10135	1.7	1	9755 380
13	17684	0.4	1	17084 600
14	592	0.1	1	487 105
15	8391	0.0	1	8042 349
16	27774	0.0	1	26569 1205
17	14418	0.0	1	13862 556
18	617	0.0	1	423 194
19	14030	0.0	1	13445 585
20	17747	0.0	1	16971 776
21	10968	0.0	1	10422 546
22	7796	0.0	1	7298 498
23	8907	0.0	1	8317 590
24	8960	0.0	1	8250 710
25	8663	0.0	1	7728 935
26	11712	0.0	1	10206 1506
27	17271	0.0	1	15087 2184
28	33280	0.0	1	28385 4895
29	81735	0.0	1	67747 13988
30	669134	0.0	1	515114 154020
31	25508005	0.0	1	24665833 842172
32	108765	0.0	1	74896 33869
33	672	0.0	1	519 153
34	184	0.0	1	155 29
35	187	0.0	1	162 25
36	292	0.0	1	229 63
37	218	0.0	1	175 43
38	220	0.0	1	182 38
39	277	0.0	1	223 54
40	52	0.0	1	33 19
41	32	0.0	1	24 8
42	27	0.0	1	18 9
43	46	0.0	1	33 13
44	87	0.0	1	63 24
45	35	0.0	1	28 7
46	76	0.0	1	48 28
47	68	0.0	1	21 47
48	101	0.0	1	58 43
49	89	0.0	1	57 32
50	64	0.0	1	48 16
51	41	0.0	1	19 22
52	60	0.0	1	42 18
53	83	0.0	1	51 32
54	55	0.0	1	36 19
55	53	0.0	1	24 29
56	79	0.0	1	49 30
57	42	0.0	1	24 18
58	95	0.0	1	57 38
59	132	0.0	1	77 55
60	47	0.0	1	24 23
61	51	0.0	1	34 17
62	64	0.0	1	34 30
63	112	0.0	1	64 48
64	48	0.0	1	17 31
65	147	0.0	1	76 71
66	47	0.0	1	26 21
67	37	0.0	1	18 19
68	146	0.0	1	68 78
69	398	0.0	1	195 203
70	187	0.0	1	98 89
71	370	0.0	1	192 178
72	293	0.0	1	171 122
73	349	0.0	1	198 151
74	471	0.0	1	244 227
75	661	0.0	1	359 302
76	648	0.0	1	360 288
77	497	0.0	1	279 218
78	848	0.0	1	476 372
79	544	0.0	1	294 250
80	469	0.0	1	281 188
81	315	0.0	1	167 148
82	696	0.0	1	367 329
83	360	0.0	1	193 167
84	338	0.0	1	177 161
85	405	0.0	1	208 197
86	239	0.0	1	133 106
87	241	0.0	1	120 121
88	197	0.0	1	105 92
89	255	0.0	1	132 123
90	291	0.0	1	148 143
91	194	0.0	1	104 90
92	239	0.0	1	118 121
93	186	0.0	1	88 98
94	147	0.0	1	62 85
95	198	0.0	1	101 97
96	338	0.0	1	193 145
97	303	0.0	1	159 144
98	201	0.0	1	109 92
99	322	0.0	1	165 157
100	445	0.0	1	223 222
101	565	0.0	1	286 279
102	391	0.0	1	201 190
103	290	0.0	1	152 138
104	255	0.0	1	138 117
105	335	0.0	1	198 137
106	485	0.0	1	253 232
107	786	0.0	1	422 364
108	696	0.0	1	365 331
109	688	0.0	1	391 297
110	789	0.0	1	443 346
111	308	0.0	1	177 131
112	370	0.0	1	194 176
113	444	0.0	1	272 172
114	447	0.0	1	249 198
115	568	0.0	1	323 245
116	655	0.0	1	352 303
117	582	0.0	1	326 256
118	844	0.0	1	479 365
119	1211	0.0	1	726 485
120	1763	0.0	1	1055 708
121	1041	0.0	1	619 422
122	630	0.0	1	356 274
123	584	0.0	1	324 260
124	508	0.0	1	309 199
125	530	0.0	1	311 219
126	649	0.0	1	393 256
127	744	0.0	1	449 295
128	932	0.0	1	577 355
129	543	0.0	1	317 226
130	456	0.0	1	275 181
131	358	0.0	1	224 134
132	352	0.0	1	219 133
133	291	0.0	1	192 99
134	275	0.0	1	180 95
135	348	0.0	1	252 96
136	303	0.0	1	200 103
137	280	0.0	1	191 89
138	339	0.0	1	234 105
139	467	0.0	1	318 149
140	350	0.0	1	238 112
141	228	0.0	1	158 70
142	148	0.0	1	109 39
143	113	0.0	1	80 33
144	94	0.0	1	63 31
145	73	0.0	1	57 16
146	68	0.0	1	48 20
147	73	0.0	1	53 20
148	341	0.0	1	237 104
149	11	0.0	1	6 5
150	32	0.0	1	21 11
