This is cutadapt 5.2 with Python 3.12.13
Command line parameters: --cores 8 --adapter AACTGTAGGCACCATCAAT --discard-untrimmed --quality-cutoff 20 --minimum-length 15 --maximum-length 55 --output data/trimmed/SRR34661418.trimmed.fastq.gz data/fastq/SRR34661418.fastq.gz
Processing single-end reads on 8 cores ...

=== Summary ===

Total reads processed:              11,529,170
Reads with adapters:                11,018,153 (95.6%)

== Read fate breakdown ==
Reads that were too short:           1,826,678 (15.8%)
Reads that were too long:            1,631,394 (14.2%)
Reads discarded as untrimmed:            3,086 (0.0%)
Reads written (passing filters):     8,068,012 (70.0%)

Total basepairs processed: 1,740,904,670 bp
Quality-trimmed:              15,979,582 bp (0.9%)
Total written (filtered):    236,971,796 bp (13.6%)

=== Adapter 1 ===

Sequence: AACTGTAGGCACCATCAAT; Type: regular 3'; Length: 19; Trimmed: 11018153 times

Minimum overlap: 3
No. of allowed errors:
1-9 bp: 0; 10-19 bp: 1

Bases preceding removed adapters:
  A: 19.7%
  C: 16.3%
  G: 41.4%
  T: 22.6%
  none/other: 0.1%

Overview of removed sequences
length	count	expect	max.err	error counts
3	1132	180143.3	0	1132
4	693	45035.8	0	693
5	399	11259.0	0	399
6	556	2814.7	0	556
7	408	703.7	0	408
8	451	175.9	0	451
9	818	44.0	0	818
10	872	11.0	1	838 34
11	637	2.7	1	606 31
12	617	0.7	1	574 43
13	1098	0.2	1	974 124
14	678	0.0	1	611 67
15	913	0.0	1	861 52
16	849	0.0	1	753 96
17	1149	0.0	1	1055 94
18	1859	0.0	1	1767 92
19	2099	0.0	1	1985 114
20	933	0.0	1	849 84
21	1881	0.0	1	1753 128
22	994	0.0	1	905 89
23	692	0.0	1	610 82
24	1199	0.0	1	1121 78
25	1119	0.0	1	1023 96
26	737	0.0	1	624 113
27	681	0.0	1	602 79
28	651	0.0	1	567 84
29	748	0.0	1	674 74
30	758	0.0	1	678 80
31	921	0.0	1	809 112
32	668	0.0	1	571 97
33	580	0.0	1	520 60
34	1031	0.0	1	971 60
35	1005	0.0	1	922 83
36	1198	0.0	1	1057 141
37	1133	0.0	1	1035 98
38	1070	0.0	1	1000 70
39	875	0.0	1	785 90
40	966	0.0	1	881 85
41	961	0.0	1	890 71
42	823	0.0	1	778 45
43	999	0.0	1	959 40
44	1136	0.0	1	1059 77
45	939	0.0	1	892 47
46	1083	0.0	1	981 102
47	1123	0.0	1	1035 88
48	1127	0.0	1	1021 106
49	1054	0.0	1	995 59
50	1535	0.0	1	1457 78
51	1853	0.0	1	1706 147
52	1998	0.0	1	1828 170
53	1870	0.0	1	1735 135
54	2607	0.0	1	2429 178
55	1556	0.0	1	1461 95
56	1778	0.0	1	1607 171
57	1914	0.0	1	1753 161
58	3124	0.0	1	2809 315
59	3018	0.0	1	2764 254
60	3328	0.0	1	3075 253
61	4480	0.0	1	4281 199
62	12838	0.0	1	12383 455
63	4723	0.0	1	4177 546
64	12584	0.0	1	11879 705
65	7684	0.0	1	7216 468
66	4258	0.0	1	4034 224
67	4219	0.0	1	3836 383
68	4282	0.0	1	4069 213
69	7730	0.0	1	7376 354
70	11555	0.0	1	10774 781
71	13241	0.0	1	12253 988
72	31487	0.0	1	30326 1161
73	42779	0.0	1	40636 2143
74	45177	0.0	1	43169 2008
75	71788	0.0	1	66537 5251
76	39110	0.0	1	36753 2357
77	101319	0.0	1	96337 4982
78	25239	0.0	1	23672 1567
79	206664	0.0	1	197737 8927
80	177187	0.0	1	170465 6722
81	34698	0.0	1	32978 1720
82	145429	0.0	1	140248 5181
83	70352	0.0	1	67644 2708
84	23390	0.0	1	22377 1013
85	61298	0.0	1	59181 2117
86	7905	0.0	1	7319 586
87	50576	0.0	1	48262 2314
88	6666	0.0	1	6225 441
89	30335	0.0	1	29026 1309
90	92199	0.0	1	88535 3664
91	10926	0.0	1	10261 665
92	56770	0.0	1	54634 2136
93	12680	0.0	1	12182 498
94	4975	0.0	1	4708 267
95	19019	0.0	1	18161 858
96	63322	0.0	1	61196 2126
97	21638	0.0	1	20777 861
98	1295	0.0	1	1158 137
99	21807	0.0	1	21164 643
100	23709	0.0	1	22655 1054
101	31922	0.0	1	30813 1109
102	28493	0.0	1	27436 1057
103	8607	0.0	1	8233 374
104	5345	0.0	1	5036 309
105	26166	0.0	1	25188 978
106	59919	0.0	1	57963 1956
107	87137	0.0	1	84015 3122
108	121709	0.0	1	117375 4334
109	128553	0.0	1	123752 4801
110	141784	0.0	1	136207 5577
111	145691	0.0	1	140598 5093
112	66095	0.0	1	62369 3726
113	76952	0.0	1	73174 3778
114	142350	0.0	1	137863 4487
115	145124	0.0	1	139718 5406
116	148508	0.0	1	142103 6405
117	206349	0.0	1	198444 7905
118	215096	0.0	1	205536 9560
119	263155	0.0	1	253532 9623
120	471564	0.0	1	456205 15359
121	902312	0.0	1	875984 26328
122	631616	0.0	1	609168 22448
123	309234	0.0	1	293336 15898
124	230044	0.0	1	219604 10440
125	231284	0.0	1	221423 9861
126	251893	0.0	1	242373 9520
127	277743	0.0	1	267544 10199
128	336519	0.0	1	323955 12564
129	384717	0.0	1	371721 12996
130	221624	0.0	1	212471 9153
131	212660	0.0	1	203932 8728
132	261038	0.0	1	252226 8812
133	208115	0.0	1	199505 8610
134	208658	0.0	1	200889 7769
135	184296	0.0	1	177030 7266
136	192645	0.0	1	184201 8444
137	190081	0.0	1	182111 7970
138	201482	0.0	1	193745 7737
139	250557	0.0	1	241693 8864
140	351287	0.0	1	340187 11100
141	285927	0.0	1	274769 11158
142	146061	0.0	1	139143 6918
143	90409	0.0	1	85918 4491
144	85385	0.0	1	82206 3179
145	76572	0.0	1	73662 2910
146	53777	0.0	1	51505 2272
147	42587	0.0	1	39880 2707
148	9386	0.0	1	7422 1964
149	3447	0.0	1	990 2457
150	503	0.0	1	357 146
151	9548	0.0	1	8961 587
