This is cutadapt 5.2 with Python 3.12.13
Command line parameters: --cores 8 --adapter AACTGTAGGCACCATCAAT --discard-untrimmed --quality-cutoff 20 --minimum-length 15 --maximum-length 55 --output data/trimmed/SRR34661428.trimmed.fastq.gz data/fastq/SRR34661428.fastq.gz
Processing single-end reads on 8 cores ...

=== Summary ===

Total reads processed:              21,264,995
Reads with adapters:                20,760,421 (97.6%)

== Read fate breakdown ==
Reads that were too short:           2,138,841 (10.1%)
Reads that were too long:            3,130,723 (14.7%)
Reads discarded as untrimmed:           67,622 (0.3%)
Reads written (passing filters):    15,927,809 (74.9%)

Total basepairs processed: 1,405,151,846 bp
Quality-trimmed:               3,438,610 bp (0.2%)
Total written (filtered):    468,063,592 bp (33.3%)

=== Adapter 1 ===

Sequence: AACTGTAGGCACCATCAAT; Type: regular 3'; Length: 19; Trimmed: 20760421 times

Minimum overlap: 3
No. of allowed errors:
1-9 bp: 0; 10-19 bp: 1

Bases preceding removed adapters:
  A: 21.1%
  C: 21.6%
  G: 29.9%
  T: 27.4%
  none/other: 0.0%

Overview of removed sequences
length	count	expect	max.err	error counts
3	7390	332265.5	0	7390
4	3702	83066.4	0	3702
5	5398	20766.6	0	5398
6	3911	5191.6	0	3911
7	1858	1297.9	0	1858
8	3458	324.5	0	3458
9	5999	81.1	0	5983 16
10	3465	20.3	1	3008 457
11	3217	5.1	1	2971 246
12	4031	1.3	1	3740 291
13	4891	0.3	1	4553 338
14	4004	0.1	1	3683 321
15	5238	0.0	1	4880 358
16	5400	0.0	1	4998 402
17	6247	0.0	1	5814 433
18	12176	0.0	1	11380 796
19	9291	0.0	1	8667 624
20	7207	0.0	1	6618 589
21	12074	0.0	1	11277 797
22	10242	0.0	1	9500 742
23	6029	0.0	1	5361 668
24	8200	0.0	1	7365 835
25	7895	0.0	1	6852 1043
26	9368	0.0	1	8045 1323
27	13975	0.0	1	11879 2096
28	24868	0.0	1	21238 3630
29	46235	0.0	1	37707 8528
30	399451	0.0	1	287724 111727
31	19631917	0.0	1	19124232 507685
32	418558	0.0	1	366630 51928
33	5205	0.0	1	3852 1353
34	2815	0.0	1	1962 853
35	2247	0.0	1	1662 585
36	2222	0.0	1	1584 638
37	2881	0.0	1	2058 823
38	3144	0.0	1	2224 920
39	2070	0.0	1	1406 664
40	2508	0.0	1	1685 823
41	2609	0.0	1	1856 753
42	1840	0.0	1	1302 538
43	940	0.0	1	718 222
44	251	0.0	1	159 92
45	140	0.0	1	70 70
46	138	0.0	1	80 58
47	172	0.0	1	92 80
48	166	0.0	1	94 72
49	340	0.0	1	185 155
50	173	0.0	1	100 73
51	153	0.0	1	92 61
52	123	0.0	1	65 58
53	191	0.0	1	111 80
54	163	0.0	1	104 59
55	222	0.0	1	132 90
56	203	0.0	1	101 102
57	134	0.0	1	60 74
58	141	0.0	1	72 69
59	205	0.0	1	120 85
60	185	0.0	1	105 80
61	292	0.0	1	162 130
62	212	0.0	1	109 103
63	166	0.0	1	79 87
64	180	0.0	1	91 89
65	209	0.0	1	103 106
66	228	0.0	1	130 98
67	244	0.0	1	132 112
68	373	0.0	1	184 189
69	585	0.0	1	304 281
70	679	0.0	1	363 316
71	804	0.0	1	410 394
72	434	0.0	1	216 218
73	471	0.0	1	242 229
74	801	0.0	1	443 358
75	531	0.0	1	276 255
76	652	0.0	1	333 319
77	513	0.0	1	267 246
78	940	0.0	1	508 432
79	283	0.0	1	157 126
80	407	0.0	1	239 168
81	585	0.0	1	307 278
82	544	0.0	1	315 229
83	560	0.0	1	283 277
84	385	0.0	1	210 175
85	802	0.0	1	440 362
86	543	0.0	1	290 253
87	523	0.0	1	300 223
88	807	0.0	1	452 355
89	426	0.0	1	241 185
90	410	0.0	1	220 190
91	383	0.0	1	217 166
92	335	0.0	1	195 140
93	267	0.0	1	155 112
94	256	0.0	1	138 118
95	419	0.0	1	214 205
96	514	0.0	1	285 229
97	535	0.0	1	308 227
98	517	0.0	1	306 211
99	1053	0.0	1	599 454
100	620	0.0	1	359 261
101	607	0.0	1	376 231
102	909	0.0	1	563 346
103	1157	0.0	1	753 404
104	2191	0.0	1	1580 611
105	5453	0.0	1	4184 1269
106	2160	0.0	1	1623 537
107	651	0.0	1	430 221
108	321	0.0	1	211 110
109	269	0.0	1	149 120
110	221	0.0	1	133 88
111	170	0.0	1	101 69
112	138	0.0	1	79 59
113	123	0.0	1	70 53
114	170	0.0	1	99 71
115	150	0.0	1	91 59
116	239	0.0	1	125 114
117	300	0.0	1	165 135
118	349	0.0	1	195 154
119	434	0.0	1	251 183
120	512	0.0	1	291 221
121	738	0.0	1	411 327
122	468	0.0	1	252 216
123	316	0.0	1	173 143
124	254	0.0	1	128 126
125	271	0.0	1	146 125
126	241	0.0	1	130 111
127	293	0.0	1	158 135
128	284	0.0	1	150 134
129	311	0.0	1	168 143
130	223	0.0	1	129 94
131	198	0.0	1	111 87
132	233	0.0	1	137 96
133	146	0.0	1	92 54
134	221	0.0	1	132 89
135	367	0.0	1	228 139
136	288	0.0	1	182 106
137	224	0.0	1	154 70
138	239	0.0	1	161 78
139	259	0.0	1	178 81
140	310	0.0	1	233 77
141	217	0.0	1	164 53
142	134	0.0	1	109 25
143	495	0.0	1	469 26
144	234	0.0	1	218 16
145	101	0.0	1	97 4
146	49	0.0	1	44 5
147	11	0.0	1	11
148	6	0.0	1	6
150	1	0.0	1	1
151	1	0.0	1	1
