This is cutadapt 5.2 with Python 3.12.13
Command line parameters: --cores 8 --adapter AACTGTAGGCACCATCAAT --discard-untrimmed --quality-cutoff 20 --minimum-length 15 --maximum-length 55 --output data/trimmed/SRR34661426.trimmed.fastq.gz data/fastq/SRR34661426.fastq.gz
Processing single-end reads on 8 cores ...

=== Summary ===

Total reads processed:              12,525,571
Reads with adapters:                12,312,021 (98.3%)

== Read fate breakdown ==
Reads that were too short:           1,269,440 (10.1%)
Reads that were too long:            2,210,194 (17.6%)
Reads discarded as untrimmed:           40,616 (0.3%)
Reads written (passing filters):     9,005,321 (71.9%)

Total basepairs processed:   806,017,969 bp
Quality-trimmed:               2,565,287 bp (0.3%)
Total written (filtered):    235,177,009 bp (29.2%)

=== Adapter 1 ===

Sequence: AACTGTAGGCACCATCAAT; Type: regular 3'; Length: 19; Trimmed: 12312021 times

Minimum overlap: 3
No. of allowed errors:
1-9 bp: 0; 10-19 bp: 1

Bases preceding removed adapters:
  A: 19.6%
  C: 19.6%
  G: 30.2%
  T: 30.6%
  none/other: 0.0%

Overview of removed sequences
length	count	expect	max.err	error counts
3	3376	195712.0	0	3376
4	1509	48928.0	0	1509
5	2105	12232.0	0	2105
6	2701	3058.0	0	2701
7	1000	764.5	0	1000
8	1479	191.1	0	1479
9	3913	47.8	0	3904 9
10	2608	11.9	1	2268 340
11	2496	3.0	1	2338 158
12	3196	0.7	1	2971 225
13	4528	0.2	1	4231 297
14	3057	0.0	1	2822 235
15	5291	0.0	1	4937 354
16	2448	0.0	1	2225 223
17	3610	0.0	1	3291 319
18	7212	0.0	1	6705 507
19	8751	0.0	1	8212 539
20	6040	0.0	1	5587 453
21	6937	0.0	1	6432 505
22	3087	0.0	1	2754 333
23	2725	0.0	1	2333 392
24	4305	0.0	1	3762 543
25	4046	0.0	1	3423 623
26	4549	0.0	1	3643 906
27	7151	0.0	1	5794 1357
28	13436	0.0	1	11197 2239
29	26026	0.0	1	20814 5212
30	238425	0.0	1	169382 69043
31	11606974	0.0	1	11309336 297638
32	280689	0.0	1	246729 33960
33	2945	0.0	1	2044 901
34	1418	0.0	1	904 514
35	1269	0.0	1	877 392
36	1511	0.0	1	1074 437
37	1703	0.0	1	1171 532
38	2078	0.0	1	1459 619
39	1360	0.0	1	914 446
40	1643	0.0	1	1080 563
41	1590	0.0	1	1125 465
42	1175	0.0	1	842 333
43	524	0.0	1	391 133
44	159	0.0	1	105 54
45	94	0.0	1	35 59
46	106	0.0	1	53 53
47	103	0.0	1	53 50
48	123	0.0	1	49 74
49	171	0.0	1	90 81
50	129	0.0	1	65 64
51	121	0.0	1	56 65
52	114	0.0	1	59 55
53	161	0.0	1	75 86
54	120	0.0	1	60 60
55	137	0.0	1	71 66
56	118	0.0	1	55 63
57	122	0.0	1	62 60
58	124	0.0	1	50 74
59	156	0.0	1	86 70
60	135	0.0	1	55 80
61	215	0.0	1	107 108
62	105	0.0	1	51 54
63	131	0.0	1	61 70
64	131	0.0	1	61 70
65	189	0.0	1	97 92
66	127	0.0	1	61 66
67	194	0.0	1	107 87
68	215	0.0	1	107 108
69	273	0.0	1	129 144
70	359	0.0	1	190 169
71	288	0.0	1	145 143
72	473	0.0	1	243 230
73	380	0.0	1	199 181
74	563	0.0	1	293 270
75	677	0.0	1	337 340
76	756	0.0	1	394 362
77	408	0.0	1	230 178
78	757	0.0	1	414 343
79	271	0.0	1	136 135
80	371	0.0	1	218 153
81	450	0.0	1	235 215
82	505	0.0	1	278 227
83	442	0.0	1	243 199
84	311	0.0	1	170 141
85	733	0.0	1	424 309
86	510	0.0	1	285 225
87	428	0.0	1	232 196
88	502	0.0	1	290 212
89	333	0.0	1	166 167
90	272	0.0	1	149 123
91	211	0.0	1	117 94
92	212	0.0	1	110 102
93	139	0.0	1	74 65
94	171	0.0	1	96 75
95	253	0.0	1	125 128
96	305	0.0	1	161 144
97	292	0.0	1	169 123
98	286	0.0	1	168 118
99	622	0.0	1	312 310
100	348	0.0	1	211 137
101	380	0.0	1	246 134
102	517	0.0	1	304 213
103	650	0.0	1	443 207
104	1133	0.0	1	823 310
105	3373	0.0	1	2531 842
106	1324	0.0	1	951 373
107	444	0.0	1	295 149
108	178	0.0	1	98 80
109	130	0.0	1	74 56
110	114	0.0	1	63 51
111	75	0.0	1	38 37
112	75	0.0	1	33 42
113	84	0.0	1	42 42
114	110	0.0	1	53 57
115	117	0.0	1	61 56
116	129	0.0	1	69 60
117	188	0.0	1	103 85
118	197	0.0	1	103 94
119	193	0.0	1	89 104
120	204	0.0	1	109 95
121	252	0.0	1	141 111
122	204	0.0	1	109 95
123	156	0.0	1	75 81
124	147	0.0	1	90 57
125	108	0.0	1	57 51
126	117	0.0	1	56 61
127	175	0.0	1	97 78
128	284	0.0	1	143 141
129	405	0.0	1	207 198
130	191	0.0	1	103 88
131	249	0.0	1	138 111
132	290	0.0	1	159 131
133	137	0.0	1	88 49
134	148	0.0	1	92 56
135	312	0.0	1	187 125
136	308	0.0	1	179 129
137	184	0.0	1	120 64
138	186	0.0	1	111 75
139	165	0.0	1	93 72
140	147	0.0	1	99 48
141	107	0.0	1	78 29
142	107	0.0	1	86 21
143	339	0.0	1	309 30
144	221	0.0	1	209 12
145	101	0.0	1	99 2
146	58	0.0	1	56 2
147	15	0.0	1	12 3
148	5	0.0	1	4 1
151	1	0.0	1	1
