This is cutadapt 5.2 with Python 3.12.13
Command line parameters: --cores 8 --adapter AACTGTAGGCACCATCAAT --discard-untrimmed --quality-cutoff 20 --minimum-length 15 --maximum-length 55 --output data/trimmed/SRR34661424.trimmed.fastq.gz data/fastq/SRR34661424.fastq.gz
Processing single-end reads on 8 cores ...

=== Summary ===

Total reads processed:              17,924,853
Reads with adapters:                17,750,834 (99.0%)

== Read fate breakdown ==
Reads that were too short:           1,533,814 (8.6%)
Reads that were too long:            2,966,392 (16.5%)
Reads discarded as untrimmed:           33,844 (0.2%)
Reads written (passing filters):    13,390,803 (74.7%)

Total basepairs processed: 1,176,069,310 bp
Quality-trimmed:               2,786,661 bp (0.2%)
Total written (filtered):    381,744,003 bp (32.5%)

=== Adapter 1 ===

Sequence: AACTGTAGGCACCATCAAT; Type: regular 3'; Length: 19; Trimmed: 17750834 times

Minimum overlap: 3
No. of allowed errors:
1-9 bp: 0; 10-19 bp: 1

Bases preceding removed adapters:
  A: 17.8%
  C: 23.3%
  G: 31.3%
  T: 27.5%
  none/other: 0.0%

Overview of removed sequences
length	count	expect	max.err	error counts
3	3330	280075.8	0	3330
4	1632	70019.0	0	1632
5	2445	17504.7	0	2445
6	3026	4376.2	0	3026
7	1196	1094.0	0	1196
8	1570	273.5	0	1570
9	4730	68.4	0	4723 7
10	2715	17.1	1	2307 408
11	2411	4.3	1	2238 173
12	3440	1.1	1	3193 247
13	5143	0.3	1	4780 363
14	3483	0.1	1	3235 248
15	5279	0.0	1	4931 348
16	2875	0.0	1	2663 212
17	3615	0.0	1	3332 283
18	8031	0.0	1	7511 520
19	9437	0.0	1	8881 556
20	7839	0.0	1	7262 577
21	8556	0.0	1	7949 607
22	3838	0.0	1	3371 467
23	3684	0.0	1	3176 508
24	5648	0.0	1	4938 710
25	5982	0.0	1	5137 845
26	6655	0.0	1	5525 1130
27	10282	0.0	1	8450 1832
28	20007	0.0	1	16618 3389
29	39121	0.0	1	31884 7237
30	335668	0.0	1	242112 93556
31	16805332	0.0	1	16384282 421050
32	369730	0.0	1	327391 42339
33	4034	0.0	1	2970 1064
34	1808	0.0	1	1224 584
35	1655	0.0	1	1192 463
36	1687	0.0	1	1189 498
37	1972	0.0	1	1400 572
38	2619	0.0	1	1845 774
39	1672	0.0	1	1150 522
40	1531	0.0	1	1112 419
41	2116	0.0	1	1532 584
42	1286	0.0	1	933 353
43	802	0.0	1	625 177
44	277	0.0	1	177 100
45	160	0.0	1	84 76
46	166	0.0	1	95 71
47	134	0.0	1	58 76
48	172	0.0	1	82 90
49	303	0.0	1	166 137
50	196	0.0	1	103 93
51	199	0.0	1	111 88
52	117	0.0	1	65 52
53	183	0.0	1	107 76
54	120	0.0	1	55 65
55	135	0.0	1	66 69
56	179	0.0	1	85 94
57	161	0.0	1	81 80
58	164	0.0	1	85 79
59	237	0.0	1	137 100
60	211	0.0	1	103 108
61	398	0.0	1	193 205
62	213	0.0	1	108 105
63	197	0.0	1	104 93
64	235	0.0	1	127 108
65	304	0.0	1	170 134
66	372	0.0	1	200 172
67	158	0.0	1	84 74
68	266	0.0	1	144 122
69	483	0.0	1	235 248
70	332	0.0	1	158 174
71	304	0.0	1	149 155
72	267	0.0	1	137 130
73	438	0.0	1	234 204
74	451	0.0	1	242 209
75	902	0.0	1	490 412
76	652	0.0	1	359 293
77	631	0.0	1	356 275
78	738	0.0	1	408 330
79	271	0.0	1	150 121
80	303	0.0	1	179 124
81	488	0.0	1	264 224
82	584	0.0	1	331 253
83	542	0.0	1	320 222
84	398	0.0	1	240 158
85	1043	0.0	1	587 456
86	687	0.0	1	400 287
87	542	0.0	1	321 221
88	730	0.0	1	407 323
89	407	0.0	1	216 191
90	320	0.0	1	186 134
91	318	0.0	1	196 122
92	309	0.0	1	168 141
93	209	0.0	1	124 85
94	231	0.0	1	124 107
95	374	0.0	1	197 177
96	449	0.0	1	263 186
97	538	0.0	1	309 229
98	448	0.0	1	273 175
99	1305	0.0	1	764 541
100	640	0.0	1	395 245
101	671	0.0	1	415 256
102	855	0.0	1	546 309
103	1057	0.0	1	711 346
104	1758	0.0	1	1276 482
105	4761	0.0	1	3689 1072
106	1757	0.0	1	1376 381
107	542	0.0	1	392 150
108	266	0.0	1	168 98
109	190	0.0	1	124 66
110	171	0.0	1	101 70
111	96	0.0	1	52 44
112	102	0.0	1	60 42
113	103	0.0	1	57 46
114	154	0.0	1	92 62
115	163	0.0	1	79 84
116	251	0.0	1	128 123
117	345	0.0	1	198 147
118	347	0.0	1	192 155
119	370	0.0	1	199 171
120	394	0.0	1	208 186
121	525	0.0	1	320 205
122	382	0.0	1	195 187
123	227	0.0	1	124 103
124	173	0.0	1	92 81
125	244	0.0	1	126 118
126	220	0.0	1	127 93
127	269	0.0	1	152 117
128	363	0.0	1	198 165
129	454	0.0	1	251 203
130	278	0.0	1	154 124
131	254	0.0	1	153 101
132	243	0.0	1	139 104
133	216	0.0	1	124 92
134	228	0.0	1	149 79
135	421	0.0	1	264 157
136	324	0.0	1	214 110
137	238	0.0	1	156 82
138	237	0.0	1	162 75
139	216	0.0	1	164 52
140	193	0.0	1	136 57
141	152	0.0	1	105 47
142	120	0.0	1	97 23
143	470	0.0	1	435 35
144	319	0.0	1	296 23
145	147	0.0	1	137 10
146	67	0.0	1	55 12
147	20	0.0	1	19 1
148	6	0.0	1	4 2
151	2	0.0	1	2
