This is cutadapt 5.2 with Python 3.12.13
Command line parameters: --cores 8 --adapter AACTGTAGGCACCATCAAT --discard-untrimmed --quality-cutoff 20 --minimum-length 15 --maximum-length 55 --output data/trimmed/SRR34661427.trimmed.fastq.gz data/fastq/SRR34661427.fastq.gz
Processing single-end reads on 8 cores ...

=== Summary ===

Total reads processed:              14,547,184
Reads with adapters:                14,233,074 (97.8%)

== Read fate breakdown ==
Reads that were too short:           1,327,422 (9.1%)
Reads that were too long:            3,565,358 (24.5%)
Reads discarded as untrimmed:           56,302 (0.4%)
Reads written (passing filters):     9,598,102 (66.0%)

Total basepairs processed: 1,000,620,825 bp
Quality-trimmed:               2,986,209 bp (0.3%)
Total written (filtered):    263,510,752 bp (26.3%)

=== Adapter 1 ===

Sequence: AACTGTAGGCACCATCAAT; Type: regular 3'; Length: 19; Trimmed: 14233074 times

Minimum overlap: 3
No. of allowed errors:
1-9 bp: 0; 10-19 bp: 1

Bases preceding removed adapters:
  A: 24.7%
  C: 17.9%
  G: 27.9%
  T: 29.6%
  none/other: 0.0%

Overview of removed sequences
length	count	expect	max.err	error counts
3	5338	227299.8	0	5338
4	2515	56824.9	0	2515
5	3512	14206.2	0	3512
6	4208	3551.6	0	4208
7	1857	887.9	0	1857
8	2651	222.0	0	2651
9	6208	55.5	0	6193 15
10	4512	13.9	1	3932 580
11	5565	3.5	1	5217 348
12	6871	0.9	1	6426 445
13	8338	0.2	1	7795 543
14	6448	0.1	1	6001 447
15	11148	0.0	1	10508 640
16	5147	0.0	1	4791 356
17	7699	0.0	1	7173 526
18	15788	0.0	1	14711 1077
19	18896	0.0	1	17868 1028
20	11652	0.0	1	10827 825
21	13839	0.0	1	12961 878
22	5730	0.0	1	5189 541
23	5352	0.0	1	4770 582
24	9165	0.0	1	8341 824
25	7356	0.0	1	6476 880
26	6867	0.0	1	5724 1143
27	9405	0.0	1	7765 1640
28	16520	0.0	1	13742 2778
29	31299	0.0	1	25167 6132
30	272970	0.0	1	196387 76583
31	13347675	0.0	1	12992715 354960
32	319672	0.0	1	281755 37917
33	3490	0.0	1	2550 940
34	1762	0.0	1	1160 602
35	1740	0.0	1	1202 538
36	1776	0.0	1	1277 499
37	2067	0.0	1	1458 609
38	2583	0.0	1	1837 746
39	1620	0.0	1	1095 525
40	1995	0.0	1	1326 669
41	2012	0.0	1	1455 557
42	1334	0.0	1	935 399
43	623	0.0	1	478 145
44	199	0.0	1	127 72
45	135	0.0	1	71 64
46	134	0.0	1	68 66
47	153	0.0	1	73 80
48	171	0.0	1	89 82
49	241	0.0	1	117 124
50	162	0.0	1	98 64
51	160	0.0	1	69 91
52	101	0.0	1	58 43
53	180	0.0	1	102 78
54	126	0.0	1	60 66
55	113	0.0	1	53 60
56	149	0.0	1	75 74
57	116	0.0	1	56 60
58	134	0.0	1	65 69
59	192	0.0	1	98 94
60	188	0.0	1	87 101
61	287	0.0	1	163 124
62	255	0.0	1	137 118
63	180	0.0	1	91 89
64	200	0.0	1	113 87
65	379	0.0	1	210 169
66	217	0.0	1	121 96
67	310	0.0	1	169 141
68	241	0.0	1	117 124
69	452	0.0	1	235 217
70	282	0.0	1	137 145
71	554	0.0	1	285 269
72	555	0.0	1	285 270
73	767	0.0	1	410 357
74	299	0.0	1	161 138
75	739	0.0	1	405 334
76	733	0.0	1	385 348
77	501	0.0	1	264 237
78	805	0.0	1	456 349
79	293	0.0	1	161 132
80	494	0.0	1	304 190
81	681	0.0	1	382 299
82	632	0.0	1	381 251
83	604	0.0	1	329 275
84	379	0.0	1	218 161
85	1124	0.0	1	641 483
86	699	0.0	1	406 293
87	584	0.0	1	323 261
88	704	0.0	1	381 323
89	363	0.0	1	208 155
90	332	0.0	1	188 144
91	277	0.0	1	150 127
92	244	0.0	1	140 104
93	182	0.0	1	89 93
94	186	0.0	1	99 87
95	294	0.0	1	159 135
96	317	0.0	1	189 128
97	367	0.0	1	201 166
98	295	0.0	1	157 138
99	782	0.0	1	453 329
100	375	0.0	1	219 156
101	444	0.0	1	241 203
102	592	0.0	1	360 232
103	782	0.0	1	486 296
104	1411	0.0	1	945 466
105	3903	0.0	1	2848 1055
106	1621	0.0	1	1116 505
107	564	0.0	1	355 209
108	259	0.0	1	159 100
109	208	0.0	1	123 85
110	160	0.0	1	89 71
111	148	0.0	1	81 67
112	98	0.0	1	46 52
113	125	0.0	1	66 59
114	129	0.0	1	74 55
115	118	0.0	1	66 52
116	180	0.0	1	96 84
117	204	0.0	1	110 94
118	181	0.0	1	102 79
119	248	0.0	1	125 123
120	286	0.0	1	146 140
121	353	0.0	1	201 152
122	265	0.0	1	140 125
123	180	0.0	1	88 92
124	151	0.0	1	93 58
125	162	0.0	1	78 84
126	157	0.0	1	86 71
127	228	0.0	1	117 111
128	377	0.0	1	187 190
129	509	0.0	1	280 229
130	229	0.0	1	116 113
131	190	0.0	1	106 84
132	231	0.0	1	133 98
133	142	0.0	1	76 66
134	141	0.0	1	88 53
135	253	0.0	1	137 116
136	206	0.0	1	118 88
137	178	0.0	1	122 56
138	187	0.0	1	117 70
139	177	0.0	1	132 45
140	202	0.0	1	142 60
141	133	0.0	1	87 46
142	107	0.0	1	87 20
143	376	0.0	1	352 24
144	255	0.0	1	229 26
145	126	0.0	1	117 9
146	50	0.0	1	46 4
147	18	0.0	1	18
148	5	0.0	1	4 1
149	1	0.0	1	1
151	1	0.0	1	1
