This is cutadapt 5.2 with Python 3.12.13
Command line parameters: --cores 8 --adapter AACTGTAGGCACCATCAAT --discard-untrimmed --quality-cutoff 20 --minimum-length 15 --maximum-length 55 --output data/trimmed/SRR34661419.trimmed.fastq.gz data/fastq/SRR34661419.fastq.gz
Processing single-end reads on 8 cores ...

=== Summary ===

Total reads processed:              10,196,466
Reads with adapters:                 9,779,616 (95.9%)

== Read fate breakdown ==
Reads that were too short:           2,350,851 (23.1%)
Reads that were too long:              655,571 (6.4%)
Reads discarded as untrimmed:            1,976 (0.0%)
Reads written (passing filters):     7,188,068 (70.5%)

Total basepairs processed: 1,539,666,366 bp
Quality-trimmed:              10,857,006 bp (0.7%)
Total written (filtered):    195,980,093 bp (12.7%)

=== Adapter 1 ===

Sequence: AACTGTAGGCACCATCAAT; Type: regular 3'; Length: 19; Trimmed: 9779616 times

Minimum overlap: 3
No. of allowed errors:
1-9 bp: 0; 10-19 bp: 1

Bases preceding removed adapters:
  A: 17.3%
  C: 16.2%
  G: 44.7%
  T: 21.6%
  none/other: 0.2%

Overview of removed sequences
length	count	expect	max.err	error counts
3	576	159319.8	0	576
4	307	39829.9	0	307
5	152	9957.5	0	152
6	223	2489.4	0	223
7	153	622.3	0	153
8	136	155.6	0	136
9	237	38.9	0	237
10	273	9.7	1	259 14
11	170	2.4	1	156 14
12	194	0.6	1	170 24
13	309	0.2	1	269 40
14	226	0.0	1	196 30
15	264	0.0	1	239 25
16	342	0.0	1	294 48
17	299	0.0	1	264 35
18	484	0.0	1	454 30
19	473	0.0	1	438 35
20	314	0.0	1	275 39
21	483	0.0	1	439 44
22	322	0.0	1	285 37
23	225	0.0	1	195 30
24	357	0.0	1	322 35
25	268	0.0	1	224 44
26	241	0.0	1	212 29
27	269	0.0	1	232 37
28	260	0.0	1	221 39
29	275	0.0	1	232 43
30	301	0.0	1	246 55
31	454	0.0	1	384 70
32	274	0.0	1	233 41
33	253	0.0	1	223 30
34	432	0.0	1	400 32
35	336	0.0	1	295 41
36	485	0.0	1	402 83
37	417	0.0	1	374 43
38	362	0.0	1	334 28
39	326	0.0	1	300 26
40	299	0.0	1	264 35
41	325	0.0	1	303 22
42	289	0.0	1	275 14
43	312	0.0	1	291 21
44	382	0.0	1	347 35
45	338	0.0	1	319 19
46	392	0.0	1	355 37
47	357	0.0	1	331 26
48	420	0.0	1	377 43
49	371	0.0	1	354 17
50	366	0.0	1	351 15
51	496	0.0	1	456 40
52	576	0.0	1	511 65
53	529	0.0	1	493 36
54	658	0.0	1	602 56
55	470	0.0	1	450 20
56	518	0.0	1	472 46
57	538	0.0	1	507 31
58	654	0.0	1	592 62
59	917	0.0	1	800 117
60	874	0.0	1	743 131
61	1000	0.0	1	941 59
62	2010	0.0	1	1927 83
63	1194	0.0	1	1077 117
64	2023	0.0	1	1917 106
65	1538	0.0	1	1457 81
66	1814	0.0	1	1583 231
67	3009	0.0	1	2458 551
68	2281	0.0	1	2017 264
69	2916	0.0	1	2673 243
70	4192	0.0	1	3731 461
71	4468	0.0	1	3969 499
72	6819	0.0	1	6292 527
73	9988	0.0	1	9050 938
74	10094	0.0	1	9276 818
75	30048	0.0	1	27157 2891
76	14486	0.0	1	13275 1211
77	28351	0.0	1	26546 1805
78	7119	0.0	1	6503 616
79	55247	0.0	1	52402 2845
80	121461	0.0	1	116947 4514
81	33816	0.0	1	32346 1470
82	33609	0.0	1	32355 1254
83	17652	0.0	1	16957 695
84	9922	0.0	1	9536 386
85	6701	0.0	1	6429 272
86	934	0.0	1	873 61
87	8118	0.0	1	7750 368
88	1219	0.0	1	1130 89
89	7154	0.0	1	6842 312
90	20779	0.0	1	20016 763
91	2364	0.0	1	2199 165
92	13728	0.0	1	13195 533
93	10047	0.0	1	9711 336
94	2932	0.0	1	2782 150
95	8579	0.0	1	8238 341
96	24978	0.0	1	24225 753
97	19212	0.0	1	18580 632
98	1676	0.0	1	1591 85
99	1764	0.0	1	1681 83
100	5713	0.0	1	5461 252
101	10040	0.0	1	9712 328
102	9811	0.0	1	9491 320
103	2830	0.0	1	2695 135
104	3462	0.0	1	3241 221
105	13322	0.0	1	12853 469
106	28168	0.0	1	27225 943
107	46204	0.0	1	44646 1558
108	79025	0.0	1	76343 2682
109	82284	0.0	1	79369 2915
110	71200	0.0	1	67901 3299
111	94224	0.0	1	91118 3106
112	38645	0.0	1	36265 2380
113	44866	0.0	1	42715 2151
114	63261	0.0	1	61148 2113
115	81429	0.0	1	78589 2840
116	91375	0.0	1	87041 4334
117	155081	0.0	1	149514 5567
118	158977	0.0	1	150581 8396
119	254129	0.0	1	244393 9736
120	351099	0.0	1	339299 11800
121	823891	0.0	1	801154 22737
122	555940	0.0	1	536632 19308
123	263586	0.0	1	250603 12983
124	213605	0.0	1	204024 9581
125	230976	0.0	1	222008 8968
126	233364	0.0	1	225037 8327
127	282217	0.0	1	272536 9681
128	333102	0.0	1	321334 11768
129	497592	0.0	1	482260 15332
130	242069	0.0	1	232267 9802
131	261825	0.0	1	251702 10123
132	379525	0.0	1	367647 11878
133	216650	0.0	1	207055 9595
134	216373	0.0	1	208273 8100
135	220307	0.0	1	212039 8268
136	247154	0.0	1	237332 9822
137	229926	0.0	1	219962 9964
138	258003	0.0	1	248651 9352
139	343848	0.0	1	332241 11607
140	493472	0.0	1	478754 14718
141	416955	0.0	1	400616 16339
142	210363	0.0	1	200727 9636
143	100103	0.0	1	94472 5631
144	86692	0.0	1	83359 3333
145	71561	0.0	1	68737 2824
146	47732	0.0	1	45393 2339
147	33207	0.0	1	30777 2430
148	8153	0.0	1	6466 1687
149	2998	0.0	1	1168 1830
150	1077	0.0	1	839 238
151	15410	0.0	1	14265 1145
