This is cutadapt 5.2 with Python 3.12.13
Command line parameters: --cores 8 --adapter AACTGTAGGCACCATCAAT --discard-untrimmed --quality-cutoff 20 --minimum-length 15 --maximum-length 55 --output data/trimmed/SRR34661437.trimmed.fastq.gz data/fastq/SRR34661437.fastq.gz
Processing single-end reads on 8 cores ...

=== Summary ===

Total reads processed:              30,896,231
Reads with adapters:                28,783,268 (93.2%)

== Read fate breakdown ==
Reads that were too short:           4,454,931 (14.4%)
Reads that were too long:            6,019,802 (19.5%)
Reads discarded as untrimmed:          468,162 (1.5%)
Reads written (passing filters):    19,953,336 (64.6%)

Total basepairs processed: 2,162,167,367 bp
Quality-trimmed:               3,339,793 bp (0.2%)
Total written (filtered):    641,590,110 bp (29.7%)

=== Adapter 1 ===

Sequence: AACTGTAGGCACCATCAAT; Type: regular 3'; Length: 19; Trimmed: 28783268 times

Minimum overlap: 3
No. of allowed errors:
1-9 bp: 0; 10-19 bp: 1

Bases preceding removed adapters:
  A: 32.3%
  C: 17.2%
  G: 28.1%
  T: 22.3%
  none/other: 0.1%

Overview of removed sequences
length	count	expect	max.err	error counts
3	30149	482753.6	0	30149
4	14806	120688.4	0	14806
5	7223	30172.1	0	7223
6	19384	7543.0	0	19384
7	247	1885.8	0	247
8	483	471.4	0	483
9	8338	117.9	0	8304 34
10	12317	29.5	1	11900 417
11	65	7.4	1	23 42
12	9816	1.8	1	9487 329
13	17777	0.5	1	17311 466
14	528	0.1	1	411 117
15	8044	0.0	1	7772 272
16	27982	0.0	1	26908 1074
17	13927	0.0	1	13439 488
18	618	0.0	1	410 208
19	13794	0.0	1	13198 596
20	19552	0.0	1	18768 784
21	12887	0.0	1	12294 593
22	7653	0.0	1	7140 513
23	8929	0.0	1	8404 525
24	9088	0.0	1	8391 697
25	8798	0.0	1	7895 903
26	11972	0.0	1	10665 1307
27	18500	0.0	1	16389 2111
28	36150	0.0	1	31806 4344
29	89638	0.0	1	76645 12993
30	670109	0.0	1	514122 155987
31	27542329	0.0	1	26822314 720015
32	121723	0.0	1	83410 38313
33	972	0.0	1	814 158
34	319	0.0	1	283 36
35	264	0.0	1	230 34
36	413	0.0	1	362 51
37	315	0.0	1	274 41
38	296	0.0	1	244 52
39	350	0.0	1	298 52
40	70	0.0	1	44 26
41	37	0.0	1	23 14
42	24	0.0	1	20 4
43	66	0.0	1	46 20
44	92	0.0	1	62 30
45	44	0.0	1	29 15
46	63	0.0	1	37 26
47	66	0.0	1	34 32
48	102	0.0	1	59 43
49	91	0.0	1	62 29
50	61	0.0	1	44 17
51	43	0.0	1	25 18
52	57	0.0	1	39 18
53	102	0.0	1	76 26
54	58	0.0	1	37 21
55	63	0.0	1	40 23
56	44	0.0	1	25 19
57	49	0.0	1	28 21
58	98	0.0	1	64 34
59	110	0.0	1	70 40
60	58	0.0	1	30 28
61	29	0.0	1	19 10
62	46	0.0	1	32 14
63	93	0.0	1	53 40
64	32	0.0	1	16 16
65	118	0.0	1	59 59
66	221	0.0	1	109 112
67	90	0.0	1	59 31
68	180	0.0	1	83 97
69	122	0.0	1	63 59
70	156	0.0	1	87 69
71	226	0.0	1	126 100
72	147	0.0	1	78 69
73	296	0.0	1	159 137
74	317	0.0	1	162 155
75	621	0.0	1	333 288
76	464	0.0	1	266 198
77	412	0.0	1	240 172
78	726	0.0	1	386 340
79	375	0.0	1	221 154
80	453	0.0	1	267 186
81	222	0.0	1	133 89
82	650	0.0	1	358 292
83	244	0.0	1	149 95
84	366	0.0	1	205 161
85	441	0.0	1	246 195
86	274	0.0	1	141 133
87	319	0.0	1	179 140
88	265	0.0	1	125 140
89	376	0.0	1	202 174
90	287	0.0	1	131 156
91	194	0.0	1	111 83
92	260	0.0	1	143 117
93	234	0.0	1	120 114
94	163	0.0	1	89 74
95	315	0.0	1	158 157
96	440	0.0	1	232 208
97	373	0.0	1	191 182
98	367	0.0	1	172 195
99	433	0.0	1	221 212
100	555	0.0	1	283 272
101	684	0.0	1	353 331
102	336	0.0	1	172 164
103	198	0.0	1	106 92
104	254	0.0	1	130 124
105	328	0.0	1	175 153
106	476	0.0	1	243 233
107	901	0.0	1	491 410
108	776	0.0	1	448 328
109	710	0.0	1	387 323
110	761	0.0	1	445 316
111	327	0.0	1	171 156
112	357	0.0	1	173 184
113	382	0.0	1	214 168
114	413	0.0	1	230 183
115	518	0.0	1	274 244
116	578	0.0	1	332 246
117	515	0.0	1	288 227
118	788	0.0	1	437 351
119	1179	0.0	1	721 458
120	1697	0.0	1	1071 626
121	1101	0.0	1	686 415
122	664	0.0	1	378 286
123	567	0.0	1	306 261
124	561	0.0	1	322 239
125	575	0.0	1	320 255
126	560	0.0	1	337 223
127	559	0.0	1	339 220
128	751	0.0	1	486 265
129	526	0.0	1	327 199
130	501	0.0	1	328 173
131	390	0.0	1	231 159
132	390	0.0	1	267 123
133	336	0.0	1	224 112
134	374	0.0	1	260 114
135	424	0.0	1	294 130
136	372	0.0	1	255 117
137	399	0.0	1	290 109
138	517	0.0	1	376 141
139	690	0.0	1	505 185
140	460	0.0	1	348 112
141	326	0.0	1	238 88
142	214	0.0	1	159 55
143	155	0.0	1	106 49
144	107	0.0	1	82 25
145	70	0.0	1	48 22
146	50	0.0	1	40 10
147	76	0.0	1	52 24
148	289	0.0	1	218 71
149	15	0.0	1	11 4
150	16	0.0	1	12 4
