This is cutadapt 5.2 with Python 3.12.13
Command line parameters: --cores 8 --adapter AACTGTAGGCACCATCAAT --discard-untrimmed --quality-cutoff 20 --minimum-length 15 --maximum-length 55 --output data/trimmed/SRR34661440.trimmed.fastq.gz data/fastq/SRR34661440.fastq.gz
Processing single-end reads on 8 cores ...

=== Summary ===

Total reads processed:              29,871,653
Reads with adapters:                28,591,052 (95.7%)

== Read fate breakdown ==
Reads that were too short:           3,419,835 (11.4%)
Reads that were too long:            4,527,573 (15.2%)
Reads discarded as untrimmed:          459,160 (1.5%)
Reads written (passing filters):    21,465,085 (71.9%)

Total basepairs processed: 2,013,460,293 bp
Quality-trimmed:               2,559,143 bp (0.1%)
Total written (filtered):    697,588,021 bp (34.6%)

=== Adapter 1 ===

Sequence: AACTGTAGGCACCATCAAT; Type: regular 3'; Length: 19; Trimmed: 28591052 times

Minimum overlap: 3
No. of allowed errors:
1-9 bp: 0; 10-19 bp: 1

Bases preceding removed adapters:
  A: 32.7%
  C: 16.7%
  G: 26.1%
  T: 24.4%
  none/other: 0.1%

Overview of removed sequences
length	count	expect	max.err	error counts
3	17939	466744.6	0	17939
4	8456	116686.1	0	8456
5	4003	29171.5	0	4003
6	9950	7292.9	0	9950
7	136	1823.2	0	136
8	249	455.8	0	249
9	3719	114.0	0	3690 29
10	7275	28.5	1	7026 249
11	35	7.1	1	14 21
12	5111	1.8	1	4928 183
13	9429	0.4	1	9121 308
14	283	0.1	1	224 59
15	4414	0.0	1	4254 160
16	14053	0.0	1	13476 577
17	7300	0.0	1	7006 294
18	397	0.0	1	264 133
19	7556	0.0	1	7166 390
20	10332	0.0	1	9835 497
21	7161	0.0	1	6786 375
22	4974	0.0	1	4618 356
23	4887	0.0	1	4476 411
24	5381	0.0	1	4772 609
25	6347	0.0	1	5477 870
26	10203	0.0	1	8673 1530
27	16004	0.0	1	13592 2412
28	33041	0.0	1	27936 5105
29	85215	0.0	1	70409 14806
30	692652	0.0	1	526988 165664
31	27458178	0.0	1	26671863 786315
32	117566	0.0	1	80201 37365
33	746	0.0	1	607 139
34	196	0.0	1	169 27
35	175	0.0	1	147 28
36	214	0.0	1	177 37
37	156	0.0	1	128 28
38	185	0.0	1	150 35
39	198	0.0	1	149 49
40	42	0.0	1	24 18
41	28	0.0	1	23 5
42	23	0.0	1	12 11
43	53	0.0	1	33 20
44	50	0.0	1	32 18
45	32	0.0	1	21 11
46	57	0.0	1	43 14
47	81	0.0	1	37 44
48	101	0.0	1	61 40
49	56	0.0	1	37 19
50	27	0.0	1	20 7
51	27	0.0	1	18 9
52	45	0.0	1	25 20
53	44	0.0	1	30 14
54	34	0.0	1	23 11
55	63	0.0	1	32 31
56	53	0.0	1	28 25
57	21	0.0	1	14 7
58	81	0.0	1	42 39
59	95	0.0	1	59 36
60	39	0.0	1	20 19
61	22	0.0	1	14 8
62	36	0.0	1	19 17
63	57	0.0	1	33 24
64	39	0.0	1	22 17
65	100	0.0	1	52 48
66	67	0.0	1	34 33
67	101	0.0	1	60 41
68	101	0.0	1	51 50
69	87	0.0	1	44 43
70	95	0.0	1	46 49
71	197	0.0	1	108 89
72	163	0.0	1	101 62
73	287	0.0	1	160 127
74	793	0.0	1	423 370
75	608	0.0	1	318 290
76	639	0.0	1	334 305
77	552	0.0	1	286 266
78	984	0.0	1	536 448
79	611	0.0	1	319 292
80	417	0.0	1	232 185
81	314	0.0	1	166 148
82	698	0.0	1	379 319
83	420	0.0	1	225 195
84	320	0.0	1	181 139
85	391	0.0	1	207 184
86	245	0.0	1	126 119
87	217	0.0	1	117 100
88	197	0.0	1	102 95
89	250	0.0	1	137 113
90	390	0.0	1	192 198
91	216	0.0	1	126 90
92	224	0.0	1	110 114
93	170	0.0	1	87 83
94	164	0.0	1	88 76
95	193	0.0	1	94 99
96	341	0.0	1	170 171
97	333	0.0	1	175 158
98	227	0.0	1	112 115
99	323	0.0	1	154 169
100	491	0.0	1	243 248
101	596	0.0	1	294 302
102	433	0.0	1	209 224
103	335	0.0	1	165 170
104	272	0.0	1	138 134
105	350	0.0	1	180 170
106	484	0.0	1	236 248
107	825	0.0	1	433 392
108	714	0.0	1	358 356
109	834	0.0	1	432 402
110	869	0.0	1	486 383
111	356	0.0	1	204 152
112	404	0.0	1	207 197
113	447	0.0	1	226 221
114	449	0.0	1	249 200
115	524	0.0	1	270 254
116	622	0.0	1	330 292
117	596	0.0	1	329 267
118	828	0.0	1	472 356
119	1267	0.0	1	726 541
120	1810	0.0	1	1069 741
121	1151	0.0	1	688 463
122	658	0.0	1	391 267
123	565	0.0	1	324 241
124	499	0.0	1	292 207
125	458	0.0	1	259 199
126	562	0.0	1	314 248
127	604	0.0	1	353 251
128	745	0.0	1	455 290
129	490	0.0	1	294 196
130	455	0.0	1	285 170
131	381	0.0	1	258 123
132	336	0.0	1	207 129
133	307	0.0	1	191 116
134	289	0.0	1	184 105
135	397	0.0	1	253 144
136	315	0.0	1	211 104
137	342	0.0	1	216 126
138	398	0.0	1	257 141
139	480	0.0	1	345 135
140	330	0.0	1	248 82
141	232	0.0	1	158 74
142	164	0.0	1	105 59
143	127	0.0	1	80 47
144	108	0.0	1	78 30
145	69	0.0	1	42 27
146	58	0.0	1	44 14
147	52	0.0	1	31 21
148	191	0.0	1	131 60
149	7	0.0	1	4 3
150	19	0.0	1	13 6
