This is cutadapt 5.2 with Python 3.12.13
Command line parameters: --cores 8 --adapter AACTGTAGGCACCATCAAT --discard-untrimmed --quality-cutoff 20 --minimum-length 15 --maximum-length 55 --output data/trimmed/SRR34661443.trimmed.fastq.gz data/fastq/SRR34661443.fastq.gz
Processing single-end reads on 8 cores ...

=== Summary ===

Total reads processed:              27,502,550
Reads with adapters:                25,168,535 (91.5%)

== Read fate breakdown ==
Reads that were too short:           4,475,905 (16.3%)
Reads that were too long:            3,198,934 (11.6%)
Reads discarded as untrimmed:          592,229 (2.2%)
Reads written (passing filters):    19,235,482 (69.9%)

Total basepairs processed: 1,771,042,596 bp
Quality-trimmed:               3,309,837 bp (0.2%)
Total written (filtered):    582,635,303 bp (32.9%)

=== Adapter 1 ===

Sequence: AACTGTAGGCACCATCAAT; Type: regular 3'; Length: 19; Trimmed: 25168535 times

Minimum overlap: 3
No. of allowed errors:
1-9 bp: 0; 10-19 bp: 1

Bases preceding removed adapters:
  A: 14.6%
  C: 33.8%
  G: 30.6%
  T: 20.7%
  none/other: 0.3%

Overview of removed sequences
length	count	expect	max.err	error counts
3	24997	429727.3	0	24997
4	13805	107431.8	0	13805
5	2381	26858.0	0	2381
6	5355	6714.5	0	5355
7	105	1678.6	0	105
8	111	419.7	0	111
9	1301	104.9	0	1268 33
10	3557	26.2	1	3123 434
11	35	6.6	1	12 23
12	2284	1.6	1	2047 237
13	4716	0.4	1	4297 419
14	323	0.1	1	255 68
15	4575	0.0	1	4250 325
16	19300	0.0	1	18253 1047
17	6127	0.0	1	5704 423
18	359	0.0	1	236 123
19	7015	0.0	1	6463 552
20	15390	0.0	1	14599 791
21	8866	0.0	1	8290 576
22	3876	0.0	1	3432 444
23	4692	0.0	1	4170 522
24	3538	0.0	1	2960 578
25	5575	0.0	1	4701 874
26	9984	0.0	1	8585 1399
27	15781	0.0	1	13588 2193
28	31937	0.0	1	27511 4426
29	86159	0.0	1	73337 12822
30	651628	0.0	1	505965 145663
31	24104050	0.0	1	23220069 883981
32	101263	0.0	1	70533 30730
33	757	0.0	1	625 132
34	225	0.0	1	191 34
35	214	0.0	1	183 31
36	229	0.0	1	190 39
37	138	0.0	1	116 22
38	168	0.0	1	139 29
39	204	0.0	1	165 39
40	26	0.0	1	20 6
41	46	0.0	1	38 8
42	11	0.0	1	10 1
43	21	0.0	1	13 8
44	38	0.0	1	35 3
45	20	0.0	1	14 6
46	46	0.0	1	35 11
47	46	0.0	1	19 27
48	51	0.0	1	28 23
49	36	0.0	1	24 12
50	32	0.0	1	16 16
51	35	0.0	1	22 13
52	66	0.0	1	51 15
53	47	0.0	1	37 10
54	37	0.0	1	29 8
55	27	0.0	1	12 15
56	33	0.0	1	22 11
57	14	0.0	1	11 3
58	46	0.0	1	18 28
59	43	0.0	1	24 19
60	16	0.0	1	10 6
61	20	0.0	1	11 9
62	17	0.0	1	10 7
63	31	0.0	1	15 16
64	27	0.0	1	18 9
65	35	0.0	1	17 18
66	49	0.0	1	24 25
67	67	0.0	1	28 39
68	88	0.0	1	44 44
69	87	0.0	1	42 45
70	34	0.0	1	20 14
71	45	0.0	1	30 15
72	80	0.0	1	47 33
73	165	0.0	1	84 81
74	146	0.0	1	71 75
75	109	0.0	1	53 56
76	176	0.0	1	99 77
77	127	0.0	1	72 55
78	194	0.0	1	107 87
79	116	0.0	1	69 47
80	116	0.0	1	65 51
81	101	0.0	1	48 53
82	187	0.0	1	86 101
83	95	0.0	1	49 46
84	110	0.0	1	57 53
85	137	0.0	1	76 61
86	84	0.0	1	44 40
87	82	0.0	1	44 38
88	81	0.0	1	42 39
89	136	0.0	1	63 73
90	119	0.0	1	60 59
91	77	0.0	1	45 32
92	102	0.0	1	59 43
93	110	0.0	1	50 60
94	109	0.0	1	62 47
95	166	0.0	1	92 74
96	190	0.0	1	104 86
97	149	0.0	1	72 77
98	160	0.0	1	84 76
99	189	0.0	1	102 87
100	234	0.0	1	129 105
101	328	0.0	1	173 155
102	164	0.0	1	92 72
103	124	0.0	1	66 58
104	123	0.0	1	66 57
105	155	0.0	1	82 73
106	185	0.0	1	115 70
107	213	0.0	1	109 104
108	224	0.0	1	129 95
109	197	0.0	1	116 81
110	253	0.0	1	145 108
111	172	0.0	1	101 71
112	189	0.0	1	93 96
113	224	0.0	1	129 95
114	326	0.0	1	183 143
115	443	0.0	1	261 182
116	895	0.0	1	553 342
117	1063	0.0	1	650 413
118	1453	0.0	1	935 518
119	1989	0.0	1	1267 722
120	3454	0.0	1	2353 1101
121	1425	0.0	1	932 493
122	518	0.0	1	341 177
123	323	0.0	1	189 134
124	321	0.0	1	194 127
125	364	0.0	1	224 140
126	432	0.0	1	273 159
127	411	0.0	1	265 146
128	453	0.0	1	292 161
129	298	0.0	1	189 109
130	259	0.0	1	171 88
131	336	0.0	1	215 121
132	272	0.0	1	182 90
133	284	0.0	1	174 110
134	270	0.0	1	174 96
135	351	0.0	1	233 118
136	379	0.0	1	261 118
137	398	0.0	1	265 133
138	466	0.0	1	333 133
139	675	0.0	1	468 207
140	543	0.0	1	395 148
141	348	0.0	1	226 122
142	220	0.0	1	173 47
143	123	0.0	1	90 33
144	81	0.0	1	54 27
145	60	0.0	1	44 16
146	56	0.0	1	40 16
147	85	0.0	1	55 30
148	412	0.0	1	296 116
149	19	0.0	1	9 10
150	75	0.0	1	54 21
