This is cutadapt 5.2 with Python 3.12.13
Command line parameters: --cores 8 --adapter AACTGTAGGCACCATCAAT --discard-untrimmed --quality-cutoff 20 --minimum-length 15 --maximum-length 55 --output data/trimmed/SRR34661432.trimmed.fastq.gz data/fastq/SRR34661432.fastq.gz
Processing single-end reads on 8 cores ...

=== Summary ===

Total reads processed:              29,183,088
Reads with adapters:                26,630,995 (91.3%)

== Read fate breakdown ==
Reads that were too short:           3,849,858 (13.2%)
Reads that were too long:            5,226,690 (17.9%)
Reads discarded as untrimmed:          822,559 (2.8%)
Reads written (passing filters):    19,283,981 (66.1%)

Total basepairs processed: 2,017,818,661 bp
Quality-trimmed:               4,040,466 bp (0.2%)
Total written (filtered):    645,561,273 bp (32.0%)

=== Adapter 1 ===

Sequence: AACTGTAGGCACCATCAAT; Type: regular 3'; Length: 19; Trimmed: 26630995 times

Minimum overlap: 3
No. of allowed errors:
1-9 bp: 0; 10-19 bp: 1

Bases preceding removed adapters:
  A: 33.5%
  C: 16.4%
  G: 26.8%
  T: 22.9%
  none/other: 0.3%

Overview of removed sequences
length	count	expect	max.err	error counts
3	37879	455985.8	0	37879
4	17438	113996.4	0	17438
5	6507	28499.1	0	6507
6	15878	7124.8	0	15878
7	272	1781.2	0	272
8	367	445.3	0	367
9	5109	111.3	0	5061 48
10	11945	27.8	1	11223 722
11	75	7.0	1	20 55
12	6814	1.7	1	6382 432
13	12738	0.4	1	11989 749
14	500	0.1	1	368 132
15	7143	0.0	1	6697 446
16	21441	0.0	1	20210 1231
17	9130	0.0	1	8484 646
18	517	0.0	1	333 184
19	9523	0.0	1	8784 739
20	11363	0.0	1	10562 801
21	9727	0.0	1	8958 769
22	7187	0.0	1	6514 673
23	7918	0.0	1	7141 777
24	7740	0.0	1	6868 872
25	9286	0.0	1	8120 1166
26	13295	0.0	1	11525 1770
27	20164	0.0	1	17537 2627
28	37723	0.0	1	32482 5241
29	89843	0.0	1	75327 14516
30	662811	0.0	1	505049 157762
31	25447120	0.0	1	24345868 1101252
32	106585	0.0	1	73251 33334
33	777	0.0	1	631 146
34	237	0.0	1	198 39
35	253	0.0	1	213 40
36	329	0.0	1	269 60
37	223	0.0	1	180 43
38	272	0.0	1	220 52
39	336	0.0	1	272 64
40	59	0.0	1	32 27
41	51	0.0	1	36 15
42	33	0.0	1	25 8
43	53	0.0	1	36 17
44	79	0.0	1	54 25
45	41	0.0	1	26 15
46	57	0.0	1	36 21
47	84	0.0	1	38 46
48	103	0.0	1	59 44
49	55	0.0	1	32 23
50	47	0.0	1	31 16
51	36	0.0	1	15 21
52	64	0.0	1	42 22
53	70	0.0	1	48 22
54	57	0.0	1	37 20
55	66	0.0	1	26 40
56	59	0.0	1	28 31
57	43	0.0	1	25 18
58	93	0.0	1	41 52
59	138	0.0	1	64 74
60	48	0.0	1	25 23
61	18	0.0	1	12 6
62	50	0.0	1	24 26
63	77	0.0	1	31 46
64	56	0.0	1	23 33
65	168	0.0	1	85 83
66	71	0.0	1	29 42
67	84	0.0	1	34 50
68	87	0.0	1	48 39
69	200	0.0	1	85 115
70	189	0.0	1	79 110
71	154	0.0	1	83 71
72	160	0.0	1	81 79
73	200	0.0	1	98 102
74	192	0.0	1	94 98
75	393	0.0	1	207 186
76	336	0.0	1	176 160
77	396	0.0	1	194 202
78	551	0.0	1	302 249
79	332	0.0	1	191 141
80	354	0.0	1	198 156
81	235	0.0	1	138 97
82	562	0.0	1	306 256
83	219	0.0	1	126 93
84	326	0.0	1	165 161
85	425	0.0	1	214 211
86	251	0.0	1	134 117
87	333	0.0	1	163 170
88	250	0.0	1	135 115
89	435	0.0	1	226 209
90	350	0.0	1	175 175
91	221	0.0	1	113 108
92	355	0.0	1	184 171
93	276	0.0	1	134 142
94	232	0.0	1	135 97
95	407	0.0	1	222 185
96	577	0.0	1	280 297
97	490	0.0	1	265 225
98	391	0.0	1	206 185
99	567	0.0	1	276 291
100	669	0.0	1	342 327
101	793	0.0	1	366 427
102	344	0.0	1	180 164
103	268	0.0	1	131 137
104	243	0.0	1	135 108
105	307	0.0	1	160 147
106	515	0.0	1	283 232
107	767	0.0	1	452 315
108	752	0.0	1	382 370
109	701	0.0	1	379 322
110	898	0.0	1	489 409
111	294	0.0	1	158 136
112	321	0.0	1	170 151
113	412	0.0	1	205 207
114	380	0.0	1	211 169
115	493	0.0	1	279 214
116	488	0.0	1	297 191
117	463	0.0	1	248 215
118	746	0.0	1	433 313
119	1221	0.0	1	709 512
120	1697	0.0	1	1084 613
121	1059	0.0	1	626 433
122	515	0.0	1	316 199
123	452	0.0	1	239 213
124	477	0.0	1	285 192
125	411	0.0	1	232 179
126	513	0.0	1	313 200
127	455	0.0	1	271 184
128	555	0.0	1	356 199
129	344	0.0	1	219 125
130	263	0.0	1	161 102
131	254	0.0	1	162 92
132	231	0.0	1	150 81
133	206	0.0	1	128 78
134	219	0.0	1	118 101
135	318	0.0	1	231 87
136	254	0.0	1	174 80
137	292	0.0	1	191 101
138	383	0.0	1	252 131
139	591	0.0	1	421 170
140	433	0.0	1	304 129
141	255	0.0	1	200 55
142	148	0.0	1	86 62
143	104	0.0	1	63 41
144	58	0.0	1	43 15
145	48	0.0	1	33 15
146	54	0.0	1	36 18
147	92	0.0	1	63 29
148	403	0.0	1	286 117
149	15	0.0	1	11 4
150	50	0.0	1	38 12
