Sample	0	1	2	3	4	5	6	7	8	9	10	11	12	13	14	15	16	17	18	19	20	21	22	23	24	25	26	27	28	29	30	31	32	33	34	35	36	37	38	39	40	41	42	43	44	45	46	47	48	49	50	51	52	53	54	55	56	57	58	59	60	61	62	63	64	65	66	67	68	69	70	71	72	73	74	75	76	77	78	79	80	81	82	83	84	85	86	87	88	89	90	91	92	93	94	95	96	97	98	99	100	101	102	103	104	105	106	107	108	109	110	111	112	113	114	115	116	117	118	119	120	121	122	123	124	125	126	127	128	129	130	131	132	133	134	135	136	137	138	139	140	141	142	143	144	145	146	147	148
SRR34661416 - Adapter 1	(3, 841)	(4, 470)	(5, 342)	(6, 378)	(7, 316)	(8, 272)	(9, 480)	(10, 517)	(11, 372)	(12, 436)	(13, 726)	(14, 531)	(15, 595)	(16, 714)	(17, 808)	(18, 1209)	(19, 1300)	(20, 716)	(21, 1222)	(22, 787)	(23, 570)	(24, 906)	(25, 644)	(26, 566)	(27, 539)	(28, 625)	(29, 706)	(30, 727)	(31, 1080)	(32, 664)	(33, 599)	(34, 1352)	(35, 1085)	(36, 1517)	(37, 1409)	(38, 984)	(39, 906)	(40, 1000)	(41, 913)	(42, 910)	(43, 969)	(44, 1132)	(45, 972)	(46, 1091)	(47, 1088)	(48, 1067)	(49, 1032)	(50, 1351)	(51, 1530)	(52, 1757)	(53, 1592)	(54, 2092)	(55, 1444)	(56, 1568)	(57, 1449)	(58, 1802)	(59, 2328)	(60, 2550)	(61, 3516)	(62, 7737)	(63, 3464)	(64, 6939)	(65, 5311)	(66, 4105)	(67, 3848)	(68, 5065)	(69, 7597)	(70, 9311)	(71, 9765)	(72, 21520)	(73, 24037)	(74, 27264)	(75, 56903)	(76, 31869)	(77, 77425)	(78, 26686)	(79, 395421)	(80, 93832)	(81, 80730)	(82, 50914)	(83, 53549)	(84, 31132)	(85, 6376)	(86, 4118)	(87, 17560)	(88, 5125)	(89, 23430)	(90, 44418)	(91, 8510)	(92, 29794)	(93, 19125)	(94, 9975)	(95, 20511)	(96, 47364)	(97, 38610)	(98, 6162)	(99, 1784)	(100, 4108)	(101, 9548)	(102, 9805)	(103, 4558)	(104, 12857)	(105, 33043)	(106, 56519)	(107, 80342)	(108, 146448)	(109, 141906)	(110, 137466)	(111, 149238)	(112, 62100)	(113, 77325)	(114, 130101)	(115, 130555)	(116, 120742)	(117, 182151)	(118, 177486)	(119, 264916)	(120, 542541)	(121, 1038973)	(122, 709078)	(123, 341036)	(124, 289264)	(125, 293325)	(126, 291627)	(127, 327779)	(128, 400104)	(129, 751079)	(130, 319183)	(131, 304303)	(132, 352531)	(133, 236364)	(134, 229215)	(135, 214821)	(136, 244223)	(137, 199633)	(138, 208864)	(139, 257338)	(140, 367754)	(141, 313480)	(142, 141754)	(143, 66901)	(144, 59463)	(145, 48031)	(146, 30160)	(147, 22069)	(148, 4412)	(149, 1507)	(150, 387)	(151, 5331)
SRR34661417 - Adapter 1	(3, 890)	(4, 543)	(5, 311)	(6, 520)	(7, 317)	(8, 298)	(9, 574)	(10, 682)	(11, 405)	(12, 464)	(13, 937)	(14, 771)	(15, 797)	(16, 850)	(17, 1006)	(18, 1405)	(19, 1802)	(20, 955)	(21, 1823)	(22, 989)	(23, 868)	(24, 1183)	(25, 1155)	(26, 739)	(27, 686)	(28, 612)	(29, 633)	(30, 671)	(31, 883)	(32, 707)	(33, 519)	(34, 1014)	(35, 909)	(36, 1132)	(37, 1085)	(38, 1057)	(39, 864)	(40, 972)	(41, 880)	(42, 850)	(43, 913)	(44, 1136)	(45, 954)	(46, 1142)	(47, 1078)	(48, 1066)	(49, 1045)	(50, 1784)	(51, 1870)	(52, 2041)	(53, 1758)	(54, 2363)	(55, 1381)	(56, 1514)	(57, 1510)	(58, 1798)	(59, 2381)	(60, 2938)	(61, 4339)	(62, 12945)	(63, 4306)	(64, 12343)	(65, 7118)	(66, 4808)	(67, 4204)	(68, 6651)	(69, 10359)	(70, 10733)	(71, 12263)	(72, 36572)	(73, 45833)	(74, 43595)	(75, 68823)	(76, 45155)	(77, 119714)	(78, 26894)	(79, 128432)	(80, 451438)	(81, 91872)	(82, 118239)	(83, 62581)	(84, 25818)	(85, 42296)	(86, 3357)	(87, 41800)	(88, 4006)	(89, 31575)	(90, 86232)	(91, 6402)	(92, 33535)	(93, 15570)	(94, 4759)	(95, 18464)	(96, 40614)	(97, 23158)	(98, 1693)	(99, 9326)	(100, 18602)	(101, 28435)	(102, 26404)	(103, 7044)	(104, 5149)	(105, 24331)	(106, 53376)	(107, 86001)	(108, 159511)	(109, 157973)	(110, 183279)	(111, 158823)	(112, 68850)	(113, 84902)	(114, 177060)	(115, 156230)	(116, 146653)	(117, 195871)	(118, 190878)	(119, 243900)	(120, 420664)	(121, 795470)	(122, 594794)	(123, 300036)	(124, 255160)	(125, 249499)	(126, 257086)	(127, 308066)	(128, 376425)	(129, 578111)	(130, 298215)	(131, 306171)	(132, 427823)	(133, 276600)	(134, 260075)	(135, 261290)	(136, 271696)	(137, 243185)	(138, 248178)	(139, 320118)	(140, 400513)	(141, 365004)	(142, 187953)	(143, 91662)	(144, 83779)	(145, 70909)	(146, 47656)	(147, 38888)	(148, 8412)	(149, 1890)	(150, 188)	(151, 2242)
SRR34661418 - Adapter 1	(3, 1132)	(4, 693)	(5, 399)	(6, 556)	(7, 408)	(8, 451)	(9, 818)	(10, 872)	(11, 637)	(12, 617)	(13, 1098)	(14, 678)	(15, 913)	(16, 849)	(17, 1149)	(18, 1859)	(19, 2099)	(20, 933)	(21, 1881)	(22, 994)	(23, 692)	(24, 1199)	(25, 1119)	(26, 737)	(27, 681)	(28, 651)	(29, 748)	(30, 758)	(31, 921)	(32, 668)	(33, 580)	(34, 1031)	(35, 1005)	(36, 1198)	(37, 1133)	(38, 1070)	(39, 875)	(40, 966)	(41, 961)	(42, 823)	(43, 999)	(44, 1136)	(45, 939)	(46, 1083)	(47, 1123)	(48, 1127)	(49, 1054)	(50, 1535)	(51, 1853)	(52, 1998)	(53, 1870)	(54, 2607)	(55, 1556)	(56, 1778)	(57, 1914)	(58, 3124)	(59, 3018)	(60, 3328)	(61, 4480)	(62, 12838)	(63, 4723)	(64, 12584)	(65, 7684)	(66, 4258)	(67, 4219)	(68, 4282)	(69, 7730)	(70, 11555)	(71, 13241)	(72, 31487)	(73, 42779)	(74, 45177)	(75, 71788)	(76, 39110)	(77, 101319)	(78, 25239)	(79, 206664)	(80, 177187)	(81, 34698)	(82, 145429)	(83, 70352)	(84, 23390)	(85, 61298)	(86, 7905)	(87, 50576)	(88, 6666)	(89, 30335)	(90, 92199)	(91, 10926)	(92, 56770)	(93, 12680)	(94, 4975)	(95, 19019)	(96, 63322)	(97, 21638)	(98, 1295)	(99, 21807)	(100, 23709)	(101, 31922)	(102, 28493)	(103, 8607)	(104, 5345)	(105, 26166)	(106, 59919)	(107, 87137)	(108, 121709)	(109, 128553)	(110, 141784)	(111, 145691)	(112, 66095)	(113, 76952)	(114, 142350)	(115, 145124)	(116, 148508)	(117, 206349)	(118, 215096)	(119, 263155)	(120, 471564)	(121, 902312)	(122, 631616)	(123, 309234)	(124, 230044)	(125, 231284)	(126, 251893)	(127, 277743)	(128, 336519)	(129, 384717)	(130, 221624)	(131, 212660)	(132, 261038)	(133, 208115)	(134, 208658)	(135, 184296)	(136, 192645)	(137, 190081)	(138, 201482)	(139, 250557)	(140, 351287)	(141, 285927)	(142, 146061)	(143, 90409)	(144, 85385)	(145, 76572)	(146, 53777)	(147, 42587)	(148, 9386)	(149, 3447)	(150, 503)	(151, 9548)
SRR34661419 - Adapter 1	(3, 576)	(4, 307)	(5, 152)	(6, 223)	(7, 153)	(8, 136)	(9, 237)	(10, 273)	(11, 170)	(12, 194)	(13, 309)	(14, 226)	(15, 264)	(16, 342)	(17, 299)	(18, 484)	(19, 473)	(20, 314)	(21, 483)	(22, 322)	(23, 225)	(24, 357)	(25, 268)	(26, 241)	(27, 269)	(28, 260)	(29, 275)	(30, 301)	(31, 454)	(32, 274)	(33, 253)	(34, 432)	(35, 336)	(36, 485)	(37, 417)	(38, 362)	(39, 326)	(40, 299)	(41, 325)	(42, 289)	(43, 312)	(44, 382)	(45, 338)	(46, 392)	(47, 357)	(48, 420)	(49, 371)	(50, 366)	(51, 496)	(52, 576)	(53, 529)	(54, 658)	(55, 470)	(56, 518)	(57, 538)	(58, 654)	(59, 917)	(60, 874)	(61, 1000)	(62, 2010)	(63, 1194)	(64, 2023)	(65, 1538)	(66, 1814)	(67, 3009)	(68, 2281)	(69, 2916)	(70, 4192)	(71, 4468)	(72, 6819)	(73, 9988)	(74, 10094)	(75, 30048)	(76, 14486)	(77, 28351)	(78, 7119)	(79, 55247)	(80, 121461)	(81, 33816)	(82, 33609)	(83, 17652)	(84, 9922)	(85, 6701)	(86, 934)	(87, 8118)	(88, 1219)	(89, 7154)	(90, 20779)	(91, 2364)	(92, 13728)	(93, 10047)	(94, 2932)	(95, 8579)	(96, 24978)	(97, 19212)	(98, 1676)	(99, 1764)	(100, 5713)	(101, 10040)	(102, 9811)	(103, 2830)	(104, 3462)	(105, 13322)	(106, 28168)	(107, 46204)	(108, 79025)	(109, 82284)	(110, 71200)	(111, 94224)	(112, 38645)	(113, 44866)	(114, 63261)	(115, 81429)	(116, 91375)	(117, 155081)	(118, 158977)	(119, 254129)	(120, 351099)	(121, 823891)	(122, 555940)	(123, 263586)	(124, 213605)	(125, 230976)	(126, 233364)	(127, 282217)	(128, 333102)	(129, 497592)	(130, 242069)	(131, 261825)	(132, 379525)	(133, 216650)	(134, 216373)	(135, 220307)	(136, 247154)	(137, 229926)	(138, 258003)	(139, 343848)	(140, 493472)	(141, 416955)	(142, 210363)	(143, 100103)	(144, 86692)	(145, 71561)	(146, 47732)	(147, 33207)	(148, 8153)	(149, 2998)	(150, 1077)	(151, 15410)
SRR34661420 - Adapter 1	(3, 835)	(4, 508)	(5, 235)	(6, 374)	(7, 288)	(8, 246)	(9, 432)	(10, 454)	(11, 391)	(12, 402)	(13, 751)	(14, 563)	(15, 670)	(16, 634)	(17, 731)	(18, 964)	(19, 1325)	(20, 675)	(21, 1516)	(22, 752)	(23, 627)	(24, 969)	(25, 910)	(26, 537)	(27, 490)	(28, 476)	(29, 640)	(30, 564)	(31, 768)	(32, 606)	(33, 473)	(34, 872)	(35, 845)	(36, 972)	(37, 858)	(38, 799)	(39, 714)	(40, 818)	(41, 724)	(42, 704)	(43, 758)	(44, 920)	(45, 818)	(46, 920)	(47, 1034)	(48, 952)	(49, 960)	(50, 1567)	(51, 1566)	(52, 1595)	(53, 1633)	(54, 2232)	(55, 1197)	(56, 1328)	(57, 1343)	(58, 1608)	(59, 2094)	(60, 2468)	(61, 3807)	(62, 12750)	(63, 4209)	(64, 9694)	(65, 6410)	(66, 3982)	(67, 4047)	(68, 9265)	(69, 9663)	(70, 8464)	(71, 10810)	(72, 27063)	(73, 39960)	(74, 36215)	(75, 65108)	(76, 37369)	(77, 103182)	(78, 21630)	(79, 76714)	(80, 322299)	(81, 65800)	(82, 142751)	(83, 47501)	(84, 19553)	(85, 71908)	(86, 4078)	(87, 54745)	(88, 5127)	(89, 30290)	(90, 105110)	(91, 7850)	(92, 45040)	(93, 18799)	(94, 4583)	(95, 18455)	(96, 58390)	(97, 30315)	(98, 1636)	(99, 14463)	(100, 21908)	(101, 34650)	(102, 32772)	(103, 7858)	(104, 4579)	(105, 23736)	(106, 51391)	(107, 79117)	(108, 167382)	(109, 170978)	(110, 169093)	(111, 171350)	(112, 67976)	(113, 78441)	(114, 122932)	(115, 136087)	(116, 131555)	(117, 160763)	(118, 162690)	(119, 198899)	(120, 356055)	(121, 639618)	(122, 509480)	(123, 268119)	(124, 242746)	(125, 237646)	(126, 267232)	(127, 329014)	(128, 416630)	(129, 699621)	(130, 348010)	(131, 343516)	(132, 430850)	(133, 306843)	(134, 281461)	(135, 284622)	(136, 304209)	(137, 281702)	(138, 271759)	(139, 356521)	(140, 403653)	(141, 367082)	(142, 189664)	(143, 82504)	(144, 76209)	(145, 65717)	(146, 44652)	(147, 38791)	(148, 7763)	(149, 2255)	(150, 263)	(151, 4154)
SRR34661421 - Adapter 1	(3, 729)	(4, 465)	(5, 246)	(6, 357)	(7, 275)	(8, 247)	(9, 515)	(10, 529)	(11, 443)	(12, 435)	(13, 754)	(14, 624)	(15, 738)	(16, 570)	(17, 792)	(18, 1094)	(19, 1358)	(20, 732)	(21, 1655)	(22, 810)	(23, 651)	(24, 1016)	(25, 872)	(26, 581)	(27, 426)	(28, 496)	(29, 535)	(30, 519)	(31, 720)	(32, 537)	(33, 491)	(34, 750)	(35, 750)	(36, 900)	(37, 827)	(38, 813)	(39, 680)	(40, 760)	(41, 797)	(42, 728)	(43, 813)	(44, 948)	(45, 998)	(46, 979)	(47, 1008)	(48, 1011)	(49, 974)	(50, 1644)	(51, 1819)	(52, 1924)	(53, 1916)	(54, 2353)	(55, 1355)	(56, 1439)	(57, 1378)	(58, 1833)	(59, 2479)	(60, 3579)	(61, 4733)	(62, 13009)	(63, 5235)	(64, 11502)	(65, 7879)	(66, 5079)	(67, 5609)	(68, 5740)	(69, 7815)	(70, 10600)	(71, 14855)	(72, 30720)	(73, 41173)	(74, 42496)	(75, 74326)	(76, 40651)	(77, 114485)	(78, 27580)	(79, 150812)	(80, 157276)	(81, 24020)	(82, 151926)	(83, 73297)	(84, 23859)	(85, 85831)	(86, 12627)	(87, 65136)	(88, 9435)	(89, 38407)	(90, 116015)	(91, 13321)	(92, 72323)	(93, 9598)	(94, 5570)	(95, 21365)	(96, 107167)	(97, 16516)	(98, 1313)	(99, 28407)	(100, 26168)	(101, 39221)	(102, 32936)	(103, 7466)	(104, 7559)	(105, 32424)	(106, 64737)	(107, 97035)	(108, 158211)	(109, 166893)	(110, 217472)	(111, 193993)	(112, 83041)	(113, 99350)	(114, 174789)	(115, 221951)	(116, 220946)	(117, 280312)	(118, 273733)	(119, 367160)	(120, 528238)	(121, 946008)	(122, 923870)	(123, 428348)	(124, 380698)	(125, 340587)	(126, 348554)	(127, 399821)	(128, 457002)	(129, 659949)	(130, 394121)	(131, 357103)	(132, 466300)	(133, 331962)	(134, 304577)	(135, 305014)	(136, 293723)	(137, 241564)	(138, 222089)	(139, 258524)	(140, 284949)	(141, 250369)	(142, 136720)	(143, 72742)	(144, 73089)	(145, 67205)	(146, 46972)	(147, 38815)	(148, 7780)	(149, 2145)	(150, 1473)	(151, 12253)
SRR34661422 - Adapter 1	(3, 705)	(4, 404)	(5, 304)	(6, 352)	(7, 259)	(8, 263)	(9, 436)	(10, 422)	(11, 355)	(12, 395)	(13, 610)	(14, 472)	(15, 588)	(16, 617)	(17, 691)	(18, 1121)	(19, 1159)	(20, 685)	(21, 1466)	(22, 1002)	(23, 657)	(24, 974)	(25, 723)	(26, 556)	(27, 565)	(28, 600)	(29, 695)	(30, 729)	(31, 979)	(32, 730)	(33, 564)	(34, 1213)	(35, 1003)	(36, 1249)	(37, 1120)	(38, 940)	(39, 905)	(40, 936)	(41, 1021)	(42, 957)	(43, 1046)	(44, 1253)	(45, 1165)	(46, 1128)	(47, 1236)	(48, 1247)	(49, 1208)	(50, 1530)	(51, 1718)	(52, 1824)	(53, 1716)	(54, 2370)	(55, 1616)	(56, 1817)	(57, 1736)	(58, 1983)	(59, 2454)	(60, 2751)	(61, 3240)	(62, 8489)	(63, 4179)	(64, 6978)	(65, 6345)	(66, 6093)	(67, 7329)	(68, 12297)	(69, 7390)	(70, 10205)	(71, 11749)	(72, 22015)	(73, 26892)	(74, 26850)	(75, 48387)	(76, 30345)	(77, 62545)	(78, 54031)	(79, 441675)	(80, 99716)	(81, 64637)	(82, 94984)	(83, 41853)	(84, 25567)	(85, 18774)	(86, 2692)	(87, 45564)	(88, 4365)	(89, 27283)	(90, 75658)	(91, 7204)	(92, 33298)	(93, 33504)	(94, 8889)	(95, 27956)	(96, 67186)	(97, 80608)	(98, 14117)	(99, 3018)	(100, 11475)	(101, 26487)	(102, 28874)	(103, 9531)	(104, 7018)	(105, 31982)	(106, 65865)	(107, 104682)	(108, 178947)	(109, 187439)	(110, 204353)	(111, 202867)	(112, 86821)	(113, 104050)	(114, 205420)	(115, 191142)	(116, 178416)	(117, 216482)	(118, 213457)	(119, 279473)	(120, 532053)	(121, 938980)	(122, 706107)	(123, 377537)	(124, 333154)	(125, 341830)	(126, 342995)	(127, 400890)	(128, 461627)	(129, 694145)	(130, 363772)	(131, 366551)	(132, 416525)	(133, 298714)	(134, 292435)	(135, 284530)	(136, 304838)	(137, 274290)	(138, 267661)	(139, 338612)	(140, 432644)	(141, 388614)	(142, 187803)	(143, 85065)	(144, 81588)	(145, 70487)	(146, 51744)	(147, 37271)	(148, 7764)	(149, 1956)	(150, 300)	(151, 4749)
SRR34661423 - Adapter 1	(3, 1089)	(4, 679)	(5, 307)	(6, 461)	(7, 307)	(8, 273)	(9, 549)	(10, 707)	(11, 500)	(12, 487)	(13, 791)	(14, 814)	(15, 836)	(16, 717)	(17, 1018)	(18, 1348)	(19, 1753)	(20, 820)	(21, 1862)	(22, 936)	(23, 750)	(24, 1150)	(25, 1119)	(26, 668)	(27, 535)	(28, 493)	(29, 562)	(30, 601)	(31, 752)	(32, 519)	(33, 492)	(34, 978)	(35, 926)	(36, 1142)	(37, 952)	(38, 961)	(39, 767)	(40, 738)	(41, 854)	(42, 791)	(43, 816)	(44, 1023)	(45, 828)	(46, 980)	(47, 1092)	(48, 1089)	(49, 1040)	(50, 1986)	(51, 1957)	(52, 1772)	(53, 1592)	(54, 1915)	(55, 1187)	(56, 1330)	(57, 1303)	(58, 1722)	(59, 2277)	(60, 2702)	(61, 3883)	(62, 12359)	(63, 4823)	(64, 11708)	(65, 6827)	(66, 5210)	(67, 4646)	(68, 5940)	(69, 7864)	(70, 10242)	(71, 13892)	(72, 37025)	(73, 45334)	(74, 37801)	(75, 62896)	(76, 41491)	(77, 76956)	(78, 82231)	(79, 246806)	(80, 188966)	(81, 251398)	(82, 87285)	(83, 74544)	(84, 45202)	(85, 15696)	(86, 9807)	(87, 22310)	(88, 7734)	(89, 32965)	(90, 67035)	(91, 14996)	(92, 22256)	(93, 25747)	(94, 15598)	(95, 17234)	(96, 34130)	(97, 55271)	(98, 28440)	(99, 1957)	(100, 1028)	(101, 3908)	(102, 6915)	(103, 3986)	(104, 7273)	(105, 24992)	(106, 49359)	(107, 68216)	(108, 129146)	(109, 128522)	(110, 155381)	(111, 131680)	(112, 59210)	(113, 75149)	(114, 168545)	(115, 151922)	(116, 133372)	(117, 149890)	(118, 145947)	(119, 190206)	(120, 324339)	(121, 553283)	(122, 427000)	(123, 218761)	(124, 200266)	(125, 187470)	(126, 192918)	(127, 232837)	(128, 291141)	(129, 465327)	(130, 246390)	(131, 256006)	(132, 365961)	(133, 232264)	(134, 217154)	(135, 215136)	(136, 215815)	(137, 198402)	(138, 178818)	(139, 217782)	(140, 233097)	(141, 210732)	(142, 123585)	(143, 71121)	(144, 77027)	(145, 73550)	(146, 61280)	(147, 56306)	(148, 17607)	(149, 5328)	(150, 2341)	(151, 25401)
SRR34661424 - Adapter 1	(3, 3330)	(4, 1632)	(5, 2445)	(6, 3026)	(7, 1196)	(8, 1570)	(9, 4730)	(10, 2715)	(11, 2411)	(12, 3440)	(13, 5143)	(14, 3483)	(15, 5279)	(16, 2875)	(17, 3615)	(18, 8031)	(19, 9437)	(20, 7839)	(21, 8556)	(22, 3838)	(23, 3684)	(24, 5648)	(25, 5982)	(26, 6655)	(27, 10282)	(28, 20007)	(29, 39121)	(30, 335668)	(31, 16805332)	(32, 369730)	(33, 4034)	(34, 1808)	(35, 1655)	(36, 1687)	(37, 1972)	(38, 2619)	(39, 1672)	(40, 1531)	(41, 2116)	(42, 1286)	(43, 802)	(44, 277)	(45, 160)	(46, 166)	(47, 134)	(48, 172)	(49, 303)	(50, 196)	(51, 199)	(52, 117)	(53, 183)	(54, 120)	(55, 135)	(56, 179)	(57, 161)	(58, 164)	(59, 237)	(60, 211)	(61, 398)	(62, 213)	(63, 197)	(64, 235)	(65, 304)	(66, 372)	(67, 158)	(68, 266)	(69, 483)	(70, 332)	(71, 304)	(72, 267)	(73, 438)	(74, 451)	(75, 902)	(76, 652)	(77, 631)	(78, 738)	(79, 271)	(80, 303)	(81, 488)	(82, 584)	(83, 542)	(84, 398)	(85, 1043)	(86, 687)	(87, 542)	(88, 730)	(89, 407)	(90, 320)	(91, 318)	(92, 309)	(93, 209)	(94, 231)	(95, 374)	(96, 449)	(97, 538)	(98, 448)	(99, 1305)	(100, 640)	(101, 671)	(102, 855)	(103, 1057)	(104, 1758)	(105, 4761)	(106, 1757)	(107, 542)	(108, 266)	(109, 190)	(110, 171)	(111, 96)	(112, 102)	(113, 103)	(114, 154)	(115, 163)	(116, 251)	(117, 345)	(118, 347)	(119, 370)	(120, 394)	(121, 525)	(122, 382)	(123, 227)	(124, 173)	(125, 244)	(126, 220)	(127, 269)	(128, 363)	(129, 454)	(130, 278)	(131, 254)	(132, 243)	(133, 216)	(134, 228)	(135, 421)	(136, 324)	(137, 238)	(138, 237)	(139, 216)	(140, 193)	(141, 152)	(142, 120)	(143, 470)	(144, 319)	(145, 147)	(146, 67)	(147, 20)	(148, 6)	(151, 2)		
SRR34661425 - Adapter 1	(3, 2826)	(4, 1263)	(5, 1373)	(6, 1576)	(7, 713)	(8, 1035)	(9, 2336)	(10, 1610)	(11, 1942)	(12, 2387)	(13, 3154)	(14, 2295)	(15, 3720)	(16, 1940)	(17, 2629)	(18, 5289)	(19, 6430)	(20, 4758)	(21, 5213)	(22, 2585)	(23, 2670)	(24, 4265)	(25, 4003)	(26, 4854)	(27, 7569)	(28, 14592)	(29, 28995)	(30, 265968)	(31, 12410003)	(32, 260057)	(33, 3346)	(34, 1623)	(35, 1563)	(36, 1680)	(37, 1943)	(38, 2281)	(39, 1443)	(40, 2196)	(41, 1841)	(42, 1319)	(43, 527)	(44, 180)	(45, 131)	(46, 127)	(47, 130)	(48, 168)	(49, 198)	(50, 175)	(51, 123)	(52, 103)	(53, 216)	(54, 124)	(55, 129)	(56, 151)	(57, 135)	(58, 156)	(59, 198)	(60, 181)	(61, 307)	(62, 241)	(63, 234)	(64, 218)	(65, 303)	(66, 368)	(67, 441)	(68, 208)	(69, 427)	(70, 299)	(71, 247)	(72, 534)	(73, 543)	(74, 552)	(75, 695)	(76, 966)	(77, 540)	(78, 790)	(79, 340)	(80, 520)	(81, 633)	(82, 720)	(83, 594)	(84, 406)	(85, 1201)	(86, 633)	(87, 494)	(88, 661)	(89, 393)	(90, 288)	(91, 224)	(92, 295)	(93, 170)	(94, 183)	(95, 308)	(96, 315)	(97, 334)	(98, 373)	(99, 770)	(100, 431)	(101, 454)	(102, 586)	(103, 835)	(104, 1376)	(105, 3557)	(106, 1485)	(107, 459)	(108, 237)	(109, 234)	(110, 155)	(111, 128)	(112, 118)	(113, 115)	(114, 156)	(115, 152)	(116, 205)	(117, 261)	(118, 273)	(119, 319)	(120, 391)	(121, 512)	(122, 381)	(123, 226)	(124, 187)	(125, 172)	(126, 182)	(127, 227)	(128, 340)	(129, 452)	(130, 205)	(131, 190)	(132, 150)	(133, 124)	(134, 132)	(135, 250)	(136, 161)	(137, 120)	(138, 113)	(139, 102)	(140, 100)	(141, 98)	(142, 55)	(143, 199)	(144, 143)	(145, 60)	(146, 36)	(147, 14)	(148, 4)	(151, 1)		
SRR34661426 - Adapter 1	(3, 3376)	(4, 1509)	(5, 2105)	(6, 2701)	(7, 1000)	(8, 1479)	(9, 3913)	(10, 2608)	(11, 2496)	(12, 3196)	(13, 4528)	(14, 3057)	(15, 5291)	(16, 2448)	(17, 3610)	(18, 7212)	(19, 8751)	(20, 6040)	(21, 6937)	(22, 3087)	(23, 2725)	(24, 4305)	(25, 4046)	(26, 4549)	(27, 7151)	(28, 13436)	(29, 26026)	(30, 238425)	(31, 11606974)	(32, 280689)	(33, 2945)	(34, 1418)	(35, 1269)	(36, 1511)	(37, 1703)	(38, 2078)	(39, 1360)	(40, 1643)	(41, 1590)	(42, 1175)	(43, 524)	(44, 159)	(45, 94)	(46, 106)	(47, 103)	(48, 123)	(49, 171)	(50, 129)	(51, 121)	(52, 114)	(53, 161)	(54, 120)	(55, 137)	(56, 118)	(57, 122)	(58, 124)	(59, 156)	(60, 135)	(61, 215)	(62, 105)	(63, 131)	(64, 131)	(65, 189)	(66, 127)	(67, 194)	(68, 215)	(69, 273)	(70, 359)	(71, 288)	(72, 473)	(73, 380)	(74, 563)	(75, 677)	(76, 756)	(77, 408)	(78, 757)	(79, 271)	(80, 371)	(81, 450)	(82, 505)	(83, 442)	(84, 311)	(85, 733)	(86, 510)	(87, 428)	(88, 502)	(89, 333)	(90, 272)	(91, 211)	(92, 212)	(93, 139)	(94, 171)	(95, 253)	(96, 305)	(97, 292)	(98, 286)	(99, 622)	(100, 348)	(101, 380)	(102, 517)	(103, 650)	(104, 1133)	(105, 3373)	(106, 1324)	(107, 444)	(108, 178)	(109, 130)	(110, 114)	(111, 75)	(112, 75)	(113, 84)	(114, 110)	(115, 117)	(116, 129)	(117, 188)	(118, 197)	(119, 193)	(120, 204)	(121, 252)	(122, 204)	(123, 156)	(124, 147)	(125, 108)	(126, 117)	(127, 175)	(128, 284)	(129, 405)	(130, 191)	(131, 249)	(132, 290)	(133, 137)	(134, 148)	(135, 312)	(136, 308)	(137, 184)	(138, 186)	(139, 165)	(140, 147)	(141, 107)	(142, 107)	(143, 339)	(144, 221)	(145, 101)	(146, 58)	(147, 15)	(148, 5)	(151, 1)		
SRR34661427 - Adapter 1	(3, 5338)	(4, 2515)	(5, 3512)	(6, 4208)	(7, 1857)	(8, 2651)	(9, 6208)	(10, 4512)	(11, 5565)	(12, 6871)	(13, 8338)	(14, 6448)	(15, 11148)	(16, 5147)	(17, 7699)	(18, 15788)	(19, 18896)	(20, 11652)	(21, 13839)	(22, 5730)	(23, 5352)	(24, 9165)	(25, 7356)	(26, 6867)	(27, 9405)	(28, 16520)	(29, 31299)	(30, 272970)	(31, 13347675)	(32, 319672)	(33, 3490)	(34, 1762)	(35, 1740)	(36, 1776)	(37, 2067)	(38, 2583)	(39, 1620)	(40, 1995)	(41, 2012)	(42, 1334)	(43, 623)	(44, 199)	(45, 135)	(46, 134)	(47, 153)	(48, 171)	(49, 241)	(50, 162)	(51, 160)	(52, 101)	(53, 180)	(54, 126)	(55, 113)	(56, 149)	(57, 116)	(58, 134)	(59, 192)	(60, 188)	(61, 287)	(62, 255)	(63, 180)	(64, 200)	(65, 379)	(66, 217)	(67, 310)	(68, 241)	(69, 452)	(70, 282)	(71, 554)	(72, 555)	(73, 767)	(74, 299)	(75, 739)	(76, 733)	(77, 501)	(78, 805)	(79, 293)	(80, 494)	(81, 681)	(82, 632)	(83, 604)	(84, 379)	(85, 1124)	(86, 699)	(87, 584)	(88, 704)	(89, 363)	(90, 332)	(91, 277)	(92, 244)	(93, 182)	(94, 186)	(95, 294)	(96, 317)	(97, 367)	(98, 295)	(99, 782)	(100, 375)	(101, 444)	(102, 592)	(103, 782)	(104, 1411)	(105, 3903)	(106, 1621)	(107, 564)	(108, 259)	(109, 208)	(110, 160)	(111, 148)	(112, 98)	(113, 125)	(114, 129)	(115, 118)	(116, 180)	(117, 204)	(118, 181)	(119, 248)	(120, 286)	(121, 353)	(122, 265)	(123, 180)	(124, 151)	(125, 162)	(126, 157)	(127, 228)	(128, 377)	(129, 509)	(130, 229)	(131, 190)	(132, 231)	(133, 142)	(134, 141)	(135, 253)	(136, 206)	(137, 178)	(138, 187)	(139, 177)	(140, 202)	(141, 133)	(142, 107)	(143, 376)	(144, 255)	(145, 126)	(146, 50)	(147, 18)	(148, 5)	(149, 1)	(151, 1)	
SRR34661428 - Adapter 1	(3, 7390)	(4, 3702)	(5, 5398)	(6, 3911)	(7, 1858)	(8, 3458)	(9, 5999)	(10, 3465)	(11, 3217)	(12, 4031)	(13, 4891)	(14, 4004)	(15, 5238)	(16, 5400)	(17, 6247)	(18, 12176)	(19, 9291)	(20, 7207)	(21, 12074)	(22, 10242)	(23, 6029)	(24, 8200)	(25, 7895)	(26, 9368)	(27, 13975)	(28, 24868)	(29, 46235)	(30, 399451)	(31, 19631917)	(32, 418558)	(33, 5205)	(34, 2815)	(35, 2247)	(36, 2222)	(37, 2881)	(38, 3144)	(39, 2070)	(40, 2508)	(41, 2609)	(42, 1840)	(43, 940)	(44, 251)	(45, 140)	(46, 138)	(47, 172)	(48, 166)	(49, 340)	(50, 173)	(51, 153)	(52, 123)	(53, 191)	(54, 163)	(55, 222)	(56, 203)	(57, 134)	(58, 141)	(59, 205)	(60, 185)	(61, 292)	(62, 212)	(63, 166)	(64, 180)	(65, 209)	(66, 228)	(67, 244)	(68, 373)	(69, 585)	(70, 679)	(71, 804)	(72, 434)	(73, 471)	(74, 801)	(75, 531)	(76, 652)	(77, 513)	(78, 940)	(79, 283)	(80, 407)	(81, 585)	(82, 544)	(83, 560)	(84, 385)	(85, 802)	(86, 543)	(87, 523)	(88, 807)	(89, 426)	(90, 410)	(91, 383)	(92, 335)	(93, 267)	(94, 256)	(95, 419)	(96, 514)	(97, 535)	(98, 517)	(99, 1053)	(100, 620)	(101, 607)	(102, 909)	(103, 1157)	(104, 2191)	(105, 5453)	(106, 2160)	(107, 651)	(108, 321)	(109, 269)	(110, 221)	(111, 170)	(112, 138)	(113, 123)	(114, 170)	(115, 150)	(116, 239)	(117, 300)	(118, 349)	(119, 434)	(120, 512)	(121, 738)	(122, 468)	(123, 316)	(124, 254)	(125, 271)	(126, 241)	(127, 293)	(128, 284)	(129, 311)	(130, 223)	(131, 198)	(132, 233)	(133, 146)	(134, 221)	(135, 367)	(136, 288)	(137, 224)	(138, 239)	(139, 259)	(140, 310)	(141, 217)	(142, 134)	(143, 495)	(144, 234)	(145, 101)	(146, 49)	(147, 11)	(148, 6)	(150, 1)	(151, 1)	
SRR34661429 - Adapter 1	(3, 4623)	(4, 2223)	(5, 2761)	(6, 2827)	(7, 1212)	(8, 1782)	(9, 3858)	(10, 2656)	(11, 3143)	(12, 4073)	(13, 5319)	(14, 3933)	(15, 6836)	(16, 3308)	(17, 4333)	(18, 8953)	(19, 9494)	(20, 7525)	(21, 8762)	(22, 4500)	(23, 3515)	(24, 5375)	(25, 5025)	(26, 5784)	(27, 8935)	(28, 17504)	(29, 35574)	(30, 276657)	(31, 13678085)	(32, 334278)	(33, 3691)	(34, 2004)	(35, 1556)	(36, 1671)	(37, 2037)	(38, 2165)	(39, 1601)	(40, 1746)	(41, 1924)	(42, 1616)	(43, 704)	(44, 206)	(45, 142)	(46, 126)	(47, 153)	(48, 167)	(49, 306)	(50, 177)	(51, 141)	(52, 130)	(53, 162)	(54, 133)	(55, 193)	(56, 189)	(57, 181)	(58, 208)	(59, 215)	(60, 247)	(61, 310)	(62, 291)	(63, 210)	(64, 248)	(65, 339)	(66, 436)	(67, 267)	(68, 443)	(69, 388)	(70, 283)	(71, 404)	(72, 395)	(73, 359)	(74, 523)	(75, 620)	(76, 535)	(77, 744)	(78, 888)	(79, 453)	(80, 537)	(81, 577)	(82, 625)	(83, 570)	(84, 433)	(85, 904)	(86, 541)	(87, 447)	(88, 683)	(89, 408)	(90, 310)	(91, 262)	(92, 329)	(93, 252)	(94, 216)	(95, 334)	(96, 375)	(97, 422)	(98, 397)	(99, 864)	(100, 512)	(101, 492)	(102, 664)	(103, 834)	(104, 1487)	(105, 3716)	(106, 1441)	(107, 444)	(108, 216)	(109, 234)	(110, 167)	(111, 178)	(112, 100)	(113, 109)	(114, 138)	(115, 145)	(116, 229)	(117, 246)	(118, 226)	(119, 341)	(120, 431)	(121, 534)	(122, 345)	(123, 199)	(124, 164)	(125, 187)	(126, 153)	(127, 159)	(128, 182)	(129, 230)	(130, 148)	(131, 145)	(132, 146)	(133, 105)	(134, 135)	(135, 266)	(136, 198)	(137, 145)	(138, 167)	(139, 136)	(140, 177)	(141, 133)	(142, 79)	(143, 293)	(144, 239)	(145, 107)	(146, 67)	(147, 19)	(148, 7)	(149, 3)	(150, 1)	(151, 3)
SRR34661430 - Adapter 1	(3, 3892)	(4, 1753)	(5, 2370)	(6, 2575)	(7, 1111)	(8, 1638)	(9, 3626)	(10, 2311)	(11, 2406)	(12, 3129)	(13, 4260)	(14, 3219)	(15, 5327)	(16, 2699)	(17, 3931)	(18, 7626)	(19, 7927)	(20, 6278)	(21, 8438)	(22, 4665)	(23, 3491)	(24, 5116)	(25, 5275)	(26, 6480)	(27, 10372)	(28, 19699)	(29, 37704)	(30, 347072)	(31, 17312234)	(32, 375201)	(33, 4299)	(34, 2158)	(35, 1841)	(36, 2139)	(37, 2498)	(38, 2948)	(39, 1963)	(40, 2299)	(41, 2424)	(42, 1643)	(43, 694)	(44, 223)	(45, 136)	(46, 152)	(47, 159)	(48, 188)	(49, 231)	(50, 176)	(51, 160)	(52, 130)	(53, 239)	(54, 158)	(55, 174)	(56, 163)	(57, 181)	(58, 157)	(59, 230)	(60, 227)	(61, 315)	(62, 231)	(63, 237)	(64, 183)	(65, 226)	(66, 334)	(67, 159)	(68, 310)	(69, 368)	(70, 458)	(71, 705)	(72, 517)	(73, 627)	(74, 708)	(75, 898)	(76, 1236)	(77, 635)	(78, 935)	(79, 310)	(80, 450)	(81, 592)	(82, 676)	(83, 665)	(84, 415)	(85, 1089)	(86, 758)	(87, 629)	(88, 769)	(89, 448)	(90, 423)	(91, 355)	(92, 362)	(93, 250)	(94, 231)	(95, 389)	(96, 449)	(97, 428)	(98, 449)	(99, 1051)	(100, 536)	(101, 536)	(102, 787)	(103, 1066)	(104, 1953)	(105, 4580)	(106, 1815)	(107, 599)	(108, 296)	(109, 213)	(110, 166)	(111, 158)	(112, 125)	(113, 146)	(114, 164)	(115, 172)	(116, 286)	(117, 305)	(118, 306)	(119, 354)	(120, 364)	(121, 418)	(122, 338)	(123, 246)	(124, 225)	(125, 250)	(126, 240)	(127, 313)	(128, 515)	(129, 694)	(130, 340)	(131, 331)	(132, 276)	(133, 228)	(134, 228)	(135, 350)	(136, 346)	(137, 247)	(138, 261)	(139, 208)	(140, 192)	(141, 139)	(142, 126)	(143, 373)	(144, 170)	(145, 63)	(146, 38)	(147, 13)	(148, 1)			
SRR34661431 - Adapter 1	(3, 4767)	(4, 2408)	(5, 4174)	(6, 3941)	(7, 1605)	(8, 2403)	(9, 6385)	(10, 3975)	(11, 3576)	(12, 4990)	(13, 6788)	(14, 4753)	(15, 7818)	(16, 4257)	(17, 6620)	(18, 12023)	(19, 12543)	(20, 10361)	(21, 15108)	(22, 8572)	(23, 5227)	(24, 6944)	(25, 6852)	(26, 7787)	(27, 11219)	(28, 19665)	(29, 36610)	(30, 321573)	(31, 15367228)	(32, 364493)	(33, 4544)	(34, 2253)	(35, 2003)	(36, 2276)	(37, 2620)	(38, 3138)	(39, 1950)	(40, 2430)	(41, 2565)	(42, 1640)	(43, 739)	(44, 231)	(45, 161)	(46, 164)	(47, 162)	(48, 186)	(49, 300)	(50, 223)	(51, 177)	(52, 192)	(53, 286)	(54, 187)	(55, 189)	(56, 192)	(57, 166)	(58, 152)	(59, 211)	(60, 224)	(61, 354)	(62, 270)	(63, 215)	(64, 200)	(65, 289)	(66, 383)	(67, 349)	(68, 316)	(69, 371)	(70, 322)	(71, 615)	(72, 1078)	(73, 550)	(74, 1036)	(75, 820)	(76, 881)	(77, 497)	(78, 840)	(79, 294)	(80, 397)	(81, 707)	(82, 674)	(83, 623)	(84, 372)	(85, 1207)	(86, 739)	(87, 680)	(88, 830)	(89, 426)	(90, 360)	(91, 329)	(92, 397)	(93, 245)	(94, 259)	(95, 383)	(96, 458)	(97, 438)	(98, 451)	(99, 1128)	(100, 518)	(101, 565)	(102, 782)	(103, 909)	(104, 1626)	(105, 4170)	(106, 1601)	(107, 571)	(108, 286)	(109, 199)	(110, 161)	(111, 140)	(112, 129)	(113, 128)	(114, 159)	(115, 188)	(116, 257)	(117, 382)	(118, 365)	(119, 412)	(120, 391)	(121, 425)	(122, 385)	(123, 289)	(124, 258)	(125, 216)	(126, 204)	(127, 290)	(128, 425)	(129, 623)	(130, 334)	(131, 342)	(132, 332)	(133, 208)	(134, 223)	(135, 343)	(136, 343)	(137, 275)	(138, 303)	(139, 212)	(140, 204)	(141, 140)	(142, 113)	(143, 335)	(144, 155)	(145, 66)	(146, 42)	(147, 21)	(148, 8)	(149, 1)	(151, 1)	
SRR34661432 - Adapter 1	(3, 37879)	(4, 17438)	(5, 6507)	(6, 15878)	(7, 272)	(8, 367)	(9, 5109)	(10, 11945)	(11, 75)	(12, 6814)	(13, 12738)	(14, 500)	(15, 7143)	(16, 21441)	(17, 9130)	(18, 517)	(19, 9523)	(20, 11363)	(21, 9727)	(22, 7187)	(23, 7918)	(24, 7740)	(25, 9286)	(26, 13295)	(27, 20164)	(28, 37723)	(29, 89843)	(30, 662811)	(31, 25447120)	(32, 106585)	(33, 777)	(34, 237)	(35, 253)	(36, 329)	(37, 223)	(38, 272)	(39, 336)	(40, 59)	(41, 51)	(42, 33)	(43, 53)	(44, 79)	(45, 41)	(46, 57)	(47, 84)	(48, 103)	(49, 55)	(50, 47)	(51, 36)	(52, 64)	(53, 70)	(54, 57)	(55, 66)	(56, 59)	(57, 43)	(58, 93)	(59, 138)	(60, 48)	(61, 18)	(62, 50)	(63, 77)	(64, 56)	(65, 168)	(66, 71)	(67, 84)	(68, 87)	(69, 200)	(70, 189)	(71, 154)	(72, 160)	(73, 200)	(74, 192)	(75, 393)	(76, 336)	(77, 396)	(78, 551)	(79, 332)	(80, 354)	(81, 235)	(82, 562)	(83, 219)	(84, 326)	(85, 425)	(86, 251)	(87, 333)	(88, 250)	(89, 435)	(90, 350)	(91, 221)	(92, 355)	(93, 276)	(94, 232)	(95, 407)	(96, 577)	(97, 490)	(98, 391)	(99, 567)	(100, 669)	(101, 793)	(102, 344)	(103, 268)	(104, 243)	(105, 307)	(106, 515)	(107, 767)	(108, 752)	(109, 701)	(110, 898)	(111, 294)	(112, 321)	(113, 412)	(114, 380)	(115, 493)	(116, 488)	(117, 463)	(118, 746)	(119, 1221)	(120, 1697)	(121, 1059)	(122, 515)	(123, 452)	(124, 477)	(125, 411)	(126, 513)	(127, 455)	(128, 555)	(129, 344)	(130, 263)	(131, 254)	(132, 231)	(133, 206)	(134, 219)	(135, 318)	(136, 254)	(137, 292)	(138, 383)	(139, 591)	(140, 433)	(141, 255)	(142, 148)	(143, 104)	(144, 58)	(145, 48)	(146, 54)	(147, 92)	(148, 403)	(149, 15)	(150, 50)	
SRR34661433 - Adapter 1	(3, 42168)	(4, 27610)	(5, 11247)	(6, 32179)	(7, 331)	(8, 750)	(9, 12204)	(10, 19269)	(11, 100)	(12, 13298)	(13, 23222)	(14, 884)	(15, 13134)	(16, 49525)	(17, 21853)	(18, 901)	(19, 21200)	(20, 29719)	(21, 18827)	(22, 11785)	(23, 12427)	(24, 12398)	(25, 13177)	(26, 18186)	(27, 26453)	(28, 47654)	(29, 113487)	(30, 775385)	(31, 29714698)	(32, 125928)	(33, 1149)	(34, 331)	(35, 354)	(36, 515)	(37, 379)	(38, 398)	(39, 711)	(40, 71)	(41, 84)	(42, 47)	(43, 81)	(44, 120)	(45, 61)	(46, 118)	(47, 94)	(48, 165)	(49, 128)	(50, 76)	(51, 60)	(52, 82)	(53, 96)	(54, 76)	(55, 68)	(56, 72)	(57, 54)	(58, 119)	(59, 165)	(60, 50)	(61, 47)	(62, 65)	(63, 131)	(64, 30)	(65, 106)	(66, 143)	(67, 343)	(68, 137)	(69, 362)	(70, 239)	(71, 288)	(72, 310)	(73, 340)	(74, 689)	(75, 689)	(76, 641)	(77, 593)	(78, 992)	(79, 484)	(80, 563)	(81, 346)	(82, 898)	(83, 401)	(84, 527)	(85, 687)	(86, 406)	(87, 446)	(88, 379)	(89, 612)	(90, 412)	(91, 292)	(92, 424)	(93, 317)	(94, 272)	(95, 453)	(96, 665)	(97, 504)	(98, 446)	(99, 624)	(100, 753)	(101, 908)	(102, 402)	(103, 303)	(104, 337)	(105, 432)	(106, 638)	(107, 1100)	(108, 896)	(109, 860)	(110, 932)	(111, 372)	(112, 355)	(113, 458)	(114, 516)	(115, 636)	(116, 631)	(117, 587)	(118, 772)	(119, 1110)	(120, 1562)	(121, 1031)	(122, 604)	(123, 512)	(124, 540)	(125, 456)	(126, 589)	(127, 603)	(128, 728)	(129, 435)	(130, 456)	(131, 418)	(132, 327)	(133, 298)	(134, 338)	(135, 401)	(136, 329)	(137, 326)	(138, 411)	(139, 551)	(140, 397)	(141, 271)	(142, 143)	(143, 97)	(144, 71)	(145, 58)	(146, 50)	(147, 80)	(148, 438)	(149, 22)	(150, 47)	
SRR34661434 - Adapter 1	(3, 33752)	(4, 15916)	(5, 6511)	(6, 16538)	(7, 237)	(8, 407)	(9, 5613)	(10, 11054)	(11, 79)	(12, 7250)	(13, 12518)	(14, 443)	(15, 6827)	(16, 22493)	(17, 10313)	(18, 445)	(19, 10628)	(20, 13841)	(21, 10779)	(22, 6649)	(23, 6632)	(24, 6621)	(25, 7920)	(26, 11477)	(27, 17201)	(28, 32380)	(29, 80368)	(30, 655719)	(31, 25294524)	(32, 109484)	(33, 864)	(34, 227)	(35, 204)	(36, 332)	(37, 236)	(38, 293)	(39, 299)	(40, 46)	(41, 44)	(42, 27)	(43, 63)	(44, 64)	(45, 32)	(46, 80)	(47, 76)	(48, 100)	(49, 67)	(50, 43)	(51, 44)	(52, 50)	(53, 55)	(54, 42)	(55, 58)	(56, 67)	(57, 30)	(58, 101)	(59, 135)	(60, 44)	(61, 34)	(62, 46)	(63, 70)	(64, 52)	(65, 107)	(66, 101)	(67, 256)	(68, 136)	(69, 237)	(70, 326)	(71, 167)	(72, 232)	(73, 382)	(74, 861)	(75, 680)	(76, 870)	(77, 623)	(78, 1282)	(79, 947)	(80, 505)	(81, 324)	(82, 684)	(83, 463)	(84, 259)	(85, 318)	(86, 225)	(87, 228)	(88, 203)	(89, 208)	(90, 224)	(91, 179)	(92, 196)	(93, 208)	(94, 166)	(95, 199)	(96, 287)	(97, 348)	(98, 265)	(99, 343)	(100, 443)	(101, 507)	(102, 453)	(103, 359)	(104, 316)	(105, 378)	(106, 502)	(107, 1028)	(108, 977)	(109, 856)	(110, 972)	(111, 378)	(112, 417)	(113, 381)	(114, 382)	(115, 575)	(116, 637)	(117, 499)	(118, 730)	(119, 1088)	(120, 1606)	(121, 944)	(122, 541)	(123, 486)	(124, 487)	(125, 478)	(126, 558)	(127, 650)	(128, 749)	(129, 465)	(130, 396)	(131, 346)	(132, 301)	(133, 254)	(134, 258)	(135, 380)	(136, 296)	(137, 300)	(138, 370)	(139, 516)	(140, 411)	(141, 275)	(142, 155)	(143, 140)	(144, 83)	(145, 75)	(146, 68)	(147, 49)	(148, 231)	(149, 9)	(150, 18)	
SRR34661435 - Adapter 1	(3, 28134)	(4, 18622)	(5, 8510)	(6, 24899)	(7, 201)	(8, 518)	(9, 7925)	(10, 14651)	(11, 77)	(12, 10642)	(13, 19229)	(14, 795)	(15, 9833)	(16, 34350)	(17, 19286)	(18, 1056)	(19, 20202)	(20, 31112)	(21, 19836)	(22, 12741)	(23, 12253)	(24, 11895)	(25, 13683)	(26, 20258)	(27, 30616)	(28, 57352)	(29, 143744)	(30, 1099356)	(31, 42052833)	(32, 171890)	(33, 1835)	(34, 723)	(35, 500)	(36, 600)	(37, 374)	(38, 425)	(39, 416)	(40, 109)	(41, 63)	(42, 46)	(43, 128)	(44, 121)	(45, 66)	(46, 157)	(47, 188)	(48, 204)	(49, 148)	(50, 103)	(51, 60)	(52, 101)	(53, 143)	(54, 102)	(55, 106)	(56, 112)	(57, 73)	(58, 176)	(59, 222)	(60, 78)	(61, 68)	(62, 90)	(63, 155)	(64, 83)	(65, 240)	(66, 122)	(67, 133)	(68, 271)	(69, 168)	(70, 518)	(71, 273)	(72, 328)	(73, 383)	(74, 640)	(75, 671)	(76, 659)	(77, 586)	(78, 1012)	(79, 534)	(80, 611)	(81, 377)	(82, 1079)	(83, 467)	(84, 756)	(85, 922)	(86, 565)	(87, 573)	(88, 589)	(89, 762)	(90, 590)	(91, 461)	(92, 726)	(93, 496)	(94, 453)	(95, 704)	(96, 932)	(97, 833)	(98, 688)	(99, 1034)	(100, 1231)	(101, 1543)	(102, 727)	(103, 497)	(104, 521)	(105, 711)	(106, 1069)	(107, 1693)	(108, 1464)	(109, 1436)	(110, 1580)	(111, 693)	(112, 723)	(113, 814)	(114, 878)	(115, 1018)	(116, 995)	(117, 884)	(118, 1145)	(119, 1642)	(120, 2163)	(121, 1519)	(122, 953)	(123, 789)	(124, 793)	(125, 670)	(126, 893)	(127, 884)	(128, 1028)	(129, 676)	(130, 632)	(131, 617)	(132, 552)	(133, 502)	(134, 480)	(135, 540)	(136, 462)	(137, 502)	(138, 521)	(139, 636)	(140, 409)	(141, 287)	(142, 184)	(143, 157)	(144, 98)	(145, 72)	(146, 59)	(147, 67)	(148, 228)	(149, 11)	(150, 25)	
SRR34661436 - Adapter 1	(3, 27211)	(4, 9820)	(5, 5493)	(6, 11519)	(7, 202)	(8, 326)	(9, 6274)	(10, 8941)	(11, 67)	(12, 7747)	(13, 16220)	(14, 394)	(15, 5820)	(16, 17264)	(17, 13023)	(18, 526)	(19, 11150)	(20, 11297)	(21, 7417)	(22, 6945)	(23, 7854)	(24, 6980)	(25, 6294)	(26, 8837)	(27, 13948)	(28, 27605)	(29, 70202)	(30, 664274)	(31, 25323941)	(32, 112710)	(33, 820)	(34, 210)	(35, 189)	(36, 248)	(37, 149)	(38, 160)	(39, 236)	(40, 42)	(41, 38)	(42, 35)	(43, 47)	(44, 76)	(45, 26)	(46, 68)	(47, 47)	(48, 71)	(49, 65)	(50, 52)	(51, 38)	(52, 63)	(53, 62)	(54, 37)	(55, 53)	(56, 45)	(57, 38)	(58, 90)	(59, 82)	(60, 38)	(61, 38)	(62, 37)	(63, 73)	(64, 47)	(65, 82)	(66, 64)	(67, 52)	(68, 115)	(69, 207)	(70, 258)	(71, 143)	(72, 257)	(73, 315)	(74, 350)	(75, 351)	(76, 475)	(77, 405)	(78, 782)	(79, 404)	(80, 474)	(81, 317)	(82, 713)	(83, 303)	(84, 404)	(85, 464)	(86, 288)	(87, 310)	(88, 275)	(89, 377)	(90, 310)	(91, 215)	(92, 298)	(93, 246)	(94, 189)	(95, 317)	(96, 400)	(97, 360)	(98, 272)	(99, 451)	(100, 555)	(101, 680)	(102, 360)	(103, 250)	(104, 278)	(105, 341)	(106, 476)	(107, 787)	(108, 621)	(109, 667)	(110, 1007)	(111, 334)	(112, 328)	(113, 402)	(114, 361)	(115, 449)	(116, 528)	(117, 538)	(118, 703)	(119, 982)	(120, 1551)	(121, 905)	(122, 532)	(123, 440)	(124, 444)	(125, 382)	(126, 498)	(127, 466)	(128, 580)	(129, 338)	(130, 374)	(131, 321)	(132, 315)	(133, 267)	(134, 283)	(135, 368)	(136, 380)	(137, 362)	(138, 456)	(139, 699)	(140, 502)	(141, 388)	(142, 253)	(143, 198)	(144, 139)	(145, 142)	(146, 136)	(147, 208)	(148, 826)	(149, 41)	(150, 108)	
SRR34661437 - Adapter 1	(3, 30149)	(4, 14806)	(5, 7223)	(6, 19384)	(7, 247)	(8, 483)	(9, 8338)	(10, 12317)	(11, 65)	(12, 9816)	(13, 17777)	(14, 528)	(15, 8044)	(16, 27982)	(17, 13927)	(18, 618)	(19, 13794)	(20, 19552)	(21, 12887)	(22, 7653)	(23, 8929)	(24, 9088)	(25, 8798)	(26, 11972)	(27, 18500)	(28, 36150)	(29, 89638)	(30, 670109)	(31, 27542329)	(32, 121723)	(33, 972)	(34, 319)	(35, 264)	(36, 413)	(37, 315)	(38, 296)	(39, 350)	(40, 70)	(41, 37)	(42, 24)	(43, 66)	(44, 92)	(45, 44)	(46, 63)	(47, 66)	(48, 102)	(49, 91)	(50, 61)	(51, 43)	(52, 57)	(53, 102)	(54, 58)	(55, 63)	(56, 44)	(57, 49)	(58, 98)	(59, 110)	(60, 58)	(61, 29)	(62, 46)	(63, 93)	(64, 32)	(65, 118)	(66, 221)	(67, 90)	(68, 180)	(69, 122)	(70, 156)	(71, 226)	(72, 147)	(73, 296)	(74, 317)	(75, 621)	(76, 464)	(77, 412)	(78, 726)	(79, 375)	(80, 453)	(81, 222)	(82, 650)	(83, 244)	(84, 366)	(85, 441)	(86, 274)	(87, 319)	(88, 265)	(89, 376)	(90, 287)	(91, 194)	(92, 260)	(93, 234)	(94, 163)	(95, 315)	(96, 440)	(97, 373)	(98, 367)	(99, 433)	(100, 555)	(101, 684)	(102, 336)	(103, 198)	(104, 254)	(105, 328)	(106, 476)	(107, 901)	(108, 776)	(109, 710)	(110, 761)	(111, 327)	(112, 357)	(113, 382)	(114, 413)	(115, 518)	(116, 578)	(117, 515)	(118, 788)	(119, 1179)	(120, 1697)	(121, 1101)	(122, 664)	(123, 567)	(124, 561)	(125, 575)	(126, 560)	(127, 559)	(128, 751)	(129, 526)	(130, 501)	(131, 390)	(132, 390)	(133, 336)	(134, 374)	(135, 424)	(136, 372)	(137, 399)	(138, 517)	(139, 690)	(140, 460)	(141, 326)	(142, 214)	(143, 155)	(144, 107)	(145, 70)	(146, 50)	(147, 76)	(148, 289)	(149, 15)	(150, 16)	
SRR34661438 - Adapter 1	(3, 29807)	(4, 22927)	(5, 7832)	(6, 21175)	(7, 200)	(8, 371)	(9, 5920)	(10, 12000)	(11, 62)	(12, 7609)	(13, 13966)	(14, 757)	(15, 10669)	(16, 34561)	(17, 13606)	(18, 632)	(19, 14030)	(20, 23947)	(21, 15564)	(22, 8526)	(23, 8326)	(24, 8221)	(25, 10769)	(26, 16772)	(27, 25866)	(28, 50038)	(29, 122836)	(30, 808886)	(31, 31918101)	(32, 129015)	(33, 1275)	(34, 410)	(35, 386)	(36, 488)	(37, 327)	(38, 322)	(39, 602)	(40, 64)	(41, 77)	(42, 35)	(43, 62)	(44, 94)	(45, 37)	(46, 99)	(47, 112)	(48, 131)	(49, 87)	(50, 70)	(51, 43)	(52, 77)	(53, 74)	(54, 54)	(55, 75)	(56, 60)	(57, 40)	(58, 111)	(59, 175)	(60, 47)	(61, 38)	(62, 56)	(63, 101)	(64, 43)	(65, 92)	(66, 110)	(67, 299)	(68, 158)	(69, 234)	(70, 250)	(71, 247)	(72, 126)	(73, 225)	(74, 306)	(75, 460)	(76, 427)	(77, 345)	(78, 669)	(79, 267)	(80, 310)	(81, 200)	(82, 576)	(83, 242)	(84, 322)	(85, 472)	(86, 331)	(87, 391)	(88, 317)	(89, 418)	(90, 395)	(91, 278)	(92, 473)	(93, 341)	(94, 290)	(95, 447)	(96, 680)	(97, 568)	(98, 494)	(99, 709)	(100, 888)	(101, 977)	(102, 512)	(103, 341)	(104, 344)	(105, 500)	(106, 670)	(107, 1209)	(108, 1066)	(109, 994)	(110, 1141)	(111, 428)	(112, 482)	(113, 515)	(114, 526)	(115, 725)	(116, 722)	(117, 688)	(118, 986)	(119, 1523)	(120, 2245)	(121, 1373)	(122, 712)	(123, 628)	(124, 537)	(125, 549)	(126, 672)	(127, 609)	(128, 744)	(129, 447)	(130, 423)	(131, 380)	(132, 331)	(133, 285)	(134, 334)	(135, 322)	(136, 286)	(137, 328)	(138, 412)	(139, 562)	(140, 403)	(141, 289)	(142, 202)	(143, 157)	(144, 104)	(145, 81)	(146, 69)	(147, 72)	(148, 302)	(149, 16)	(150, 30)	
SRR34661439 - Adapter 1	(3, 22741)	(4, 14056)	(5, 7984)	(6, 20576)	(7, 209)	(8, 533)	(9, 9218)	(10, 11196)	(11, 63)	(12, 10135)	(13, 17684)	(14, 592)	(15, 8391)	(16, 27774)	(17, 14418)	(18, 617)	(19, 14030)	(20, 17747)	(21, 10968)	(22, 7796)	(23, 8907)	(24, 8960)	(25, 8663)	(26, 11712)	(27, 17271)	(28, 33280)	(29, 81735)	(30, 669134)	(31, 25508005)	(32, 108765)	(33, 672)	(34, 184)	(35, 187)	(36, 292)	(37, 218)	(38, 220)	(39, 277)	(40, 52)	(41, 32)	(42, 27)	(43, 46)	(44, 87)	(45, 35)	(46, 76)	(47, 68)	(48, 101)	(49, 89)	(50, 64)	(51, 41)	(52, 60)	(53, 83)	(54, 55)	(55, 53)	(56, 79)	(57, 42)	(58, 95)	(59, 132)	(60, 47)	(61, 51)	(62, 64)	(63, 112)	(64, 48)	(65, 147)	(66, 47)	(67, 37)	(68, 146)	(69, 398)	(70, 187)	(71, 370)	(72, 293)	(73, 349)	(74, 471)	(75, 661)	(76, 648)	(77, 497)	(78, 848)	(79, 544)	(80, 469)	(81, 315)	(82, 696)	(83, 360)	(84, 338)	(85, 405)	(86, 239)	(87, 241)	(88, 197)	(89, 255)	(90, 291)	(91, 194)	(92, 239)	(93, 186)	(94, 147)	(95, 198)	(96, 338)	(97, 303)	(98, 201)	(99, 322)	(100, 445)	(101, 565)	(102, 391)	(103, 290)	(104, 255)	(105, 335)	(106, 485)	(107, 786)	(108, 696)	(109, 688)	(110, 789)	(111, 308)	(112, 370)	(113, 444)	(114, 447)	(115, 568)	(116, 655)	(117, 582)	(118, 844)	(119, 1211)	(120, 1763)	(121, 1041)	(122, 630)	(123, 584)	(124, 508)	(125, 530)	(126, 649)	(127, 744)	(128, 932)	(129, 543)	(130, 456)	(131, 358)	(132, 352)	(133, 291)	(134, 275)	(135, 348)	(136, 303)	(137, 280)	(138, 339)	(139, 467)	(140, 350)	(141, 228)	(142, 148)	(143, 113)	(144, 94)	(145, 73)	(146, 68)	(147, 73)	(148, 341)	(149, 11)	(150, 32)	
SRR34661440 - Adapter 1	(3, 17939)	(4, 8456)	(5, 4003)	(6, 9950)	(7, 136)	(8, 249)	(9, 3719)	(10, 7275)	(11, 35)	(12, 5111)	(13, 9429)	(14, 283)	(15, 4414)	(16, 14053)	(17, 7300)	(18, 397)	(19, 7556)	(20, 10332)	(21, 7161)	(22, 4974)	(23, 4887)	(24, 5381)	(25, 6347)	(26, 10203)	(27, 16004)	(28, 33041)	(29, 85215)	(30, 692652)	(31, 27458178)	(32, 117566)	(33, 746)	(34, 196)	(35, 175)	(36, 214)	(37, 156)	(38, 185)	(39, 198)	(40, 42)	(41, 28)	(42, 23)	(43, 53)	(44, 50)	(45, 32)	(46, 57)	(47, 81)	(48, 101)	(49, 56)	(50, 27)	(51, 27)	(52, 45)	(53, 44)	(54, 34)	(55, 63)	(56, 53)	(57, 21)	(58, 81)	(59, 95)	(60, 39)	(61, 22)	(62, 36)	(63, 57)	(64, 39)	(65, 100)	(66, 67)	(67, 101)	(68, 101)	(69, 87)	(70, 95)	(71, 197)	(72, 163)	(73, 287)	(74, 793)	(75, 608)	(76, 639)	(77, 552)	(78, 984)	(79, 611)	(80, 417)	(81, 314)	(82, 698)	(83, 420)	(84, 320)	(85, 391)	(86, 245)	(87, 217)	(88, 197)	(89, 250)	(90, 390)	(91, 216)	(92, 224)	(93, 170)	(94, 164)	(95, 193)	(96, 341)	(97, 333)	(98, 227)	(99, 323)	(100, 491)	(101, 596)	(102, 433)	(103, 335)	(104, 272)	(105, 350)	(106, 484)	(107, 825)	(108, 714)	(109, 834)	(110, 869)	(111, 356)	(112, 404)	(113, 447)	(114, 449)	(115, 524)	(116, 622)	(117, 596)	(118, 828)	(119, 1267)	(120, 1810)	(121, 1151)	(122, 658)	(123, 565)	(124, 499)	(125, 458)	(126, 562)	(127, 604)	(128, 745)	(129, 490)	(130, 455)	(131, 381)	(132, 336)	(133, 307)	(134, 289)	(135, 397)	(136, 315)	(137, 342)	(138, 398)	(139, 480)	(140, 330)	(141, 232)	(142, 164)	(143, 127)	(144, 108)	(145, 69)	(146, 58)	(147, 52)	(148, 191)	(149, 7)	(150, 19)	
SRR34661441 - Adapter 1	(3, 14814)	(4, 12380)	(5, 5807)	(6, 17999)	(7, 146)	(8, 378)	(9, 6157)	(10, 10843)	(11, 64)	(12, 9157)	(13, 15987)	(14, 507)	(15, 6844)	(16, 23195)	(17, 12339)	(18, 579)	(19, 13510)	(20, 19218)	(21, 11656)	(22, 7499)	(23, 7566)	(24, 7091)	(25, 6599)	(26, 8578)	(27, 12066)	(28, 21592)	(29, 51237)	(30, 304645)	(31, 10465685)	(32, 43747)	(33, 392)	(34, 126)	(35, 147)	(36, 249)	(37, 164)	(38, 163)	(39, 180)	(40, 37)	(41, 19)	(42, 28)	(43, 44)	(44, 64)	(45, 31)	(46, 68)	(47, 81)	(48, 90)	(49, 43)	(50, 41)	(51, 20)	(52, 36)	(53, 59)	(54, 45)	(55, 47)	(56, 46)	(57, 25)	(58, 91)	(59, 89)	(60, 44)	(61, 29)	(62, 48)	(63, 100)	(64, 43)	(65, 83)	(66, 51)	(67, 155)	(68, 105)	(69, 312)	(70, 176)	(71, 310)	(72, 66)	(73, 76)	(74, 282)	(75, 266)	(76, 282)	(77, 330)	(78, 370)	(79, 217)	(80, 282)	(81, 203)	(82, 452)	(83, 184)	(84, 221)	(85, 306)	(86, 169)	(87, 215)	(88, 145)	(89, 181)	(90, 198)	(91, 129)	(92, 166)	(93, 120)	(94, 100)	(95, 176)	(96, 224)	(97, 196)	(98, 149)	(99, 220)	(100, 276)	(101, 315)	(102, 172)	(103, 121)	(104, 123)	(105, 145)	(106, 199)	(107, 357)	(108, 341)	(109, 330)	(110, 343)	(111, 139)	(112, 145)	(113, 168)	(114, 198)	(115, 232)	(116, 185)	(117, 183)	(118, 259)	(119, 368)	(120, 503)	(121, 334)	(122, 180)	(123, 169)	(124, 169)	(125, 146)	(126, 164)	(127, 166)	(128, 189)	(129, 122)	(130, 128)	(131, 115)	(132, 110)	(133, 98)	(134, 104)	(135, 128)	(136, 100)	(137, 82)	(138, 111)	(139, 164)	(140, 102)	(141, 80)	(142, 56)	(143, 40)	(144, 21)	(145, 12)	(146, 15)	(147, 18)	(148, 77)	(149, 2)	(150, 5)	
SRR34661442 - Adapter 1	(3, 18736)	(4, 11925)	(5, 6000)	(6, 16977)	(7, 183)	(8, 387)	(9, 6470)	(10, 11275)	(11, 42)	(12, 7904)	(13, 14980)	(14, 463)	(15, 6791)	(16, 21377)	(17, 10677)	(18, 567)	(19, 11142)	(20, 16064)	(21, 10708)	(22, 7125)	(23, 7568)	(24, 7271)	(25, 8356)	(26, 12917)	(27, 21101)	(28, 43038)	(29, 110436)	(30, 805372)	(31, 30804917)	(32, 129613)	(33, 1010)	(34, 359)	(35, 240)	(36, 369)	(37, 227)	(38, 214)	(39, 311)	(40, 64)	(41, 50)	(42, 29)	(43, 48)	(44, 84)	(45, 41)	(46, 69)	(47, 102)	(48, 87)	(49, 72)	(50, 45)	(51, 45)	(52, 57)	(53, 82)	(54, 65)	(55, 75)	(56, 45)	(57, 29)	(58, 106)	(59, 145)	(60, 44)	(61, 55)	(62, 65)	(63, 79)	(64, 75)	(65, 181)	(66, 115)	(67, 61)	(68, 127)	(69, 101)	(70, 141)	(71, 182)	(72, 327)	(73, 518)	(74, 664)	(75, 512)	(76, 712)	(77, 506)	(78, 1101)	(79, 556)	(80, 488)	(81, 396)	(82, 786)	(83, 320)	(84, 311)	(85, 487)	(86, 304)	(87, 295)	(88, 213)	(89, 316)	(90, 307)	(91, 257)	(92, 296)	(93, 201)	(94, 165)	(95, 256)	(96, 408)	(97, 356)	(98, 282)	(99, 411)	(100, 567)	(101, 650)	(102, 431)	(103, 337)	(104, 276)	(105, 373)	(106, 560)	(107, 923)	(108, 863)	(109, 809)	(110, 889)	(111, 339)	(112, 384)	(113, 413)	(114, 463)	(115, 534)	(116, 575)	(117, 491)	(118, 694)	(119, 947)	(120, 1282)	(121, 849)	(122, 543)	(123, 497)	(124, 472)	(125, 408)	(126, 511)	(127, 566)	(128, 651)	(129, 427)	(130, 380)	(131, 398)	(132, 356)	(133, 306)	(134, 297)	(135, 397)	(136, 397)	(137, 350)	(138, 442)	(139, 623)	(140, 405)	(141, 301)	(142, 177)	(143, 131)	(144, 74)	(145, 80)	(146, 54)	(147, 54)	(148, 229)	(149, 6)	(150, 17)	
SRR34661443 - Adapter 1	(3, 24997)	(4, 13805)	(5, 2381)	(6, 5355)	(7, 105)	(8, 111)	(9, 1301)	(10, 3557)	(11, 35)	(12, 2284)	(13, 4716)	(14, 323)	(15, 4575)	(16, 19300)	(17, 6127)	(18, 359)	(19, 7015)	(20, 15390)	(21, 8866)	(22, 3876)	(23, 4692)	(24, 3538)	(25, 5575)	(26, 9984)	(27, 15781)	(28, 31937)	(29, 86159)	(30, 651628)	(31, 24104050)	(32, 101263)	(33, 757)	(34, 225)	(35, 214)	(36, 229)	(37, 138)	(38, 168)	(39, 204)	(40, 26)	(41, 46)	(42, 11)	(43, 21)	(44, 38)	(45, 20)	(46, 46)	(47, 46)	(48, 51)	(49, 36)	(50, 32)	(51, 35)	(52, 66)	(53, 47)	(54, 37)	(55, 27)	(56, 33)	(57, 14)	(58, 46)	(59, 43)	(60, 16)	(61, 20)	(62, 17)	(63, 31)	(64, 27)	(65, 35)	(66, 49)	(67, 67)	(68, 88)	(69, 87)	(70, 34)	(71, 45)	(72, 80)	(73, 165)	(74, 146)	(75, 109)	(76, 176)	(77, 127)	(78, 194)	(79, 116)	(80, 116)	(81, 101)	(82, 187)	(83, 95)	(84, 110)	(85, 137)	(86, 84)	(87, 82)	(88, 81)	(89, 136)	(90, 119)	(91, 77)	(92, 102)	(93, 110)	(94, 109)	(95, 166)	(96, 190)	(97, 149)	(98, 160)	(99, 189)	(100, 234)	(101, 328)	(102, 164)	(103, 124)	(104, 123)	(105, 155)	(106, 185)	(107, 213)	(108, 224)	(109, 197)	(110, 253)	(111, 172)	(112, 189)	(113, 224)	(114, 326)	(115, 443)	(116, 895)	(117, 1063)	(118, 1453)	(119, 1989)	(120, 3454)	(121, 1425)	(122, 518)	(123, 323)	(124, 321)	(125, 364)	(126, 432)	(127, 411)	(128, 453)	(129, 298)	(130, 259)	(131, 336)	(132, 272)	(133, 284)	(134, 270)	(135, 351)	(136, 379)	(137, 398)	(138, 466)	(139, 675)	(140, 543)	(141, 348)	(142, 220)	(143, 123)	(144, 81)	(145, 60)	(146, 56)	(147, 85)	(148, 412)	(149, 19)	(150, 75)	
