Sample	0	1	2	3	4	5	6	7	8	9	10	11	12	13	14	15	16	17	18	19	20	21	22	23	24	25	26	27	28	29	30	31	32	33	34	35	36	37	38	39	40	41	42	43	44	45	46	47	48	49	50	51	52	53	54	55	56	57	58	59	60	61	62	63	64	65	66	67	68	69	70	71	72	73	74	75	76	77	78	79	80	81	82	83	84	85	86	87	88	89	90	91	92	93	94	95	96	97	98	99	100	101	102	103	104	105	106	107	108	109	110	111	112	113	114	115	116	117	118	119	120	121	122	123	124	125	126	127	128	129	130	131	132	133	134	135	136	137	138	139	140	141	142	143	144	145	146	147	148
SRR34661416 - Adapter 1	(3, 0.004413236350584137)	(4, 0.009865493442595422)	(5, 0.028714883041426675)	(6, 0.1269521410579345)	(7, 0.4245029554003224)	(8, 1.4615797958087051)	(9, 10.32258064516129)	(10, 44.56896551724138)	(11, 128.27586206896552)	(12, 622.8571428571429)	(13, 3630.0)	(14, 531.0)	(15, 595.0)	(16, 714.0)	(17, 808.0)	(18, 1209.0)	(19, 1300.0)	(20, 716.0)	(21, 1222.0)	(22, 787.0)	(23, 570.0)	(24, 906.0)	(25, 644.0)	(26, 566.0)	(27, 539.0)	(28, 625.0)	(29, 706.0)	(30, 727.0)	(31, 1080.0)	(32, 664.0)	(33, 599.0)	(34, 1352.0)	(35, 1085.0)	(36, 1517.0)	(37, 1409.0)	(38, 984.0)	(39, 906.0)	(40, 1000.0)	(41, 913.0)	(42, 910.0)	(43, 969.0)	(44, 1132.0)	(45, 972.0)	(46, 1091.0)	(47, 1088.0)	(48, 1067.0)	(49, 1032.0)	(50, 1351.0)	(51, 1530.0)	(52, 1757.0)	(53, 1592.0)	(54, 2092.0)	(55, 1444.0)	(56, 1568.0)	(57, 1449.0)	(58, 1802.0)	(59, 2328.0)	(60, 2550.0)	(61, 3516.0)	(62, 7737.0)	(63, 3464.0)	(64, 6939.0)	(65, 5311.0)	(66, 4105.0)	(67, 3848.0)	(68, 5065.0)	(69, 7597.0)	(70, 9311.0)	(71, 9765.0)	(72, 21520.0)	(73, 24037.0)	(74, 27264.0)	(75, 56903.0)	(76, 31869.0)	(77, 77425.0)	(78, 26686.0)	(79, 395421.0)	(80, 93832.0)	(81, 80730.0)	(82, 50914.0)	(83, 53549.0)	(84, 31132.0)	(85, 6376.0)	(86, 4118.0)	(87, 17560.0)	(88, 5125.0)	(89, 23430.0)	(90, 44418.0)	(91, 8510.0)	(92, 29794.0)	(93, 19125.0)	(94, 9975.0)	(95, 20511.0)	(96, 47364.0)	(97, 38610.0)	(98, 6162.0)	(99, 1784.0)	(100, 4108.0)	(101, 9548.0)	(102, 9805.0)	(103, 4558.0)	(104, 12857.0)	(105, 33043.0)	(106, 56519.0)	(107, 80342.0)	(108, 146448.0)	(109, 141906.0)	(110, 137466.0)	(111, 149238.0)	(112, 62100.0)	(113, 77325.0)	(114, 130101.0)	(115, 130555.0)	(116, 120742.0)	(117, 182151.0)	(118, 177486.0)	(119, 264916.0)	(120, 542541.0)	(121, 1038973.0)	(122, 709078.0)	(123, 341036.0)	(124, 289264.0)	(125, 293325.0)	(126, 291627.0)	(127, 327779.0)	(128, 400104.0)	(129, 751079.0)	(130, 319183.0)	(131, 304303.0)	(132, 352531.0)	(133, 236364.0)	(134, 229215.0)	(135, 214821.0)	(136, 244223.0)	(137, 199633.0)	(138, 208864.0)	(139, 257338.0)	(140, 367754.0)	(141, 313480.0)	(142, 141754.0)	(143, 66901.0)	(144, 59463.0)	(145, 48031.0)	(146, 30160.0)	(147, 22069.0)	(148, 4412.0)	(149, 1507.0)	(150, 387.0)	(151, 5331.0)
SRR34661417 - Adapter 1	(3, 0.0045382623962127435)	(4, 0.011075394267718591)	(5, 0.02537346311057445)	(6, 0.1697017165981333)	(7, 0.4137841012922595)	(8, 1.556135770234987)	(9, 11.98329853862213)	(10, 56.833333333333336)	(11, 135.0)	(12, 662.8571428571429)	(13, 4685.0)	(14, 771.0)	(15, 797.0)	(16, 850.0)	(17, 1006.0)	(18, 1405.0)	(19, 1802.0)	(20, 955.0)	(21, 1823.0)	(22, 989.0)	(23, 868.0)	(24, 1183.0)	(25, 1155.0)	(26, 739.0)	(27, 686.0)	(28, 612.0)	(29, 633.0)	(30, 671.0)	(31, 883.0)	(32, 707.0)	(33, 519.0)	(34, 1014.0)	(35, 909.0)	(36, 1132.0)	(37, 1085.0)	(38, 1057.0)	(39, 864.0)	(40, 972.0)	(41, 880.0)	(42, 850.0)	(43, 913.0)	(44, 1136.0)	(45, 954.0)	(46, 1142.0)	(47, 1078.0)	(48, 1066.0)	(49, 1045.0)	(50, 1784.0)	(51, 1870.0)	(52, 2041.0)	(53, 1758.0)	(54, 2363.0)	(55, 1381.0)	(56, 1514.0)	(57, 1510.0)	(58, 1798.0)	(59, 2381.0)	(60, 2938.0)	(61, 4339.0)	(62, 12945.0)	(63, 4306.0)	(64, 12343.0)	(65, 7118.0)	(66, 4808.0)	(67, 4204.0)	(68, 6651.0)	(69, 10359.0)	(70, 10733.0)	(71, 12263.0)	(72, 36572.0)	(73, 45833.0)	(74, 43595.0)	(75, 68823.0)	(76, 45155.0)	(77, 119714.0)	(78, 26894.0)	(79, 128432.0)	(80, 451438.0)	(81, 91872.0)	(82, 118239.0)	(83, 62581.0)	(84, 25818.0)	(85, 42296.0)	(86, 3357.0)	(87, 41800.0)	(88, 4006.0)	(89, 31575.0)	(90, 86232.0)	(91, 6402.0)	(92, 33535.0)	(93, 15570.0)	(94, 4759.0)	(95, 18464.0)	(96, 40614.0)	(97, 23158.0)	(98, 1693.0)	(99, 9326.0)	(100, 18602.0)	(101, 28435.0)	(102, 26404.0)	(103, 7044.0)	(104, 5149.0)	(105, 24331.0)	(106, 53376.0)	(107, 86001.0)	(108, 159511.0)	(109, 157973.0)	(110, 183279.0)	(111, 158823.0)	(112, 68850.0)	(113, 84902.0)	(114, 177060.0)	(115, 156230.0)	(116, 146653.0)	(117, 195871.0)	(118, 190878.0)	(119, 243900.0)	(120, 420664.0)	(121, 795470.0)	(122, 594794.0)	(123, 300036.0)	(124, 255160.0)	(125, 249499.0)	(126, 257086.0)	(127, 308066.0)	(128, 376425.0)	(129, 578111.0)	(130, 298215.0)	(131, 306171.0)	(132, 427823.0)	(133, 276600.0)	(134, 260075.0)	(135, 261290.0)	(136, 271696.0)	(137, 243185.0)	(138, 248178.0)	(139, 320118.0)	(140, 400513.0)	(141, 365004.0)	(142, 187953.0)	(143, 91662.0)	(144, 83779.0)	(145, 70909.0)	(146, 47656.0)	(147, 38888.0)	(148, 8412.0)	(149, 1890.0)	(150, 188.0)	(151, 2242.0)
SRR34661418 - Adapter 1	(3, 0.006283886217250378)	(4, 0.015387758183489579)	(5, 0.03543831601385558)	(6, 0.1975343731125875)	(7, 0.579792525223817)	(8, 2.563956793632746)	(9, 18.59090909090909)	(10, 79.27272727272727)	(11, 235.92592592592592)	(12, 881.4285714285714)	(13, 5490.0)	(14, 678.0)	(15, 913.0)	(16, 849.0)	(17, 1149.0)	(18, 1859.0)	(19, 2099.0)	(20, 933.0)	(21, 1881.0)	(22, 994.0)	(23, 692.0)	(24, 1199.0)	(25, 1119.0)	(26, 737.0)	(27, 681.0)	(28, 651.0)	(29, 748.0)	(30, 758.0)	(31, 921.0)	(32, 668.0)	(33, 580.0)	(34, 1031.0)	(35, 1005.0)	(36, 1198.0)	(37, 1133.0)	(38, 1070.0)	(39, 875.0)	(40, 966.0)	(41, 961.0)	(42, 823.0)	(43, 999.0)	(44, 1136.0)	(45, 939.0)	(46, 1083.0)	(47, 1123.0)	(48, 1127.0)	(49, 1054.0)	(50, 1535.0)	(51, 1853.0)	(52, 1998.0)	(53, 1870.0)	(54, 2607.0)	(55, 1556.0)	(56, 1778.0)	(57, 1914.0)	(58, 3124.0)	(59, 3018.0)	(60, 3328.0)	(61, 4480.0)	(62, 12838.0)	(63, 4723.0)	(64, 12584.0)	(65, 7684.0)	(66, 4258.0)	(67, 4219.0)	(68, 4282.0)	(69, 7730.0)	(70, 11555.0)	(71, 13241.0)	(72, 31487.0)	(73, 42779.0)	(74, 45177.0)	(75, 71788.0)	(76, 39110.0)	(77, 101319.0)	(78, 25239.0)	(79, 206664.0)	(80, 177187.0)	(81, 34698.0)	(82, 145429.0)	(83, 70352.0)	(84, 23390.0)	(85, 61298.0)	(86, 7905.0)	(87, 50576.0)	(88, 6666.0)	(89, 30335.0)	(90, 92199.0)	(91, 10926.0)	(92, 56770.0)	(93, 12680.0)	(94, 4975.0)	(95, 19019.0)	(96, 63322.0)	(97, 21638.0)	(98, 1295.0)	(99, 21807.0)	(100, 23709.0)	(101, 31922.0)	(102, 28493.0)	(103, 8607.0)	(104, 5345.0)	(105, 26166.0)	(106, 59919.0)	(107, 87137.0)	(108, 121709.0)	(109, 128553.0)	(110, 141784.0)	(111, 145691.0)	(112, 66095.0)	(113, 76952.0)	(114, 142350.0)	(115, 145124.0)	(116, 148508.0)	(117, 206349.0)	(118, 215096.0)	(119, 263155.0)	(120, 471564.0)	(121, 902312.0)	(122, 631616.0)	(123, 309234.0)	(124, 230044.0)	(125, 231284.0)	(126, 251893.0)	(127, 277743.0)	(128, 336519.0)	(129, 384717.0)	(130, 221624.0)	(131, 212660.0)	(132, 261038.0)	(133, 208115.0)	(134, 208658.0)	(135, 184296.0)	(136, 192645.0)	(137, 190081.0)	(138, 201482.0)	(139, 250557.0)	(140, 351287.0)	(141, 285927.0)	(142, 146061.0)	(143, 90409.0)	(144, 85385.0)	(145, 76572.0)	(146, 53777.0)	(147, 42587.0)	(148, 9386.0)	(149, 3447.0)	(150, 503.0)	(151, 9548.0)
SRR34661419 - Adapter 1	(3, 0.0036153698410367075)	(4, 0.007707777323066339)	(5, 0.015264875721817726)	(6, 0.0895798184301438)	(7, 0.24586212437731)	(8, 0.8740359897172236)	(9, 6.09254498714653)	(10, 28.14432989690722)	(11, 70.83333333333334)	(12, 323.33333333333337)	(13, 1545.0)	(14, 226.0)	(15, 264.0)	(16, 342.0)	(17, 299.0)	(18, 484.0)	(19, 473.0)	(20, 314.0)	(21, 483.0)	(22, 322.0)	(23, 225.0)	(24, 357.0)	(25, 268.0)	(26, 241.0)	(27, 269.0)	(28, 260.0)	(29, 275.0)	(30, 301.0)	(31, 454.0)	(32, 274.0)	(33, 253.0)	(34, 432.0)	(35, 336.0)	(36, 485.0)	(37, 417.0)	(38, 362.0)	(39, 326.0)	(40, 299.0)	(41, 325.0)	(42, 289.0)	(43, 312.0)	(44, 382.0)	(45, 338.0)	(46, 392.0)	(47, 357.0)	(48, 420.0)	(49, 371.0)	(50, 366.0)	(51, 496.0)	(52, 576.0)	(53, 529.0)	(54, 658.0)	(55, 470.0)	(56, 518.0)	(57, 538.0)	(58, 654.0)	(59, 917.0)	(60, 874.0)	(61, 1000.0)	(62, 2010.0)	(63, 1194.0)	(64, 2023.0)	(65, 1538.0)	(66, 1814.0)	(67, 3009.0)	(68, 2281.0)	(69, 2916.0)	(70, 4192.0)	(71, 4468.0)	(72, 6819.0)	(73, 9988.0)	(74, 10094.0)	(75, 30048.0)	(76, 14486.0)	(77, 28351.0)	(78, 7119.0)	(79, 55247.0)	(80, 121461.0)	(81, 33816.0)	(82, 33609.0)	(83, 17652.0)	(84, 9922.0)	(85, 6701.0)	(86, 934.0)	(87, 8118.0)	(88, 1219.0)	(89, 7154.0)	(90, 20779.0)	(91, 2364.0)	(92, 13728.0)	(93, 10047.0)	(94, 2932.0)	(95, 8579.0)	(96, 24978.0)	(97, 19212.0)	(98, 1676.0)	(99, 1764.0)	(100, 5713.0)	(101, 10040.0)	(102, 9811.0)	(103, 2830.0)	(104, 3462.0)	(105, 13322.0)	(106, 28168.0)	(107, 46204.0)	(108, 79025.0)	(109, 82284.0)	(110, 71200.0)	(111, 94224.0)	(112, 38645.0)	(113, 44866.0)	(114, 63261.0)	(115, 81429.0)	(116, 91375.0)	(117, 155081.0)	(118, 158977.0)	(119, 254129.0)	(120, 351099.0)	(121, 823891.0)	(122, 555940.0)	(123, 263586.0)	(124, 213605.0)	(125, 230976.0)	(126, 233364.0)	(127, 282217.0)	(128, 333102.0)	(129, 497592.0)	(130, 242069.0)	(131, 261825.0)	(132, 379525.0)	(133, 216650.0)	(134, 216373.0)	(135, 220307.0)	(136, 247154.0)	(137, 229926.0)	(138, 258003.0)	(139, 343848.0)	(140, 493472.0)	(141, 416955.0)	(142, 210363.0)	(143, 100103.0)	(144, 86692.0)	(145, 71561.0)	(146, 47732.0)	(147, 33207.0)	(148, 8153.0)	(149, 2998.0)	(150, 1077.0)	(151, 15410.0)
SRR34661420 - Adapter 1	(3, 0.004336896340386633)	(4, 0.010553980076246274)	(5, 0.019528977678794024)	(6, 0.12432270717681082)	(7, 0.3829278021539689)	(8, 1.3085106382978724)	(9, 9.191489361702128)	(10, 38.474576271186436)	(11, 134.82758620689657)	(12, 574.2857142857143)	(13, 3755.0)	(14, 563.0)	(15, 670.0)	(16, 634.0)	(17, 731.0)	(18, 964.0)	(19, 1325.0)	(20, 675.0)	(21, 1516.0)	(22, 752.0)	(23, 627.0)	(24, 969.0)	(25, 910.0)	(26, 537.0)	(27, 490.0)	(28, 476.0)	(29, 640.0)	(30, 564.0)	(31, 768.0)	(32, 606.0)	(33, 473.0)	(34, 872.0)	(35, 845.0)	(36, 972.0)	(37, 858.0)	(38, 799.0)	(39, 714.0)	(40, 818.0)	(41, 724.0)	(42, 704.0)	(43, 758.0)	(44, 920.0)	(45, 818.0)	(46, 920.0)	(47, 1034.0)	(48, 952.0)	(49, 960.0)	(50, 1567.0)	(51, 1566.0)	(52, 1595.0)	(53, 1633.0)	(54, 2232.0)	(55, 1197.0)	(56, 1328.0)	(57, 1343.0)	(58, 1608.0)	(59, 2094.0)	(60, 2468.0)	(61, 3807.0)	(62, 12750.0)	(63, 4209.0)	(64, 9694.0)	(65, 6410.0)	(66, 3982.0)	(67, 4047.0)	(68, 9265.0)	(69, 9663.0)	(70, 8464.0)	(71, 10810.0)	(72, 27063.0)	(73, 39960.0)	(74, 36215.0)	(75, 65108.0)	(76, 37369.0)	(77, 103182.0)	(78, 21630.0)	(79, 76714.0)	(80, 322299.0)	(81, 65800.0)	(82, 142751.0)	(83, 47501.0)	(84, 19553.0)	(85, 71908.0)	(86, 4078.0)	(87, 54745.0)	(88, 5127.0)	(89, 30290.0)	(90, 105110.0)	(91, 7850.0)	(92, 45040.0)	(93, 18799.0)	(94, 4583.0)	(95, 18455.0)	(96, 58390.0)	(97, 30315.0)	(98, 1636.0)	(99, 14463.0)	(100, 21908.0)	(101, 34650.0)	(102, 32772.0)	(103, 7858.0)	(104, 4579.0)	(105, 23736.0)	(106, 51391.0)	(107, 79117.0)	(108, 167382.0)	(109, 170978.0)	(110, 169093.0)	(111, 171350.0)	(112, 67976.0)	(113, 78441.0)	(114, 122932.0)	(115, 136087.0)	(116, 131555.0)	(117, 160763.0)	(118, 162690.0)	(119, 198899.0)	(120, 356055.0)	(121, 639618.0)	(122, 509480.0)	(123, 268119.0)	(124, 242746.0)	(125, 237646.0)	(126, 267232.0)	(127, 329014.0)	(128, 416630.0)	(129, 699621.0)	(130, 348010.0)	(131, 343516.0)	(132, 430850.0)	(133, 306843.0)	(134, 281461.0)	(135, 284622.0)	(136, 304209.0)	(137, 281702.0)	(138, 271759.0)	(139, 356521.0)	(140, 403653.0)	(141, 367082.0)	(142, 189664.0)	(143, 82504.0)	(144, 76209.0)	(145, 65717.0)	(146, 44652.0)	(147, 38791.0)	(148, 7763.0)	(149, 2255.0)	(150, 263.0)	(151, 4154.0)
SRR34661421 - Adapter 1	(3, 0.0032659446644141056)	(4, 0.008332870396089107)	(5, 0.01763339736789288)	(6, 0.10235972130630502)	(7, 0.31540314256222046)	(8, 1.1330275229357798)	(9, 9.44954128440367)	(10, 38.89705882352941)	(11, 130.29411764705884)	(12, 483.3333333333333)	(13, 3770.0)	(14, 6240.0)	(15, 738.0)	(16, 570.0)	(17, 792.0)	(18, 1094.0)	(19, 1358.0)	(20, 732.0)	(21, 1655.0)	(22, 810.0)	(23, 651.0)	(24, 1016.0)	(25, 872.0)	(26, 581.0)	(27, 426.0)	(28, 496.0)	(29, 535.0)	(30, 519.0)	(31, 720.0)	(32, 537.0)	(33, 491.0)	(34, 750.0)	(35, 750.0)	(36, 900.0)	(37, 827.0)	(38, 813.0)	(39, 680.0)	(40, 760.0)	(41, 797.0)	(42, 728.0)	(43, 813.0)	(44, 948.0)	(45, 998.0)	(46, 979.0)	(47, 1008.0)	(48, 1011.0)	(49, 974.0)	(50, 1644.0)	(51, 1819.0)	(52, 1924.0)	(53, 1916.0)	(54, 2353.0)	(55, 1355.0)	(56, 1439.0)	(57, 1378.0)	(58, 1833.0)	(59, 2479.0)	(60, 3579.0)	(61, 4733.0)	(62, 13009.0)	(63, 5235.0)	(64, 11502.0)	(65, 7879.0)	(66, 5079.0)	(67, 5609.0)	(68, 5740.0)	(69, 7815.0)	(70, 10600.0)	(71, 14855.0)	(72, 30720.0)	(73, 41173.0)	(74, 42496.0)	(75, 74326.0)	(76, 40651.0)	(77, 114485.0)	(78, 27580.0)	(79, 150812.0)	(80, 157276.0)	(81, 24020.0)	(82, 151926.0)	(83, 73297.0)	(84, 23859.0)	(85, 85831.0)	(86, 12627.0)	(87, 65136.0)	(88, 9435.0)	(89, 38407.0)	(90, 116015.0)	(91, 13321.0)	(92, 72323.0)	(93, 9598.0)	(94, 5570.0)	(95, 21365.0)	(96, 107167.0)	(97, 16516.0)	(98, 1313.0)	(99, 28407.0)	(100, 26168.0)	(101, 39221.0)	(102, 32936.0)	(103, 7466.0)	(104, 7559.0)	(105, 32424.0)	(106, 64737.0)	(107, 97035.0)	(108, 158211.0)	(109, 166893.0)	(110, 217472.0)	(111, 193993.0)	(112, 83041.0)	(113, 99350.0)	(114, 174789.0)	(115, 221951.0)	(116, 220946.0)	(117, 280312.0)	(118, 273733.0)	(119, 367160.0)	(120, 528238.0)	(121, 946008.0)	(122, 923870.0)	(123, 428348.0)	(124, 380698.0)	(125, 340587.0)	(126, 348554.0)	(127, 399821.0)	(128, 457002.0)	(129, 659949.0)	(130, 394121.0)	(131, 357103.0)	(132, 466300.0)	(133, 331962.0)	(134, 304577.0)	(135, 305014.0)	(136, 293723.0)	(137, 241564.0)	(138, 222089.0)	(139, 258524.0)	(140, 284949.0)	(141, 250369.0)	(142, 136720.0)	(143, 72742.0)	(144, 73089.0)	(145, 67205.0)	(146, 46972.0)	(147, 38815.0)	(148, 7780.0)	(149, 2145.0)	(150, 1473.0)	(151, 12253.0)
SRR34661422 - Adapter 1	(3, 0.0032014269736343193)	(4, 0.007338303035587137)	(5, 0.022087565572460294)	(6, 0.10230179028132992)	(7, 0.30109276912345967)	(8, 1.2226871222687123)	(9, 8.104089219330856)	(10, 31.492537313432834)	(11, 104.41176470588236)	(12, 493.75)	(13, 3050.0)	(14, 4720.0)	(15, 588.0)	(16, 617.0)	(17, 691.0)	(18, 1121.0)	(19, 1159.0)	(20, 685.0)	(21, 1466.0)	(22, 1002.0)	(23, 657.0)	(24, 974.0)	(25, 723.0)	(26, 556.0)	(27, 565.0)	(28, 600.0)	(29, 695.0)	(30, 729.0)	(31, 979.0)	(32, 730.0)	(33, 564.0)	(34, 1213.0)	(35, 1003.0)	(36, 1249.0)	(37, 1120.0)	(38, 940.0)	(39, 905.0)	(40, 936.0)	(41, 1021.0)	(42, 957.0)	(43, 1046.0)	(44, 1253.0)	(45, 1165.0)	(46, 1128.0)	(47, 1236.0)	(48, 1247.0)	(49, 1208.0)	(50, 1530.0)	(51, 1718.0)	(52, 1824.0)	(53, 1716.0)	(54, 2370.0)	(55, 1616.0)	(56, 1817.0)	(57, 1736.0)	(58, 1983.0)	(59, 2454.0)	(60, 2751.0)	(61, 3240.0)	(62, 8489.0)	(63, 4179.0)	(64, 6978.0)	(65, 6345.0)	(66, 6093.0)	(67, 7329.0)	(68, 12297.0)	(69, 7390.0)	(70, 10205.0)	(71, 11749.0)	(72, 22015.0)	(73, 26892.0)	(74, 26850.0)	(75, 48387.0)	(76, 30345.0)	(77, 62545.0)	(78, 54031.0)	(79, 441675.0)	(80, 99716.0)	(81, 64637.0)	(82, 94984.0)	(83, 41853.0)	(84, 25567.0)	(85, 18774.0)	(86, 2692.0)	(87, 45564.0)	(88, 4365.0)	(89, 27283.0)	(90, 75658.0)	(91, 7204.0)	(92, 33298.0)	(93, 33504.0)	(94, 8889.0)	(95, 27956.0)	(96, 67186.0)	(97, 80608.0)	(98, 14117.0)	(99, 3018.0)	(100, 11475.0)	(101, 26487.0)	(102, 28874.0)	(103, 9531.0)	(104, 7018.0)	(105, 31982.0)	(106, 65865.0)	(107, 104682.0)	(108, 178947.0)	(109, 187439.0)	(110, 204353.0)	(111, 202867.0)	(112, 86821.0)	(113, 104050.0)	(114, 205420.0)	(115, 191142.0)	(116, 178416.0)	(117, 216482.0)	(118, 213457.0)	(119, 279473.0)	(120, 532053.0)	(121, 938980.0)	(122, 706107.0)	(123, 377537.0)	(124, 333154.0)	(125, 341830.0)	(126, 342995.0)	(127, 400890.0)	(128, 461627.0)	(129, 694145.0)	(130, 363772.0)	(131, 366551.0)	(132, 416525.0)	(133, 298714.0)	(134, 292435.0)	(135, 284530.0)	(136, 304838.0)	(137, 274290.0)	(138, 267661.0)	(139, 338612.0)	(140, 432644.0)	(141, 388614.0)	(142, 187803.0)	(143, 85065.0)	(144, 81588.0)	(145, 70487.0)	(146, 51744.0)	(147, 37271.0)	(148, 7764.0)	(149, 1956.0)	(150, 300.0)	(151, 4749.0)
SRR34661423 - Adapter 1	(3, 0.006748508077759669)	(4, 0.01683101070343214)	(5, 0.030439438407234076)	(6, 0.18283493297374473)	(7, 0.4870696493733143)	(8, 1.732233502538071)	(9, 13.934010152284264)	(10, 72.14285714285714)	(11, 200.0)	(12, 811.6666666666667)	(13, 3955.0)	(14, 814.0)	(15, 836.0)	(16, 717.0)	(17, 1018.0)	(18, 1348.0)	(19, 1753.0)	(20, 820.0)	(21, 1862.0)	(22, 936.0)	(23, 750.0)	(24, 1150.0)	(25, 1119.0)	(26, 668.0)	(27, 535.0)	(28, 493.0)	(29, 562.0)	(30, 601.0)	(31, 752.0)	(32, 519.0)	(33, 492.0)	(34, 978.0)	(35, 926.0)	(36, 1142.0)	(37, 952.0)	(38, 961.0)	(39, 767.0)	(40, 738.0)	(41, 854.0)	(42, 791.0)	(43, 816.0)	(44, 1023.0)	(45, 828.0)	(46, 980.0)	(47, 1092.0)	(48, 1089.0)	(49, 1040.0)	(50, 1986.0)	(51, 1957.0)	(52, 1772.0)	(53, 1592.0)	(54, 1915.0)	(55, 1187.0)	(56, 1330.0)	(57, 1303.0)	(58, 1722.0)	(59, 2277.0)	(60, 2702.0)	(61, 3883.0)	(62, 12359.0)	(63, 4823.0)	(64, 11708.0)	(65, 6827.0)	(66, 5210.0)	(67, 4646.0)	(68, 5940.0)	(69, 7864.0)	(70, 10242.0)	(71, 13892.0)	(72, 37025.0)	(73, 45334.0)	(74, 37801.0)	(75, 62896.0)	(76, 41491.0)	(77, 76956.0)	(78, 82231.0)	(79, 246806.0)	(80, 188966.0)	(81, 251398.0)	(82, 87285.0)	(83, 74544.0)	(84, 45202.0)	(85, 15696.0)	(86, 9807.0)	(87, 22310.0)	(88, 7734.0)	(89, 32965.0)	(90, 67035.0)	(91, 14996.0)	(92, 22256.0)	(93, 25747.0)	(94, 15598.0)	(95, 17234.0)	(96, 34130.0)	(97, 55271.0)	(98, 28440.0)	(99, 1957.0)	(100, 1028.0)	(101, 3908.0)	(102, 6915.0)	(103, 3986.0)	(104, 7273.0)	(105, 24992.0)	(106, 49359.0)	(107, 68216.0)	(108, 129146.0)	(109, 128522.0)	(110, 155381.0)	(111, 131680.0)	(112, 59210.0)	(113, 75149.0)	(114, 168545.0)	(115, 151922.0)	(116, 133372.0)	(117, 149890.0)	(118, 145947.0)	(119, 190206.0)	(120, 324339.0)	(121, 553283.0)	(122, 427000.0)	(123, 218761.0)	(124, 200266.0)	(125, 187470.0)	(126, 192918.0)	(127, 232837.0)	(128, 291141.0)	(129, 465327.0)	(130, 246390.0)	(131, 256006.0)	(132, 365961.0)	(133, 232264.0)	(134, 217154.0)	(135, 215136.0)	(136, 215815.0)	(137, 198402.0)	(138, 178818.0)	(139, 217782.0)	(140, 233097.0)	(141, 210732.0)	(142, 123585.0)	(143, 71121.0)	(144, 77027.0)	(145, 73550.0)	(146, 61280.0)	(147, 56306.0)	(148, 17607.0)	(149, 5328.0)	(150, 2341.0)	(151, 25401.0)
SRR34661424 - Adapter 1	(3, 0.011889638447877325)	(4, 0.023307959268198633)	(5, 0.1396767725239507)	(6, 0.6914674832046067)	(7, 1.093235831809872)	(8, 5.740402193784278)	(9, 69.15204678362572)	(10, 158.7719298245614)	(11, 560.6976744186047)	(12, 3127.272727272727)	(13, 17143.333333333336)	(14, 34830.0)	(15, 5279.0)	(16, 2875.0)	(17, 3615.0)	(18, 8031.0)	(19, 9437.0)	(20, 7839.0)	(21, 8556.0)	(22, 3838.0)	(23, 3684.0)	(24, 5648.0)	(25, 5982.0)	(26, 6655.0)	(27, 10282.0)	(28, 20007.0)	(29, 39121.0)	(30, 335668.0)	(31, 16805332.0)	(32, 369730.0)	(33, 4034.0)	(34, 1808.0)	(35, 1655.0)	(36, 1687.0)	(37, 1972.0)	(38, 2619.0)	(39, 1672.0)	(40, 1531.0)	(41, 2116.0)	(42, 1286.0)	(43, 802.0)	(44, 277.0)	(45, 160.0)	(46, 166.0)	(47, 134.0)	(48, 172.0)	(49, 303.0)	(50, 196.0)	(51, 199.0)	(52, 117.0)	(53, 183.0)	(54, 120.0)	(55, 135.0)	(56, 179.0)	(57, 161.0)	(58, 164.0)	(59, 237.0)	(60, 211.0)	(61, 398.0)	(62, 213.0)	(63, 197.0)	(64, 235.0)	(65, 304.0)	(66, 372.0)	(67, 158.0)	(68, 266.0)	(69, 483.0)	(70, 332.0)	(71, 304.0)	(72, 267.0)	(73, 438.0)	(74, 451.0)	(75, 902.0)	(76, 652.0)	(77, 631.0)	(78, 738.0)	(79, 271.0)	(80, 303.0)	(81, 488.0)	(82, 584.0)	(83, 542.0)	(84, 398.0)	(85, 1043.0)	(86, 687.0)	(87, 542.0)	(88, 730.0)	(89, 407.0)	(90, 320.0)	(91, 318.0)	(92, 309.0)	(93, 209.0)	(94, 231.0)	(95, 374.0)	(96, 449.0)	(97, 538.0)	(98, 448.0)	(99, 1305.0)	(100, 640.0)	(101, 671.0)	(102, 855.0)	(103, 1057.0)	(104, 1758.0)	(105, 4761.0)	(106, 1757.0)	(107, 542.0)	(108, 266.0)	(109, 190.0)	(110, 171.0)	(111, 96.0)	(112, 102.0)	(113, 103.0)	(114, 154.0)	(115, 163.0)	(116, 251.0)	(117, 345.0)	(118, 347.0)	(119, 370.0)	(120, 394.0)	(121, 525.0)	(122, 382.0)	(123, 227.0)	(124, 173.0)	(125, 244.0)	(126, 220.0)	(127, 269.0)	(128, 363.0)	(129, 454.0)	(130, 278.0)	(131, 254.0)	(132, 243.0)	(133, 216.0)	(134, 228.0)	(135, 421.0)	(136, 324.0)	(137, 238.0)	(138, 237.0)	(139, 216.0)	(140, 193.0)	(141, 152.0)	(142, 120.0)	(143, 470.0)	(144, 319.0)	(145, 147.0)	(146, 67.0)	(147, 20.0)	(148, 6.0)	(151, 2.0)		
SRR34661425 - Adapter 1	(3, 0.013623019335431901)	(4, 0.024353654397926756)	(5, 0.10589886773825316)	(6, 0.4862246629438805)	(7, 0.8799210169073183)	(8, 5.108588351431392)	(9, 46.166007905138336)	(10, 126.7716535433071)	(11, 606.875)	(12, 2983.75)	(13, 15770.0)	(14, 2295.0)	(15, 3720.0)	(16, 1940.0)	(17, 2629.0)	(18, 5289.0)	(19, 6430.0)	(20, 4758.0)	(21, 5213.0)	(22, 2585.0)	(23, 2670.0)	(24, 4265.0)	(25, 4003.0)	(26, 4854.0)	(27, 7569.0)	(28, 14592.0)	(29, 28995.0)	(30, 265968.0)	(31, 12410003.0)	(32, 260057.0)	(33, 3346.0)	(34, 1623.0)	(35, 1563.0)	(36, 1680.0)	(37, 1943.0)	(38, 2281.0)	(39, 1443.0)	(40, 2196.0)	(41, 1841.0)	(42, 1319.0)	(43, 527.0)	(44, 180.0)	(45, 131.0)	(46, 127.0)	(47, 130.0)	(48, 168.0)	(49, 198.0)	(50, 175.0)	(51, 123.0)	(52, 103.0)	(53, 216.0)	(54, 124.0)	(55, 129.0)	(56, 151.0)	(57, 135.0)	(58, 156.0)	(59, 198.0)	(60, 181.0)	(61, 307.0)	(62, 241.0)	(63, 234.0)	(64, 218.0)	(65, 303.0)	(66, 368.0)	(67, 441.0)	(68, 208.0)	(69, 427.0)	(70, 299.0)	(71, 247.0)	(72, 534.0)	(73, 543.0)	(74, 552.0)	(75, 695.0)	(76, 966.0)	(77, 540.0)	(78, 790.0)	(79, 340.0)	(80, 520.0)	(81, 633.0)	(82, 720.0)	(83, 594.0)	(84, 406.0)	(85, 1201.0)	(86, 633.0)	(87, 494.0)	(88, 661.0)	(89, 393.0)	(90, 288.0)	(91, 224.0)	(92, 295.0)	(93, 170.0)	(94, 183.0)	(95, 308.0)	(96, 315.0)	(97, 334.0)	(98, 373.0)	(99, 770.0)	(100, 431.0)	(101, 454.0)	(102, 586.0)	(103, 835.0)	(104, 1376.0)	(105, 3557.0)	(106, 1485.0)	(107, 459.0)	(108, 237.0)	(109, 234.0)	(110, 155.0)	(111, 128.0)	(112, 118.0)	(113, 115.0)	(114, 156.0)	(115, 152.0)	(116, 205.0)	(117, 261.0)	(118, 273.0)	(119, 319.0)	(120, 391.0)	(121, 512.0)	(122, 381.0)	(123, 226.0)	(124, 187.0)	(125, 172.0)	(126, 182.0)	(127, 227.0)	(128, 340.0)	(129, 452.0)	(130, 205.0)	(131, 190.0)	(132, 150.0)	(133, 124.0)	(134, 132.0)	(135, 250.0)	(136, 161.0)	(137, 120.0)	(138, 113.0)	(139, 102.0)	(140, 100.0)	(141, 98.0)	(142, 55.0)	(143, 199.0)	(144, 143.0)	(145, 60.0)	(146, 36.0)	(147, 14.0)	(148, 4.0)	(151, 1.0)		
SRR34661426 - Adapter 1	(3, 0.017249836494440812)	(4, 0.030841236102027467)	(5, 0.1720896010464356)	(6, 0.8832570307390452)	(7, 1.3080444735120995)	(8, 7.739403453689168)	(9, 81.86192468619247)	(10, 219.1596638655462)	(11, 832.0)	(12, 4565.714285714286)	(13, 22640.0)	(14, 3057.0)	(15, 5291.0)	(16, 2448.0)	(17, 3610.0)	(18, 7212.0)	(19, 8751.0)	(20, 6040.0)	(21, 6937.0)	(22, 3087.0)	(23, 2725.0)	(24, 4305.0)	(25, 4046.0)	(26, 4549.0)	(27, 7151.0)	(28, 13436.0)	(29, 26026.0)	(30, 238425.0)	(31, 11606974.0)	(32, 280689.0)	(33, 2945.0)	(34, 1418.0)	(35, 1269.0)	(36, 1511.0)	(37, 1703.0)	(38, 2078.0)	(39, 1360.0)	(40, 1643.0)	(41, 1590.0)	(42, 1175.0)	(43, 524.0)	(44, 159.0)	(45, 94.0)	(46, 106.0)	(47, 103.0)	(48, 123.0)	(49, 171.0)	(50, 129.0)	(51, 121.0)	(52, 114.0)	(53, 161.0)	(54, 120.0)	(55, 137.0)	(56, 118.0)	(57, 122.0)	(58, 124.0)	(59, 156.0)	(60, 135.0)	(61, 215.0)	(62, 105.0)	(63, 131.0)	(64, 131.0)	(65, 189.0)	(66, 127.0)	(67, 194.0)	(68, 215.0)	(69, 273.0)	(70, 359.0)	(71, 288.0)	(72, 473.0)	(73, 380.0)	(74, 563.0)	(75, 677.0)	(76, 756.0)	(77, 408.0)	(78, 757.0)	(79, 271.0)	(80, 371.0)	(81, 450.0)	(82, 505.0)	(83, 442.0)	(84, 311.0)	(85, 733.0)	(86, 510.0)	(87, 428.0)	(88, 502.0)	(89, 333.0)	(90, 272.0)	(91, 211.0)	(92, 212.0)	(93, 139.0)	(94, 171.0)	(95, 253.0)	(96, 305.0)	(97, 292.0)	(98, 286.0)	(99, 622.0)	(100, 348.0)	(101, 380.0)	(102, 517.0)	(103, 650.0)	(104, 1133.0)	(105, 3373.0)	(106, 1324.0)	(107, 444.0)	(108, 178.0)	(109, 130.0)	(110, 114.0)	(111, 75.0)	(112, 75.0)	(113, 84.0)	(114, 110.0)	(115, 117.0)	(116, 129.0)	(117, 188.0)	(118, 197.0)	(119, 193.0)	(120, 204.0)	(121, 252.0)	(122, 204.0)	(123, 156.0)	(124, 147.0)	(125, 108.0)	(126, 117.0)	(127, 175.0)	(128, 284.0)	(129, 405.0)	(130, 191.0)	(131, 249.0)	(132, 290.0)	(133, 137.0)	(134, 148.0)	(135, 312.0)	(136, 308.0)	(137, 184.0)	(138, 186.0)	(139, 165.0)	(140, 147.0)	(141, 107.0)	(142, 107.0)	(143, 339.0)	(144, 221.0)	(145, 101.0)	(146, 58.0)	(147, 15.0)	(148, 5.0)	(151, 1.0)		
SRR34661427 - Adapter 1	(3, 0.023484402537969677)	(4, 0.04425876684340843)	(5, 0.24721600427982146)	(6, 1.1848181101475392)	(7, 2.0914517400608177)	(8, 11.941441441441441)	(9, 111.85585585585585)	(10, 324.60431654676256)	(11, 1590.0)	(12, 7634.444444444444)	(13, 41690.0)	(14, 64480.0)	(15, 11148.0)	(16, 5147.0)	(17, 7699.0)	(18, 15788.0)	(19, 18896.0)	(20, 11652.0)	(21, 13839.0)	(22, 5730.0)	(23, 5352.0)	(24, 9165.0)	(25, 7356.0)	(26, 6867.0)	(27, 9405.0)	(28, 16520.0)	(29, 31299.0)	(30, 272970.0)	(31, 13347675.0)	(32, 319672.0)	(33, 3490.0)	(34, 1762.0)	(35, 1740.0)	(36, 1776.0)	(37, 2067.0)	(38, 2583.0)	(39, 1620.0)	(40, 1995.0)	(41, 2012.0)	(42, 1334.0)	(43, 623.0)	(44, 199.0)	(45, 135.0)	(46, 134.0)	(47, 153.0)	(48, 171.0)	(49, 241.0)	(50, 162.0)	(51, 160.0)	(52, 101.0)	(53, 180.0)	(54, 126.0)	(55, 113.0)	(56, 149.0)	(57, 116.0)	(58, 134.0)	(59, 192.0)	(60, 188.0)	(61, 287.0)	(62, 255.0)	(63, 180.0)	(64, 200.0)	(65, 379.0)	(66, 217.0)	(67, 310.0)	(68, 241.0)	(69, 452.0)	(70, 282.0)	(71, 554.0)	(72, 555.0)	(73, 767.0)	(74, 299.0)	(75, 739.0)	(76, 733.0)	(77, 501.0)	(78, 805.0)	(79, 293.0)	(80, 494.0)	(81, 681.0)	(82, 632.0)	(83, 604.0)	(84, 379.0)	(85, 1124.0)	(86, 699.0)	(87, 584.0)	(88, 704.0)	(89, 363.0)	(90, 332.0)	(91, 277.0)	(92, 244.0)	(93, 182.0)	(94, 186.0)	(95, 294.0)	(96, 317.0)	(97, 367.0)	(98, 295.0)	(99, 782.0)	(100, 375.0)	(101, 444.0)	(102, 592.0)	(103, 782.0)	(104, 1411.0)	(105, 3903.0)	(106, 1621.0)	(107, 564.0)	(108, 259.0)	(109, 208.0)	(110, 160.0)	(111, 148.0)	(112, 98.0)	(113, 125.0)	(114, 129.0)	(115, 118.0)	(116, 180.0)	(117, 204.0)	(118, 181.0)	(119, 248.0)	(120, 286.0)	(121, 353.0)	(122, 265.0)	(123, 180.0)	(124, 151.0)	(125, 162.0)	(126, 157.0)	(127, 228.0)	(128, 377.0)	(129, 509.0)	(130, 229.0)	(131, 190.0)	(132, 231.0)	(133, 142.0)	(134, 141.0)	(135, 253.0)	(136, 206.0)	(137, 178.0)	(138, 187.0)	(139, 177.0)	(140, 202.0)	(141, 133.0)	(142, 107.0)	(143, 376.0)	(144, 255.0)	(145, 126.0)	(146, 50.0)	(147, 18.0)	(148, 5.0)	(149, 1.0)	(151, 1.0)	
SRR34661428 - Adapter 1	(3, 0.022241249843874853)	(4, 0.044566756233567366)	(5, 0.259936629010045)	(6, 0.7533323060328222)	(7, 1.4315432621927728)	(8, 10.656394453004623)	(9, 73.9704069050555)	(10, 170.68965517241378)	(11, 630.7843137254903)	(12, 3100.7692307692305)	(13, 16303.333333333334)	(14, 40040.0)	(15, 5238.0)	(16, 5400.0)	(17, 6247.0)	(18, 12176.0)	(19, 9291.0)	(20, 7207.0)	(21, 12074.0)	(22, 10242.0)	(23, 6029.0)	(24, 8200.0)	(25, 7895.0)	(26, 9368.0)	(27, 13975.0)	(28, 24868.0)	(29, 46235.0)	(30, 399451.0)	(31, 19631917.0)	(32, 418558.0)	(33, 5205.0)	(34, 2815.0)	(35, 2247.0)	(36, 2222.0)	(37, 2881.0)	(38, 3144.0)	(39, 2070.0)	(40, 2508.0)	(41, 2609.0)	(42, 1840.0)	(43, 940.0)	(44, 251.0)	(45, 140.0)	(46, 138.0)	(47, 172.0)	(48, 166.0)	(49, 340.0)	(50, 173.0)	(51, 153.0)	(52, 123.0)	(53, 191.0)	(54, 163.0)	(55, 222.0)	(56, 203.0)	(57, 134.0)	(58, 141.0)	(59, 205.0)	(60, 185.0)	(61, 292.0)	(62, 212.0)	(63, 166.0)	(64, 180.0)	(65, 209.0)	(66, 228.0)	(67, 244.0)	(68, 373.0)	(69, 585.0)	(70, 679.0)	(71, 804.0)	(72, 434.0)	(73, 471.0)	(74, 801.0)	(75, 531.0)	(76, 652.0)	(77, 513.0)	(78, 940.0)	(79, 283.0)	(80, 407.0)	(81, 585.0)	(82, 544.0)	(83, 560.0)	(84, 385.0)	(85, 802.0)	(86, 543.0)	(87, 523.0)	(88, 807.0)	(89, 426.0)	(90, 410.0)	(91, 383.0)	(92, 335.0)	(93, 267.0)	(94, 256.0)	(95, 419.0)	(96, 514.0)	(97, 535.0)	(98, 517.0)	(99, 1053.0)	(100, 620.0)	(101, 607.0)	(102, 909.0)	(103, 1157.0)	(104, 2191.0)	(105, 5453.0)	(106, 2160.0)	(107, 651.0)	(108, 321.0)	(109, 269.0)	(110, 221.0)	(111, 170.0)	(112, 138.0)	(113, 123.0)	(114, 170.0)	(115, 150.0)	(116, 239.0)	(117, 300.0)	(118, 349.0)	(119, 434.0)	(120, 512.0)	(121, 738.0)	(122, 468.0)	(123, 316.0)	(124, 254.0)	(125, 271.0)	(126, 241.0)	(127, 293.0)	(128, 284.0)	(129, 311.0)	(130, 223.0)	(131, 198.0)	(132, 233.0)	(133, 146.0)	(134, 221.0)	(135, 367.0)	(136, 288.0)	(137, 224.0)	(138, 239.0)	(139, 259.0)	(140, 310.0)	(141, 217.0)	(142, 134.0)	(143, 495.0)	(144, 234.0)	(145, 101.0)	(146, 49.0)	(147, 11.0)	(148, 6.0)	(150, 1.0)	(151, 1.0)	
SRR34661429 - Adapter 1	(3, 0.020010925281291368)	(4, 0.03848950758362767)	(5, 0.1912182284091696)	(6, 0.7831675762528743)	(7, 1.3430851063829787)	(8, 7.8989361702127665)	(9, 68.40425531914894)	(10, 188.36879432624113)	(11, 898.0)	(12, 4525.555555555556)	(13, 26595.0)	(14, 39330.0)	(15, 6836.0)	(16, 3308.0)	(17, 4333.0)	(18, 8953.0)	(19, 9494.0)	(20, 7525.0)	(21, 8762.0)	(22, 4500.0)	(23, 3515.0)	(24, 5375.0)	(25, 5025.0)	(26, 5784.0)	(27, 8935.0)	(28, 17504.0)	(29, 35574.0)	(30, 276657.0)	(31, 13678085.0)	(32, 334278.0)	(33, 3691.0)	(34, 2004.0)	(35, 1556.0)	(36, 1671.0)	(37, 2037.0)	(38, 2165.0)	(39, 1601.0)	(40, 1746.0)	(41, 1924.0)	(42, 1616.0)	(43, 704.0)	(44, 206.0)	(45, 142.0)	(46, 126.0)	(47, 153.0)	(48, 167.0)	(49, 306.0)	(50, 177.0)	(51, 141.0)	(52, 130.0)	(53, 162.0)	(54, 133.0)	(55, 193.0)	(56, 189.0)	(57, 181.0)	(58, 208.0)	(59, 215.0)	(60, 247.0)	(61, 310.0)	(62, 291.0)	(63, 210.0)	(64, 248.0)	(65, 339.0)	(66, 436.0)	(67, 267.0)	(68, 443.0)	(69, 388.0)	(70, 283.0)	(71, 404.0)	(72, 395.0)	(73, 359.0)	(74, 523.0)	(75, 620.0)	(76, 535.0)	(77, 744.0)	(78, 888.0)	(79, 453.0)	(80, 537.0)	(81, 577.0)	(82, 625.0)	(83, 570.0)	(84, 433.0)	(85, 904.0)	(86, 541.0)	(87, 447.0)	(88, 683.0)	(89, 408.0)	(90, 310.0)	(91, 262.0)	(92, 329.0)	(93, 252.0)	(94, 216.0)	(95, 334.0)	(96, 375.0)	(97, 422.0)	(98, 397.0)	(99, 864.0)	(100, 512.0)	(101, 492.0)	(102, 664.0)	(103, 834.0)	(104, 1487.0)	(105, 3716.0)	(106, 1441.0)	(107, 444.0)	(108, 216.0)	(109, 234.0)	(110, 167.0)	(111, 178.0)	(112, 100.0)	(113, 109.0)	(114, 138.0)	(115, 145.0)	(116, 229.0)	(117, 246.0)	(118, 226.0)	(119, 341.0)	(120, 431.0)	(121, 534.0)	(122, 345.0)	(123, 199.0)	(124, 164.0)	(125, 187.0)	(126, 153.0)	(127, 159.0)	(128, 182.0)	(129, 230.0)	(130, 148.0)	(131, 145.0)	(132, 146.0)	(133, 105.0)	(134, 135.0)	(135, 266.0)	(136, 198.0)	(137, 145.0)	(138, 167.0)	(139, 136.0)	(140, 177.0)	(141, 133.0)	(142, 79.0)	(143, 293.0)	(144, 239.0)	(145, 107.0)	(146, 67.0)	(147, 19.0)	(148, 7.0)	(149, 3.0)	(150, 1.0)	(151, 3.0)
SRR34661430 - Adapter 1	(3, 0.013431546049634603)	(4, 0.02419886970710119)	(5, 0.13086475651977053)	(6, 0.568733987101334)	(7, 0.9815354713313896)	(8, 5.787985865724382)	(9, 51.28712871287129)	(10, 130.56497175141243)	(11, 546.8181818181818)	(12, 2844.5454545454545)	(13, 14200.0)	(14, 32190.0)	(15, 5327.0)	(16, 2699.0)	(17, 3931.0)	(18, 7626.0)	(19, 7927.0)	(20, 6278.0)	(21, 8438.0)	(22, 4665.0)	(23, 3491.0)	(24, 5116.0)	(25, 5275.0)	(26, 6480.0)	(27, 10372.0)	(28, 19699.0)	(29, 37704.0)	(30, 347072.0)	(31, 17312234.0)	(32, 375201.0)	(33, 4299.0)	(34, 2158.0)	(35, 1841.0)	(36, 2139.0)	(37, 2498.0)	(38, 2948.0)	(39, 1963.0)	(40, 2299.0)	(41, 2424.0)	(42, 1643.0)	(43, 694.0)	(44, 223.0)	(45, 136.0)	(46, 152.0)	(47, 159.0)	(48, 188.0)	(49, 231.0)	(50, 176.0)	(51, 160.0)	(52, 130.0)	(53, 239.0)	(54, 158.0)	(55, 174.0)	(56, 163.0)	(57, 181.0)	(58, 157.0)	(59, 230.0)	(60, 227.0)	(61, 315.0)	(62, 231.0)	(63, 237.0)	(64, 183.0)	(65, 226.0)	(66, 334.0)	(67, 159.0)	(68, 310.0)	(69, 368.0)	(70, 458.0)	(71, 705.0)	(72, 517.0)	(73, 627.0)	(74, 708.0)	(75, 898.0)	(76, 1236.0)	(77, 635.0)	(78, 935.0)	(79, 310.0)	(80, 450.0)	(81, 592.0)	(82, 676.0)	(83, 665.0)	(84, 415.0)	(85, 1089.0)	(86, 758.0)	(87, 629.0)	(88, 769.0)	(89, 448.0)	(90, 423.0)	(91, 355.0)	(92, 362.0)	(93, 250.0)	(94, 231.0)	(95, 389.0)	(96, 449.0)	(97, 428.0)	(98, 449.0)	(99, 1051.0)	(100, 536.0)	(101, 536.0)	(102, 787.0)	(103, 1066.0)	(104, 1953.0)	(105, 4580.0)	(106, 1815.0)	(107, 599.0)	(108, 296.0)	(109, 213.0)	(110, 166.0)	(111, 158.0)	(112, 125.0)	(113, 146.0)	(114, 164.0)	(115, 172.0)	(116, 286.0)	(117, 305.0)	(118, 306.0)	(119, 354.0)	(120, 364.0)	(121, 418.0)	(122, 338.0)	(123, 246.0)	(124, 225.0)	(125, 250.0)	(126, 240.0)	(127, 313.0)	(128, 515.0)	(129, 694.0)	(130, 340.0)	(131, 331.0)	(132, 276.0)	(133, 228.0)	(134, 228.0)	(135, 350.0)	(136, 346.0)	(137, 247.0)	(138, 261.0)	(139, 208.0)	(140, 192.0)	(141, 139.0)	(142, 126.0)	(143, 373.0)	(144, 170.0)	(145, 63.0)	(146, 38.0)	(147, 13.0)	(148, 1.0)			
SRR34661431 - Adapter 1	(3, 0.018237828630980665)	(4, 0.036850562399571504)	(5, 0.2555061764669874)	(6, 0.9649616806640386)	(7, 1.5719882468168462)	(8, 9.412455934195064)	(9, 100.07836990595612)	(10, 248.4375)	(11, 894.0)	(12, 4990.0)	(13, 33940.0)	(14, 47530.0)	(15, 7818.0)	(16, 4257.0)	(17, 6620.0)	(18, 12023.0)	(19, 12543.0)	(20, 10361.0)	(21, 15108.0)	(22, 8572.0)	(23, 5227.0)	(24, 6944.0)	(25, 6852.0)	(26, 7787.0)	(27, 11219.0)	(28, 19665.0)	(29, 36610.0)	(30, 321573.0)	(31, 15367228.0)	(32, 364493.0)	(33, 4544.0)	(34, 2253.0)	(35, 2003.0)	(36, 2276.0)	(37, 2620.0)	(38, 3138.0)	(39, 1950.0)	(40, 2430.0)	(41, 2565.0)	(42, 1640.0)	(43, 739.0)	(44, 231.0)	(45, 161.0)	(46, 164.0)	(47, 162.0)	(48, 186.0)	(49, 300.0)	(50, 223.0)	(51, 177.0)	(52, 192.0)	(53, 286.0)	(54, 187.0)	(55, 189.0)	(56, 192.0)	(57, 166.0)	(58, 152.0)	(59, 211.0)	(60, 224.0)	(61, 354.0)	(62, 270.0)	(63, 215.0)	(64, 200.0)	(65, 289.0)	(66, 383.0)	(67, 349.0)	(68, 316.0)	(69, 371.0)	(70, 322.0)	(71, 615.0)	(72, 1078.0)	(73, 550.0)	(74, 1036.0)	(75, 820.0)	(76, 881.0)	(77, 497.0)	(78, 840.0)	(79, 294.0)	(80, 397.0)	(81, 707.0)	(82, 674.0)	(83, 623.0)	(84, 372.0)	(85, 1207.0)	(86, 739.0)	(87, 680.0)	(88, 830.0)	(89, 426.0)	(90, 360.0)	(91, 329.0)	(92, 397.0)	(93, 245.0)	(94, 259.0)	(95, 383.0)	(96, 458.0)	(97, 438.0)	(98, 451.0)	(99, 1128.0)	(100, 518.0)	(101, 565.0)	(102, 782.0)	(103, 909.0)	(104, 1626.0)	(105, 4170.0)	(106, 1601.0)	(107, 571.0)	(108, 286.0)	(109, 199.0)	(110, 161.0)	(111, 140.0)	(112, 129.0)	(113, 128.0)	(114, 159.0)	(115, 188.0)	(116, 257.0)	(117, 382.0)	(118, 365.0)	(119, 412.0)	(120, 391.0)	(121, 425.0)	(122, 385.0)	(123, 289.0)	(124, 258.0)	(125, 216.0)	(126, 204.0)	(127, 290.0)	(128, 425.0)	(129, 623.0)	(130, 334.0)	(131, 342.0)	(132, 332.0)	(133, 208.0)	(134, 223.0)	(135, 343.0)	(136, 343.0)	(137, 275.0)	(138, 303.0)	(139, 212.0)	(140, 204.0)	(141, 140.0)	(142, 113.0)	(143, 335.0)	(144, 155.0)	(145, 66.0)	(146, 42.0)	(147, 21.0)	(148, 8.0)	(149, 1.0)	(151, 1.0)	
SRR34661432 - Adapter 1	(3, 0.083070569302816)	(4, 0.1529697429041619)	(5, 0.22832299967367392)	(6, 2.228553783965866)	(7, 0.1527060408713227)	(8, 0.8241634852908152)	(9, 45.902964959568735)	(10, 429.67625899280574)	(11, 10.714285714285714)	(12, 4008.2352941176473)	(13, 31845.0)	(14, 5000.0)	(15, 7143.0)	(16, 21441.0)	(17, 9130.0)	(18, 517.0)	(19, 9523.0)	(20, 11363.0)	(21, 9727.0)	(22, 7187.0)	(23, 7918.0)	(24, 7740.0)	(25, 9286.0)	(26, 13295.0)	(27, 20164.0)	(28, 37723.0)	(29, 89843.0)	(30, 662811.0)	(31, 25447120.0)	(32, 106585.0)	(33, 777.0)	(34, 237.0)	(35, 253.0)	(36, 329.0)	(37, 223.0)	(38, 272.0)	(39, 336.0)	(40, 59.0)	(41, 51.0)	(42, 33.0)	(43, 53.0)	(44, 79.0)	(45, 41.0)	(46, 57.0)	(47, 84.0)	(48, 103.0)	(49, 55.0)	(50, 47.0)	(51, 36.0)	(52, 64.0)	(53, 70.0)	(54, 57.0)	(55, 66.0)	(56, 59.0)	(57, 43.0)	(58, 93.0)	(59, 138.0)	(60, 48.0)	(61, 18.0)	(62, 50.0)	(63, 77.0)	(64, 56.0)	(65, 168.0)	(66, 71.0)	(67, 84.0)	(68, 87.0)	(69, 200.0)	(70, 189.0)	(71, 154.0)	(72, 160.0)	(73, 200.0)	(74, 192.0)	(75, 393.0)	(76, 336.0)	(77, 396.0)	(78, 551.0)	(79, 332.0)	(80, 354.0)	(81, 235.0)	(82, 562.0)	(83, 219.0)	(84, 326.0)	(85, 425.0)	(86, 251.0)	(87, 333.0)	(88, 250.0)	(89, 435.0)	(90, 350.0)	(91, 221.0)	(92, 355.0)	(93, 276.0)	(94, 232.0)	(95, 407.0)	(96, 577.0)	(97, 490.0)	(98, 391.0)	(99, 567.0)	(100, 669.0)	(101, 793.0)	(102, 344.0)	(103, 268.0)	(104, 243.0)	(105, 307.0)	(106, 515.0)	(107, 767.0)	(108, 752.0)	(109, 701.0)	(110, 898.0)	(111, 294.0)	(112, 321.0)	(113, 412.0)	(114, 380.0)	(115, 493.0)	(116, 488.0)	(117, 463.0)	(118, 746.0)	(119, 1221.0)	(120, 1697.0)	(121, 1059.0)	(122, 515.0)	(123, 452.0)	(124, 477.0)	(125, 411.0)	(126, 513.0)	(127, 455.0)	(128, 555.0)	(129, 344.0)	(130, 263.0)	(131, 254.0)	(132, 231.0)	(133, 206.0)	(134, 219.0)	(135, 318.0)	(136, 254.0)	(137, 292.0)	(138, 383.0)	(139, 591.0)	(140, 433.0)	(141, 255.0)	(142, 148.0)	(143, 104.0)	(144, 58.0)	(145, 48.0)	(146, 54.0)	(147, 92.0)	(148, 403.0)	(149, 15.0)	(150, 50.0)	
SRR34661433 - Adapter 1	(3, 0.07626643188200188)	(4, 0.19974534458061435)	(5, 0.3254669888443563)	(6, 3.7248092972647613)	(7, 0.15325493101213075)	(8, 1.389146138173736)	(9, 90.4)	(10, 571.780415430267)	(11, 11.904761904761905)	(12, 6332.380952380952)	(13, 46444.0)	(14, 8840.0)	(15, 13134.0)	(16, 49525.0)	(17, 21853.0)	(18, 901.0)	(19, 21200.0)	(20, 29719.0)	(21, 18827.0)	(22, 11785.0)	(23, 12427.0)	(24, 12398.0)	(25, 13177.0)	(26, 18186.0)	(27, 26453.0)	(28, 47654.0)	(29, 113487.0)	(30, 775385.0)	(31, 29714698.0)	(32, 125928.0)	(33, 1149.0)	(34, 331.0)	(35, 354.0)	(36, 515.0)	(37, 379.0)	(38, 398.0)	(39, 711.0)	(40, 71.0)	(41, 84.0)	(42, 47.0)	(43, 81.0)	(44, 120.0)	(45, 61.0)	(46, 118.0)	(47, 94.0)	(48, 165.0)	(49, 128.0)	(50, 76.0)	(51, 60.0)	(52, 82.0)	(53, 96.0)	(54, 76.0)	(55, 68.0)	(56, 72.0)	(57, 54.0)	(58, 119.0)	(59, 165.0)	(60, 50.0)	(61, 47.0)	(62, 65.0)	(63, 131.0)	(64, 30.0)	(65, 106.0)	(66, 143.0)	(67, 343.0)	(68, 137.0)	(69, 362.0)	(70, 239.0)	(71, 288.0)	(72, 310.0)	(73, 340.0)	(74, 689.0)	(75, 689.0)	(76, 641.0)	(77, 593.0)	(78, 992.0)	(79, 484.0)	(80, 563.0)	(81, 346.0)	(82, 898.0)	(83, 401.0)	(84, 527.0)	(85, 687.0)	(86, 406.0)	(87, 446.0)	(88, 379.0)	(89, 612.0)	(90, 412.0)	(91, 292.0)	(92, 424.0)	(93, 317.0)	(94, 272.0)	(95, 453.0)	(96, 665.0)	(97, 504.0)	(98, 446.0)	(99, 624.0)	(100, 753.0)	(101, 908.0)	(102, 402.0)	(103, 303.0)	(104, 337.0)	(105, 432.0)	(106, 638.0)	(107, 1100.0)	(108, 896.0)	(109, 860.0)	(110, 932.0)	(111, 372.0)	(112, 355.0)	(113, 458.0)	(114, 516.0)	(115, 636.0)	(116, 631.0)	(117, 587.0)	(118, 772.0)	(119, 1110.0)	(120, 1562.0)	(121, 1031.0)	(122, 604.0)	(123, 512.0)	(124, 540.0)	(125, 456.0)	(126, 589.0)	(127, 603.0)	(128, 728.0)	(129, 435.0)	(130, 456.0)	(131, 418.0)	(132, 327.0)	(133, 298.0)	(134, 338.0)	(135, 401.0)	(136, 329.0)	(137, 326.0)	(138, 411.0)	(139, 551.0)	(140, 397.0)	(141, 271.0)	(142, 143.0)	(143, 97.0)	(144, 71.0)	(145, 58.0)	(146, 50.0)	(147, 80.0)	(148, 438.0)	(149, 22.0)	(150, 47.0)	
SRR34661434 - Adapter 1	(3, 0.07451632936871078)	(4, 0.14055488979299152)	(5, 0.2299959023921552)	(6, 2.336766846113631)	(7, 0.1339512801672978)	(8, 0.9201899163463713)	(9, 50.750452079566)	(10, 400.50724637681157)	(11, 11.44927536231884)	(12, 4264.705882352941)	(13, 31295.0)	(14, 4430.0)	(15, 6827.0)	(16, 22493.0)	(17, 10313.0)	(18, 445.0)	(19, 10628.0)	(20, 13841.0)	(21, 10779.0)	(22, 6649.0)	(23, 6632.0)	(24, 6621.0)	(25, 7920.0)	(26, 11477.0)	(27, 17201.0)	(28, 32380.0)	(29, 80368.0)	(30, 655719.0)	(31, 25294524.0)	(32, 109484.0)	(33, 864.0)	(34, 227.0)	(35, 204.0)	(36, 332.0)	(37, 236.0)	(38, 293.0)	(39, 299.0)	(40, 46.0)	(41, 44.0)	(42, 27.0)	(43, 63.0)	(44, 64.0)	(45, 32.0)	(46, 80.0)	(47, 76.0)	(48, 100.0)	(49, 67.0)	(50, 43.0)	(51, 44.0)	(52, 50.0)	(53, 55.0)	(54, 42.0)	(55, 58.0)	(56, 67.0)	(57, 30.0)	(58, 101.0)	(59, 135.0)	(60, 44.0)	(61, 34.0)	(62, 46.0)	(63, 70.0)	(64, 52.0)	(65, 107.0)	(66, 101.0)	(67, 256.0)	(68, 136.0)	(69, 237.0)	(70, 326.0)	(71, 167.0)	(72, 232.0)	(73, 382.0)	(74, 861.0)	(75, 680.0)	(76, 870.0)	(77, 623.0)	(78, 1282.0)	(79, 947.0)	(80, 505.0)	(81, 324.0)	(82, 684.0)	(83, 463.0)	(84, 259.0)	(85, 318.0)	(86, 225.0)	(87, 228.0)	(88, 203.0)	(89, 208.0)	(90, 224.0)	(91, 179.0)	(92, 196.0)	(93, 208.0)	(94, 166.0)	(95, 199.0)	(96, 287.0)	(97, 348.0)	(98, 265.0)	(99, 343.0)	(100, 443.0)	(101, 507.0)	(102, 453.0)	(103, 359.0)	(104, 316.0)	(105, 378.0)	(106, 502.0)	(107, 1028.0)	(108, 977.0)	(109, 856.0)	(110, 972.0)	(111, 378.0)	(112, 417.0)	(113, 381.0)	(114, 382.0)	(115, 575.0)	(116, 637.0)	(117, 499.0)	(118, 730.0)	(119, 1088.0)	(120, 1606.0)	(121, 944.0)	(122, 541.0)	(123, 486.0)	(124, 487.0)	(125, 478.0)	(126, 558.0)	(127, 650.0)	(128, 749.0)	(129, 465.0)	(130, 396.0)	(131, 346.0)	(132, 301.0)	(133, 254.0)	(134, 258.0)	(135, 380.0)	(136, 296.0)	(137, 300.0)	(138, 370.0)	(139, 516.0)	(140, 411.0)	(141, 275.0)	(142, 155.0)	(143, 140.0)	(144, 83.0)	(145, 75.0)	(146, 68.0)	(147, 49.0)	(148, 231.0)	(149, 9.0)	(150, 18.0)	
SRR34661435 - Adapter 1	(3, 0.0390194785336698)	(4, 0.10330857041731181)	(5, 0.18884253506124624)	(6, 2.2101011894194924)	(7, 0.07136516953665897)	(8, 0.7356909529896322)	(9, 45.02840909090909)	(10, 332.97727272727275)	(11, 7.0)	(12, 3800.714285714286)	(13, 27470.0)	(14, 3975.0)	(15, 9833.0)	(16, 34350.0)	(17, 19286.0)	(18, 1056.0)	(19, 20202.0)	(20, 31112.0)	(21, 19836.0)	(22, 12741.0)	(23, 12253.0)	(24, 11895.0)	(25, 13683.0)	(26, 20258.0)	(27, 30616.0)	(28, 57352.0)	(29, 143744.0)	(30, 1099356.0)	(31, 42052833.0)	(32, 171890.0)	(33, 1835.0)	(34, 723.0)	(35, 500.0)	(36, 600.0)	(37, 374.0)	(38, 425.0)	(39, 416.0)	(40, 109.0)	(41, 63.0)	(42, 46.0)	(43, 128.0)	(44, 121.0)	(45, 66.0)	(46, 157.0)	(47, 188.0)	(48, 204.0)	(49, 148.0)	(50, 103.0)	(51, 60.0)	(52, 101.0)	(53, 143.0)	(54, 102.0)	(55, 106.0)	(56, 112.0)	(57, 73.0)	(58, 176.0)	(59, 222.0)	(60, 78.0)	(61, 68.0)	(62, 90.0)	(63, 155.0)	(64, 83.0)	(65, 240.0)	(66, 122.0)	(67, 133.0)	(68, 271.0)	(69, 168.0)	(70, 518.0)	(71, 273.0)	(72, 328.0)	(73, 383.0)	(74, 640.0)	(75, 671.0)	(76, 659.0)	(77, 586.0)	(78, 1012.0)	(79, 534.0)	(80, 611.0)	(81, 377.0)	(82, 1079.0)	(83, 467.0)	(84, 756.0)	(85, 922.0)	(86, 565.0)	(87, 573.0)	(88, 589.0)	(89, 762.0)	(90, 590.0)	(91, 461.0)	(92, 726.0)	(93, 496.0)	(94, 453.0)	(95, 704.0)	(96, 932.0)	(97, 833.0)	(98, 688.0)	(99, 1034.0)	(100, 1231.0)	(101, 1543.0)	(102, 727.0)	(103, 497.0)	(104, 521.0)	(105, 711.0)	(106, 1069.0)	(107, 1693.0)	(108, 1464.0)	(109, 1436.0)	(110, 1580.0)	(111, 693.0)	(112, 723.0)	(113, 814.0)	(114, 878.0)	(115, 1018.0)	(116, 995.0)	(117, 884.0)	(118, 1145.0)	(119, 1642.0)	(120, 2163.0)	(121, 1519.0)	(122, 953.0)	(123, 789.0)	(124, 793.0)	(125, 670.0)	(126, 893.0)	(127, 884.0)	(128, 1028.0)	(129, 676.0)	(130, 632.0)	(131, 617.0)	(132, 552.0)	(133, 502.0)	(134, 480.0)	(135, 540.0)	(136, 462.0)	(137, 502.0)	(138, 521.0)	(139, 636.0)	(140, 409.0)	(141, 287.0)	(142, 184.0)	(143, 157.0)	(144, 98.0)	(145, 72.0)	(146, 59.0)	(147, 67.0)	(148, 228.0)	(149, 11.0)	(150, 25.0)	
SRR34661436 - Adapter 1	(3, 0.062020249630877974)	(4, 0.08952837146798268)	(5, 0.20031726929599036)	(6, 1.6802812381480294)	(7, 0.11786672890652351)	(8, 0.7607934655775963)	(9, 58.580765639589174)	(10, 333.6194029850746)	(11, 10.0)	(12, 4557.058823529412)	(13, 40550.0)	(14, 3940.0)	(15, 5820.0)	(16, 17264.0)	(17, 13023.0)	(18, 526.0)	(19, 11150.0)	(20, 11297.0)	(21, 7417.0)	(22, 6945.0)	(23, 7854.0)	(24, 6980.0)	(25, 6294.0)	(26, 8837.0)	(27, 13948.0)	(28, 27605.0)	(29, 70202.0)	(30, 664274.0)	(31, 25323941.0)	(32, 112710.0)	(33, 820.0)	(34, 210.0)	(35, 189.0)	(36, 248.0)	(37, 149.0)	(38, 160.0)	(39, 236.0)	(40, 42.0)	(41, 38.0)	(42, 35.0)	(43, 47.0)	(44, 76.0)	(45, 26.0)	(46, 68.0)	(47, 47.0)	(48, 71.0)	(49, 65.0)	(50, 52.0)	(51, 38.0)	(52, 63.0)	(53, 62.0)	(54, 37.0)	(55, 53.0)	(56, 45.0)	(57, 38.0)	(58, 90.0)	(59, 82.0)	(60, 38.0)	(61, 38.0)	(62, 37.0)	(63, 73.0)	(64, 47.0)	(65, 82.0)	(66, 64.0)	(67, 52.0)	(68, 115.0)	(69, 207.0)	(70, 258.0)	(71, 143.0)	(72, 257.0)	(73, 315.0)	(74, 350.0)	(75, 351.0)	(76, 475.0)	(77, 405.0)	(78, 782.0)	(79, 404.0)	(80, 474.0)	(81, 317.0)	(82, 713.0)	(83, 303.0)	(84, 404.0)	(85, 464.0)	(86, 288.0)	(87, 310.0)	(88, 275.0)	(89, 377.0)	(90, 310.0)	(91, 215.0)	(92, 298.0)	(93, 246.0)	(94, 189.0)	(95, 317.0)	(96, 400.0)	(97, 360.0)	(98, 272.0)	(99, 451.0)	(100, 555.0)	(101, 680.0)	(102, 360.0)	(103, 250.0)	(104, 278.0)	(105, 341.0)	(106, 476.0)	(107, 787.0)	(108, 621.0)	(109, 667.0)	(110, 1007.0)	(111, 334.0)	(112, 328.0)	(113, 402.0)	(114, 361.0)	(115, 449.0)	(116, 528.0)	(117, 538.0)	(118, 703.0)	(119, 982.0)	(120, 1551.0)	(121, 905.0)	(122, 532.0)	(123, 440.0)	(124, 444.0)	(125, 382.0)	(126, 498.0)	(127, 466.0)	(128, 580.0)	(129, 338.0)	(130, 374.0)	(131, 321.0)	(132, 315.0)	(133, 267.0)	(134, 283.0)	(135, 368.0)	(136, 380.0)	(137, 362.0)	(138, 456.0)	(139, 699.0)	(140, 502.0)	(141, 388.0)	(142, 253.0)	(143, 198.0)	(144, 139.0)	(145, 142.0)	(146, 136.0)	(147, 208.0)	(148, 826.0)	(149, 41.0)	(150, 108.0)	
SRR34661437 - Adapter 1	(3, 0.06245214950235483)	(4, 0.12267956158172617)	(5, 0.23939334683366423)	(6, 2.5697998143974545)	(7, 0.13097889489871672)	(8, 1.0246075519728468)	(9, 70.72094995759117)	(10, 417.52542372881356)	(11, 8.783783783783784)	(12, 5453.333333333333)	(13, 35554.0)	(14, 5280.0)	(15, 8044.0)	(16, 27982.0)	(17, 13927.0)	(18, 618.0)	(19, 13794.0)	(20, 19552.0)	(21, 12887.0)	(22, 7653.0)	(23, 8929.0)	(24, 9088.0)	(25, 8798.0)	(26, 11972.0)	(27, 18500.0)	(28, 36150.0)	(29, 89638.0)	(30, 670109.0)	(31, 27542329.0)	(32, 121723.0)	(33, 972.0)	(34, 319.0)	(35, 264.0)	(36, 413.0)	(37, 315.0)	(38, 296.0)	(39, 350.0)	(40, 70.0)	(41, 37.0)	(42, 24.0)	(43, 66.0)	(44, 92.0)	(45, 44.0)	(46, 63.0)	(47, 66.0)	(48, 102.0)	(49, 91.0)	(50, 61.0)	(51, 43.0)	(52, 57.0)	(53, 102.0)	(54, 58.0)	(55, 63.0)	(56, 44.0)	(57, 49.0)	(58, 98.0)	(59, 110.0)	(60, 58.0)	(61, 29.0)	(62, 46.0)	(63, 93.0)	(64, 32.0)	(65, 118.0)	(66, 221.0)	(67, 90.0)	(68, 180.0)	(69, 122.0)	(70, 156.0)	(71, 226.0)	(72, 147.0)	(73, 296.0)	(74, 317.0)	(75, 621.0)	(76, 464.0)	(77, 412.0)	(78, 726.0)	(79, 375.0)	(80, 453.0)	(81, 222.0)	(82, 650.0)	(83, 244.0)	(84, 366.0)	(85, 441.0)	(86, 274.0)	(87, 319.0)	(88, 265.0)	(89, 376.0)	(90, 287.0)	(91, 194.0)	(92, 260.0)	(93, 234.0)	(94, 163.0)	(95, 315.0)	(96, 440.0)	(97, 373.0)	(98, 367.0)	(99, 433.0)	(100, 555.0)	(101, 684.0)	(102, 336.0)	(103, 198.0)	(104, 254.0)	(105, 328.0)	(106, 476.0)	(107, 901.0)	(108, 776.0)	(109, 710.0)	(110, 761.0)	(111, 327.0)	(112, 357.0)	(113, 382.0)	(114, 413.0)	(115, 518.0)	(116, 578.0)	(117, 515.0)	(118, 788.0)	(119, 1179.0)	(120, 1697.0)	(121, 1101.0)	(122, 664.0)	(123, 567.0)	(124, 561.0)	(125, 575.0)	(126, 560.0)	(127, 559.0)	(128, 751.0)	(129, 526.0)	(130, 501.0)	(131, 390.0)	(132, 390.0)	(133, 336.0)	(134, 374.0)	(135, 424.0)	(136, 372.0)	(137, 399.0)	(138, 517.0)	(139, 690.0)	(140, 460.0)	(141, 326.0)	(142, 214.0)	(143, 155.0)	(144, 107.0)	(145, 70.0)	(146, 50.0)	(147, 76.0)	(148, 289.0)	(149, 15.0)	(150, 16.0)	
SRR34661438 - Adapter 1	(3, 0.052274667980358465)	(4, 0.16083490763585243)	(5, 0.2197685022799018)	(6, 2.376703257233933)	(7, 0.08979481883895299)	(8, 0.6663074712643678)	(9, 42.52873563218391)	(10, 344.82758620689657)	(11, 7.126436781609196)	(12, 3458.6363636363635)	(13, 27932.0)	(14, 7570.0)	(15, 10669.0)	(16, 34561.0)	(17, 13606.0)	(18, 632.0)	(19, 14030.0)	(20, 23947.0)	(21, 15564.0)	(22, 8526.0)	(23, 8326.0)	(24, 8221.0)	(25, 10769.0)	(26, 16772.0)	(27, 25866.0)	(28, 50038.0)	(29, 122836.0)	(30, 808886.0)	(31, 31918101.0)	(32, 129015.0)	(33, 1275.0)	(34, 410.0)	(35, 386.0)	(36, 488.0)	(37, 327.0)	(38, 322.0)	(39, 602.0)	(40, 64.0)	(41, 77.0)	(42, 35.0)	(43, 62.0)	(44, 94.0)	(45, 37.0)	(46, 99.0)	(47, 112.0)	(48, 131.0)	(49, 87.0)	(50, 70.0)	(51, 43.0)	(52, 77.0)	(53, 74.0)	(54, 54.0)	(55, 75.0)	(56, 60.0)	(57, 40.0)	(58, 111.0)	(59, 175.0)	(60, 47.0)	(61, 38.0)	(62, 56.0)	(63, 101.0)	(64, 43.0)	(65, 92.0)	(66, 110.0)	(67, 299.0)	(68, 158.0)	(69, 234.0)	(70, 250.0)	(71, 247.0)	(72, 126.0)	(73, 225.0)	(74, 306.0)	(75, 460.0)	(76, 427.0)	(77, 345.0)	(78, 669.0)	(79, 267.0)	(80, 310.0)	(81, 200.0)	(82, 576.0)	(83, 242.0)	(84, 322.0)	(85, 472.0)	(86, 331.0)	(87, 391.0)	(88, 317.0)	(89, 418.0)	(90, 395.0)	(91, 278.0)	(92, 473.0)	(93, 341.0)	(94, 290.0)	(95, 447.0)	(96, 680.0)	(97, 568.0)	(98, 494.0)	(99, 709.0)	(100, 888.0)	(101, 977.0)	(102, 512.0)	(103, 341.0)	(104, 344.0)	(105, 500.0)	(106, 670.0)	(107, 1209.0)	(108, 1066.0)	(109, 994.0)	(110, 1141.0)	(111, 428.0)	(112, 482.0)	(113, 515.0)	(114, 526.0)	(115, 725.0)	(116, 722.0)	(117, 688.0)	(118, 986.0)	(119, 1523.0)	(120, 2245.0)	(121, 1373.0)	(122, 712.0)	(123, 628.0)	(124, 537.0)	(125, 549.0)	(126, 672.0)	(127, 609.0)	(128, 744.0)	(129, 447.0)	(130, 423.0)	(131, 380.0)	(132, 331.0)	(133, 285.0)	(134, 334.0)	(135, 322.0)	(136, 286.0)	(137, 328.0)	(138, 412.0)	(139, 562.0)	(140, 403.0)	(141, 289.0)	(142, 202.0)	(143, 157.0)	(144, 104.0)	(145, 81.0)	(146, 69.0)	(147, 72.0)	(148, 302.0)	(149, 16.0)	(150, 30.0)	
SRR34661439 - Adapter 1	(3, 0.05091631910455701)	(4, 0.12588360781560237)	(5, 0.2860141789093202)	(6, 2.9484001318297106)	(7, 0.11979136814352037)	(8, 1.2219165520403485)	(9, 84.56880733944953)	(10, 410.1098901098901)	(11, 9.264705882352942)	(12, 5961.764705882353)	(13, 44210.0)	(14, 5920.0)	(15, 8391.0)	(16, 27774.0)	(17, 14418.0)	(18, 617.0)	(19, 14030.0)	(20, 17747.0)	(21, 10968.0)	(22, 7796.0)	(23, 8907.0)	(24, 8960.0)	(25, 8663.0)	(26, 11712.0)	(27, 17271.0)	(28, 33280.0)	(29, 81735.0)	(30, 669134.0)	(31, 25508005.0)	(32, 108765.0)	(33, 672.0)	(34, 184.0)	(35, 187.0)	(36, 292.0)	(37, 218.0)	(38, 220.0)	(39, 277.0)	(40, 52.0)	(41, 32.0)	(42, 27.0)	(43, 46.0)	(44, 87.0)	(45, 35.0)	(46, 76.0)	(47, 68.0)	(48, 101.0)	(49, 89.0)	(50, 64.0)	(51, 41.0)	(52, 60.0)	(53, 83.0)	(54, 55.0)	(55, 53.0)	(56, 79.0)	(57, 42.0)	(58, 95.0)	(59, 132.0)	(60, 47.0)	(61, 51.0)	(62, 64.0)	(63, 112.0)	(64, 48.0)	(65, 147.0)	(66, 47.0)	(67, 37.0)	(68, 146.0)	(69, 398.0)	(70, 187.0)	(71, 370.0)	(72, 293.0)	(73, 349.0)	(74, 471.0)	(75, 661.0)	(76, 648.0)	(77, 497.0)	(78, 848.0)	(79, 544.0)	(80, 469.0)	(81, 315.0)	(82, 696.0)	(83, 360.0)	(84, 338.0)	(85, 405.0)	(86, 239.0)	(87, 241.0)	(88, 197.0)	(89, 255.0)	(90, 291.0)	(91, 194.0)	(92, 239.0)	(93, 186.0)	(94, 147.0)	(95, 198.0)	(96, 338.0)	(97, 303.0)	(98, 201.0)	(99, 322.0)	(100, 445.0)	(101, 565.0)	(102, 391.0)	(103, 290.0)	(104, 255.0)	(105, 335.0)	(106, 485.0)	(107, 786.0)	(108, 696.0)	(109, 688.0)	(110, 789.0)	(111, 308.0)	(112, 370.0)	(113, 444.0)	(114, 447.0)	(115, 568.0)	(116, 655.0)	(117, 582.0)	(118, 844.0)	(119, 1211.0)	(120, 1763.0)	(121, 1041.0)	(122, 630.0)	(123, 584.0)	(124, 508.0)	(125, 530.0)	(126, 649.0)	(127, 744.0)	(128, 932.0)	(129, 543.0)	(130, 456.0)	(131, 358.0)	(132, 352.0)	(133, 291.0)	(134, 275.0)	(135, 348.0)	(136, 303.0)	(137, 280.0)	(138, 339.0)	(139, 467.0)	(140, 350.0)	(141, 228.0)	(142, 148.0)	(143, 113.0)	(144, 94.0)	(145, 73.0)	(146, 68.0)	(147, 73.0)	(148, 341.0)	(149, 11.0)	(150, 32.0)	
SRR34661440 - Adapter 1	(3, 0.03843429575832265)	(4, 0.07246792891355525)	(5, 0.13722297447851498)	(6, 1.3643406600940642)	(7, 0.07459412022817025)	(8, 0.5462922334357174)	(9, 32.62280701754386)	(10, 255.26315789473685)	(11, 4.929577464788733)	(12, 2839.4444444444443)	(13, 23572.5)	(14, 2830.0)	(15, 4414.0)	(16, 14053.0)	(17, 7300.0)	(18, 397.0)	(19, 7556.0)	(20, 10332.0)	(21, 7161.0)	(22, 4974.0)	(23, 4887.0)	(24, 5381.0)	(25, 6347.0)	(26, 10203.0)	(27, 16004.0)	(28, 33041.0)	(29, 85215.0)	(30, 692652.0)	(31, 27458178.0)	(32, 117566.0)	(33, 746.0)	(34, 196.0)	(35, 175.0)	(36, 214.0)	(37, 156.0)	(38, 185.0)	(39, 198.0)	(40, 42.0)	(41, 28.0)	(42, 23.0)	(43, 53.0)	(44, 50.0)	(45, 32.0)	(46, 57.0)	(47, 81.0)	(48, 101.0)	(49, 56.0)	(50, 27.0)	(51, 27.0)	(52, 45.0)	(53, 44.0)	(54, 34.0)	(55, 63.0)	(56, 53.0)	(57, 21.0)	(58, 81.0)	(59, 95.0)	(60, 39.0)	(61, 22.0)	(62, 36.0)	(63, 57.0)	(64, 39.0)	(65, 100.0)	(66, 67.0)	(67, 101.0)	(68, 101.0)	(69, 87.0)	(70, 95.0)	(71, 197.0)	(72, 163.0)	(73, 287.0)	(74, 793.0)	(75, 608.0)	(76, 639.0)	(77, 552.0)	(78, 984.0)	(79, 611.0)	(80, 417.0)	(81, 314.0)	(82, 698.0)	(83, 420.0)	(84, 320.0)	(85, 391.0)	(86, 245.0)	(87, 217.0)	(88, 197.0)	(89, 250.0)	(90, 390.0)	(91, 216.0)	(92, 224.0)	(93, 170.0)	(94, 164.0)	(95, 193.0)	(96, 341.0)	(97, 333.0)	(98, 227.0)	(99, 323.0)	(100, 491.0)	(101, 596.0)	(102, 433.0)	(103, 335.0)	(104, 272.0)	(105, 350.0)	(106, 484.0)	(107, 825.0)	(108, 714.0)	(109, 834.0)	(110, 869.0)	(111, 356.0)	(112, 404.0)	(113, 447.0)	(114, 449.0)	(115, 524.0)	(116, 622.0)	(117, 596.0)	(118, 828.0)	(119, 1267.0)	(120, 1810.0)	(121, 1151.0)	(122, 658.0)	(123, 565.0)	(124, 499.0)	(125, 458.0)	(126, 562.0)	(127, 604.0)	(128, 745.0)	(129, 490.0)	(130, 455.0)	(131, 381.0)	(132, 336.0)	(133, 307.0)	(134, 289.0)	(135, 397.0)	(136, 315.0)	(137, 342.0)	(138, 398.0)	(139, 480.0)	(140, 330.0)	(141, 232.0)	(142, 164.0)	(143, 127.0)	(144, 108.0)	(145, 69.0)	(146, 58.0)	(147, 52.0)	(148, 191.0)	(149, 7.0)	(150, 19.0)	
SRR34661441 - Adapter 1	(3, 0.07556721319503319)	(4, 0.25260511780417183)	(5, 0.47395182945242936)	(6, 5.876073259116581)	(7, 0.19065030033951424)	(8, 1.9749216300940438)	(9, 128.53862212943633)	(10, 903.5833333333334)	(11, 21.333333333333332)	(12, 13081.428571428572)	(13, 79935.0)	(14, 507.0)	(15, 6844.0)	(16, 23195.0)	(17, 12339.0)	(18, 579.0)	(19, 13510.0)	(20, 19218.0)	(21, 11656.0)	(22, 7499.0)	(23, 7566.0)	(24, 7091.0)	(25, 6599.0)	(26, 8578.0)	(27, 12066.0)	(28, 21592.0)	(29, 51237.0)	(30, 304645.0)	(31, 10465685.0)	(32, 43747.0)	(33, 392.0)	(34, 126.0)	(35, 147.0)	(36, 249.0)	(37, 164.0)	(38, 163.0)	(39, 180.0)	(40, 37.0)	(41, 19.0)	(42, 28.0)	(43, 44.0)	(44, 64.0)	(45, 31.0)	(46, 68.0)	(47, 81.0)	(48, 90.0)	(49, 43.0)	(50, 41.0)	(51, 20.0)	(52, 36.0)	(53, 59.0)	(54, 45.0)	(55, 47.0)	(56, 46.0)	(57, 25.0)	(58, 91.0)	(59, 89.0)	(60, 44.0)	(61, 29.0)	(62, 48.0)	(63, 100.0)	(64, 43.0)	(65, 83.0)	(66, 51.0)	(67, 155.0)	(68, 105.0)	(69, 312.0)	(70, 176.0)	(71, 310.0)	(72, 66.0)	(73, 76.0)	(74, 282.0)	(75, 266.0)	(76, 282.0)	(77, 330.0)	(78, 370.0)	(79, 217.0)	(80, 282.0)	(81, 203.0)	(82, 452.0)	(83, 184.0)	(84, 221.0)	(85, 306.0)	(86, 169.0)	(87, 215.0)	(88, 145.0)	(89, 181.0)	(90, 198.0)	(91, 129.0)	(92, 166.0)	(93, 120.0)	(94, 100.0)	(95, 176.0)	(96, 224.0)	(97, 196.0)	(98, 149.0)	(99, 220.0)	(100, 276.0)	(101, 315.0)	(102, 172.0)	(103, 121.0)	(104, 123.0)	(105, 145.0)	(106, 199.0)	(107, 357.0)	(108, 341.0)	(109, 330.0)	(110, 343.0)	(111, 139.0)	(112, 145.0)	(113, 168.0)	(114, 198.0)	(115, 232.0)	(116, 185.0)	(117, 183.0)	(118, 259.0)	(119, 368.0)	(120, 503.0)	(121, 334.0)	(122, 180.0)	(123, 169.0)	(124, 169.0)	(125, 146.0)	(126, 164.0)	(127, 166.0)	(128, 189.0)	(129, 122.0)	(130, 128.0)	(131, 115.0)	(132, 110.0)	(133, 98.0)	(134, 104.0)	(135, 128.0)	(136, 100.0)	(137, 82.0)	(138, 111.0)	(139, 164.0)	(140, 102.0)	(141, 80.0)	(142, 56.0)	(143, 40.0)	(144, 21.0)	(145, 12.0)	(146, 15.0)	(147, 18.0)	(148, 77.0)	(149, 2.0)	(150, 5.0)	
SRR34661442 - Adapter 1	(3, 0.03556162252560025)	(4, 0.09053638537751965)	(5, 0.18221131653749909)	(6, 2.0622676805714146)	(7, 0.08892128279883382)	(8, 0.7521865889212828)	(9, 50.31104199066874)	(10, 350.15527950310553)	(11, 5.25)	(12, 3952.0)	(13, 29960.0)	(14, 4630.0)	(15, 6791.0)	(16, 21377.0)	(17, 10677.0)	(18, 567.0)	(19, 11142.0)	(20, 16064.0)	(21, 10708.0)	(22, 7125.0)	(23, 7568.0)	(24, 7271.0)	(25, 8356.0)	(26, 12917.0)	(27, 21101.0)	(28, 43038.0)	(29, 110436.0)	(30, 805372.0)	(31, 30804917.0)	(32, 129613.0)	(33, 1010.0)	(34, 359.0)	(35, 240.0)	(36, 369.0)	(37, 227.0)	(38, 214.0)	(39, 311.0)	(40, 64.0)	(41, 50.0)	(42, 29.0)	(43, 48.0)	(44, 84.0)	(45, 41.0)	(46, 69.0)	(47, 102.0)	(48, 87.0)	(49, 72.0)	(50, 45.0)	(51, 45.0)	(52, 57.0)	(53, 82.0)	(54, 65.0)	(55, 75.0)	(56, 45.0)	(57, 29.0)	(58, 106.0)	(59, 145.0)	(60, 44.0)	(61, 55.0)	(62, 65.0)	(63, 79.0)	(64, 75.0)	(65, 181.0)	(66, 115.0)	(67, 61.0)	(68, 127.0)	(69, 101.0)	(70, 141.0)	(71, 182.0)	(72, 327.0)	(73, 518.0)	(74, 664.0)	(75, 512.0)	(76, 712.0)	(77, 506.0)	(78, 1101.0)	(79, 556.0)	(80, 488.0)	(81, 396.0)	(82, 786.0)	(83, 320.0)	(84, 311.0)	(85, 487.0)	(86, 304.0)	(87, 295.0)	(88, 213.0)	(89, 316.0)	(90, 307.0)	(91, 257.0)	(92, 296.0)	(93, 201.0)	(94, 165.0)	(95, 256.0)	(96, 408.0)	(97, 356.0)	(98, 282.0)	(99, 411.0)	(100, 567.0)	(101, 650.0)	(102, 431.0)	(103, 337.0)	(104, 276.0)	(105, 373.0)	(106, 560.0)	(107, 923.0)	(108, 863.0)	(109, 809.0)	(110, 889.0)	(111, 339.0)	(112, 384.0)	(113, 413.0)	(114, 463.0)	(115, 534.0)	(116, 575.0)	(117, 491.0)	(118, 694.0)	(119, 947.0)	(120, 1282.0)	(121, 849.0)	(122, 543.0)	(123, 497.0)	(124, 472.0)	(125, 408.0)	(126, 511.0)	(127, 566.0)	(128, 651.0)	(129, 427.0)	(130, 380.0)	(131, 398.0)	(132, 356.0)	(133, 306.0)	(134, 297.0)	(135, 397.0)	(136, 397.0)	(137, 350.0)	(138, 442.0)	(139, 623.0)	(140, 405.0)	(141, 301.0)	(142, 177.0)	(143, 131.0)	(144, 74.0)	(145, 80.0)	(146, 54.0)	(147, 54.0)	(148, 229.0)	(149, 6.0)	(150, 17.0)	
SRR34661443 - Adapter 1	(3, 0.05816944839203839)	(4, 0.12850012752276327)	(5, 0.08865142601831856)	(6, 0.7975277384764317)	(7, 0.06255212677231026)	(8, 0.2644746247319514)	(9, 12.402287893231648)	(10, 135.76335877862596)	(11, 5.303030303030304)	(12, 1427.5)	(13, 11790.0)	(14, 3230.0)	(15, 4575.0)	(16, 19300.0)	(17, 6127.0)	(18, 359.0)	(19, 7015.0)	(20, 15390.0)	(21, 8866.0)	(22, 3876.0)	(23, 4692.0)	(24, 3538.0)	(25, 5575.0)	(26, 9984.0)	(27, 15781.0)	(28, 31937.0)	(29, 86159.0)	(30, 651628.0)	(31, 24104050.0)	(32, 101263.0)	(33, 757.0)	(34, 225.0)	(35, 214.0)	(36, 229.0)	(37, 138.0)	(38, 168.0)	(39, 204.0)	(40, 26.0)	(41, 46.0)	(42, 11.0)	(43, 21.0)	(44, 38.0)	(45, 20.0)	(46, 46.0)	(47, 46.0)	(48, 51.0)	(49, 36.0)	(50, 32.0)	(51, 35.0)	(52, 66.0)	(53, 47.0)	(54, 37.0)	(55, 27.0)	(56, 33.0)	(57, 14.0)	(58, 46.0)	(59, 43.0)	(60, 16.0)	(61, 20.0)	(62, 17.0)	(63, 31.0)	(64, 27.0)	(65, 35.0)	(66, 49.0)	(67, 67.0)	(68, 88.0)	(69, 87.0)	(70, 34.0)	(71, 45.0)	(72, 80.0)	(73, 165.0)	(74, 146.0)	(75, 109.0)	(76, 176.0)	(77, 127.0)	(78, 194.0)	(79, 116.0)	(80, 116.0)	(81, 101.0)	(82, 187.0)	(83, 95.0)	(84, 110.0)	(85, 137.0)	(86, 84.0)	(87, 82.0)	(88, 81.0)	(89, 136.0)	(90, 119.0)	(91, 77.0)	(92, 102.0)	(93, 110.0)	(94, 109.0)	(95, 166.0)	(96, 190.0)	(97, 149.0)	(98, 160.0)	(99, 189.0)	(100, 234.0)	(101, 328.0)	(102, 164.0)	(103, 124.0)	(104, 123.0)	(105, 155.0)	(106, 185.0)	(107, 213.0)	(108, 224.0)	(109, 197.0)	(110, 253.0)	(111, 172.0)	(112, 189.0)	(113, 224.0)	(114, 326.0)	(115, 443.0)	(116, 895.0)	(117, 1063.0)	(118, 1453.0)	(119, 1989.0)	(120, 3454.0)	(121, 1425.0)	(122, 518.0)	(123, 323.0)	(124, 321.0)	(125, 364.0)	(126, 432.0)	(127, 411.0)	(128, 453.0)	(129, 298.0)	(130, 259.0)	(131, 336.0)	(132, 272.0)	(133, 284.0)	(134, 270.0)	(135, 351.0)	(136, 379.0)	(137, 398.0)	(138, 466.0)	(139, 675.0)	(140, 543.0)	(141, 348.0)	(142, 220.0)	(143, 123.0)	(144, 81.0)	(145, 60.0)	(146, 56.0)	(147, 85.0)	(148, 412.0)	(149, 19.0)	(150, 75.0)	
