Sample	0	1	2	3	4	5	6	7	8	9	10	11	12	13	14	15	16	17	18	19	20	21	22	23	24	25	26	27	28	29	30	31	32	33	34	35	36	37	38	39	40	41	42	43	44	45	46	47	48	49	50	51	52	53	54	55	56	57	58	59	60	61	62	63	64	65	66	67	68	69	70	71	72	73	74	75	76	77	78	79	80	81	82	83	84	85	86	87	88	89	90	91	92	93	94	95	96	97	98	99	100
SRR34661416	(0.0, 0.0001693220434206117)	(1.0, 0.00017764935703146146)	(2.0, 0.00020124341226220244)	(3.0, 0.00024287998031645127)	(4.0, 0.0002692498067508088)	(5.0, 0.00030394694679601613)	(6.0, 0.0003677896844791976)	(7.0, 0.00046216590540216145)	(8.0, 0.00068283971608968)	(9.0, 0.00108116288380866)	(10.0, 0.001719590260640475)	(11.0, 0.002673067669082772)	(12.0, 0.004269136111162309)	(13.0, 0.006546656383729718)	(14.0, 0.008967128873283381)	(15.0, 0.012241151007949142)	(16.0, 0.017055726160622113)	(17.0, 0.02352604883625237)	(18.0, 0.0331871205104399)	(19.0, 0.043410285853359785)	(20.0, 0.05932517004929548)	(21.0, 0.07513596282509555)	(22.0, 0.08511486030209717)	(23.0, 0.0978042983594304)	(24.0, 0.1221061752470936)	(25.0, 0.16599666951867903)	(26.0, 0.2253301668815854)	(27.0, 0.35477964484784663)	(28.0, 0.5733744029038564)	(29.0, 0.837919277464535)	(30.0, 1.0102627478402835)	(31.0, 1.006820791547799)	(32.0, 1.029891613906658)	(33.0, 1.1286826989289742)	(34.0, 1.1817457291429108)	(35.0, 1.239667746848778)	(36.0, 1.348021363667553)	(37.0, 1.4874885999076668)	(38.0, 1.6735291132876613)	(39.0, 1.936797133094676)	(40.0, 2.1733330883252617)	(41.0, 2.2211610140491773)	(42.0, 2.2137025168250597)	(43.0, 2.657256876306972)	(44.0, 3.1133466185444165)	(45.0, 3.2563224295859015)	(46.0, 3.3948153701335455)	(47.0, 3.544432213779683)	(48.0, 3.6488178656628887)	(49.0, 3.714520370052493)	(50.0, 3.675028085253038)	(51.0, 3.489760624153251)	(52.0, 2.874773247250377)	(53.0, 2.324465503048574)	(54.0, 2.2244530786966665)	(55.0, 2.112403522520276)	(56.0, 2.373906151841791)	(57.0, 2.6444564074014942)	(58.0, 2.644159399882707)	(59.0, 2.6742459839587074)	(60.0, 2.501241880036498)	(61.0, 2.328019878074805)	(62.0, 2.2825430305603525)	(63.0, 2.0779895111378375)	(64.0, 1.8056544346942087)	(65.0, 1.6355399085949647)	(66.0, 1.4584221117489957)	(67.0, 1.3615088359459262)	(68.0, 1.3569468559727822)	(69.0, 1.2067651428867088)	(70.0, 1.0738431751447233)	(71.0, 0.9938579400269095)	(72.0, 0.8426131065698508)	(73.0, 0.758855598386322)	(74.0, 0.7537051549180115)	(75.0, 0.7024061273039733)	(76.0, 0.6572096326810863)	(77.0, 0.5436569963979373)	(78.0, 0.3798559619013189)	(79.0, 0.2870688699924255)	(80.0, 0.2608961233135247)	(81.0, 0.24568767288890941)	(82.0, 0.23303015620041778)	(83.0, 0.2163116862410351)	(84.0, 0.19029993429194408)	(85.0, 0.1668377281933749)	(86.0, 0.14494522071045085)	(87.0, 0.12954524207278603)	(88.0, 0.11418134846076826)	(89.0, 0.10088124073863937)	(90.0, 0.08488308340659519)	(91.0, 0.06257698601433231)	(92.0, 0.048824427586013935)	(93.0, 0.04298281708800283)	(94.0, 0.03987395333995225)	(95.0, 0.038612365327908515)	(96.0, 0.03811689016806295)	(97.0, 0.028124113835043246)	(98.0, 0.013866365047666654)	(99.0, 0.009558368139653713)	(100.0, 0.009551428711644671)
SRR34661417	(0.0, 0.00022010827212790815)	(1.0, 0.00022590059507864257)	(2.0, 0.0002765834208975688)	(3.0, 0.00033740281188028023)	(4.0, 0.00036202018442090157)	(5.0, 0.0004098068487644606)	(6.0, 0.0005430302766313524)	(7.0, 0.0007269365303171704)	(8.0, 0.0010107603549031573)	(9.0, 0.0014625615450604423)	(10.0, 0.0021388152495586867)	(11.0, 0.0031104774245443866)	(12.0, 0.004448504026164039)	(13.0, 0.006480161301134138)	(14.0, 0.008782609674051072)	(15.0, 0.011995900830970994)	(16.0, 0.016571835962051192)	(17.0, 0.022122329429592455)	(18.0, 0.02975805915939811)	(19.0, 0.03789048058222924)	(20.0, 0.05196872151398927)	(21.0, 0.06545614550477437)	(22.0, 0.07240838112639336)	(23.0, 0.08207142388895608)	(24.0, 0.10227359826038007)	(25.0, 0.14429545318722065)	(26.0, 0.20345968788675972)	(27.0, 0.34084200363227884)	(28.0, 0.560153831354461)	(29.0, 0.7977114763714566)	(30.0, 0.9102389343353744)	(31.0, 0.8391367220343716)	(32.0, 0.8182973921383668)	(33.0, 0.8840981808587098)	(34.0, 0.9092991299366175)	(35.0, 0.9486029373188262)	(36.0, 1.0402461748838707)	(37.0, 1.157951969565745)	(38.0, 1.3079832705549304)	(39.0, 1.5260816066189338)	(40.0, 1.73665137092772)	(41.0, 1.7973476750477284)	(42.0, 1.8137674625323226)	(43.0, 2.1248803686199573)	(44.0, 2.4542448843253557)	(45.0, 2.620820507742576)	(46.0, 2.787391786917584)	(47.0, 3.0181391082252538)	(48.0, 3.3870405723116273)	(49.0, 3.645363695107006)	(50.0, 3.6609204264719413)	(51.0, 3.5414696945011577)	(52.0, 2.988475174313805)	(53.0, 2.498871836499289)	(54.0, 2.4131512491513707)	(55.0, 2.282102838552479)	(56.0, 2.533918286512708)	(57.0, 2.917254219392312)	(58.0, 3.1349861910296815)	(59.0, 3.2346025611364118)	(60.0, 3.006431375461082)	(61.0, 2.891229312374662)	(62.0, 2.8829564271202757)	(63.0, 2.628346183336318)	(64.0, 2.288287591383126)	(65.0, 2.087015953491006)	(66.0, 1.7800720718471628)	(67.0, 1.5590920551151692)	(68.0, 1.5628758900827364)	(69.0, 1.3988619214904783)	(70.0, 1.2383957507055448)	(71.0, 1.1393919187508543)	(72.0, 0.9720980472877425)	(73.0, 0.8610273585459346)	(74.0, 0.8240853708468882)	(75.0, 0.746133736656642)	(76.0, 0.6864612256181759)	(77.0, 0.5752428326411242)	(78.0, 0.43048254553710713)	(79.0, 0.3460290288346615)	(80.0, 0.3172788338686912)	(81.0, 0.29945006382633066)	(82.0, 0.2833633349114034)	(83.0, 0.25772072120850215)	(84.0, 0.21940305680865627)	(85.0, 0.1881549225701817)	(86.0, 0.16207354040376226)	(87.0, 0.14529897313843537)	(88.0, 0.1317290085456023)	(89.0, 0.12028627455642645)	(90.0, 0.10043453572352189)	(91.0, 0.07133390521903213)	(92.0, 0.05398589798158253)	(93.0, 0.04744491728946568)	(94.0, 0.04488471054524106)	(95.0, 0.04396662735754965)	(96.0, 0.04335988152846022)	(97.0, 0.03109463768028008)	(98.0, 0.013832067206353809)	(99.0, 0.00876957694741192)	(100.0, 0.008766680785936553)
SRR34661418	(0.0, 0.00036821076569992653)	(1.0, 0.00036986937275262894)	(2.0, 0.00039474847854316445)	(3.0, 0.00040801733496478344)	(4.0, 0.00041133454907018815)	(5.0, 0.00046772718886206886)	(6.0, 0.0005407058991809732)	(7.0, 0.0006568083928701392)	(8.0, 0.0009868711963579111)	(9.0, 0.0016221176975429197)	(10.0, 0.0026703573548508184)	(11.0, 0.003935874536062728)	(12.0, 0.005504916807919172)	(13.0, 0.007953020817707874)	(14.0, 0.010714601560457322)	(15.0, 0.014192700549974197)	(16.0, 0.018365755894573364)	(17.0, 0.022661548161072506)	(18.0, 0.02795084605214037)	(19.0, 0.033245119764366345)	(20.0, 0.04192958629231596)	(21.0, 0.05169878183273293)	(22.0, 0.060451251249843345)	(23.0, 0.0730135410670111)	(24.0, 0.0924474399035248)	(25.0, 0.12263408826270797)	(26.0, 0.16345904225792413)	(27.0, 0.24664647898621161)	(28.0, 0.3803219143987593)	(29.0, 0.5445140609739779)	(30.0, 0.6712465672639134)	(31.0, 0.6985207016385512)	(32.0, 0.7308933940931961)	(33.0, 0.8056584242078609)	(34.0, 0.8580339177180963)	(35.0, 0.9278546402086554)	(36.0, 1.0308093557910498)	(37.0, 1.2003339240407065)	(38.0, 1.4116404625549888)	(39.0, 1.6526908013453825)	(40.0, 1.8791221775732576)	(41.0, 1.8779926661703674)	(42.0, 1.8377598348929658)	(43.0, 2.1059665469572555)	(44.0, 2.3883377632516236)	(45.0, 2.566885153867981)	(46.0, 2.7580512269412982)	(47.0, 3.0059200993253516)	(48.0, 3.50204595814379)	(49.0, 3.924284189978444)	(50.0, 4.015311862244856)	(51.0, 3.9168105065989676)	(52.0, 3.313301451367419)	(53.0, 2.7722837340605375)	(54.0, 2.6729447818530345)	(55.0, 2.575757042992886)	(56.0, 2.9665447678941974)	(57.0, 3.410789398104106)	(58.0, 3.448404947452343)	(59.0, 3.4369025075418524)	(60.0, 3.136175486995227)	(61.0, 2.809818011663192)	(62.0, 2.6689027564655987)	(63.0, 2.3721879063794606)	(64.0, 1.9839859498733121)	(65.0, 1.7613312219044404)	(66.0, 1.586533941834243)	(67.0, 1.5060284727101751)	(68.0, 1.4977752440159282)	(69.0, 1.324697939459383)	(70.0, 1.1446130201051703)	(71.0, 1.0190697350720224)	(72.0, 0.8575396528163911)	(73.0, 0.7323960920829444)	(74.0, 0.6806077454693655)	(75.0, 0.6106145278453254)	(76.0, 0.5582075208010886)	(77.0, 0.47959618093120704)	(78.0, 0.38108984946416047)	(79.0, 0.31312179105147)	(80.0, 0.2839485516014879)	(81.0, 0.26045935852111696)	(82.0, 0.2417469537525288)	(83.0, 0.22319211665394736)	(84.0, 0.19505384800485162)	(85.0, 0.16946651700281212)	(86.0, 0.14501201461776836)	(87.0, 0.12920217219140936)	(88.0, 0.11667305451529564)	(89.0, 0.1057942508566208)	(90.0, 0.08834404605513912)	(91.0, 0.06282471794226044)	(92.0, 0.0470679509415879)	(93.0, 0.04143200417650525)	(94.0, 0.03909502683924761)	(95.0, 0.03799371175625323)	(96.0, 0.037446371428861445)	(97.0, 0.027292379052217527)	(98.0, 0.012880742371286618)	(99.0, 0.008576657069523964)	(100.0, 0.008568364034260452)
SRR34661419	(0.0, 0.00014931301861424636)	(1.0, 0.00015452161228683635)	(2.0, 0.00016841119541374298)	(3.0, 0.0001979265595584196)	(4.0, 0.00022917812159395953)	(5.0, 0.00025348489206604614)	(6.0, 0.0003090432245736727)	(7.0, 0.0004010617127894292)	(8.0, 0.0005712091060940355)	(9.0, 0.0009045591011397949)	(10.0, 0.0015695228933404503)	(11.0, 0.002517486941751828)	(12.0, 0.0037901199957546487)	(13.0, 0.005750287414539348)	(14.0, 0.007976093110626137)	(15.0, 0.011021384211200417)	(16.0, 0.015374032323594786)	(17.0, 0.02034997547880909)	(18.0, 0.026640220437406933)	(19.0, 0.03302942867578399)	(20.0, 0.04326605144031418)	(21.0, 0.05398360102061351)	(22.0, 0.06175829517589951)	(23.0, 0.07238209007009222)	(24.0, 0.09042986714561653)	(25.0, 0.12100083960793805)	(26.0, 0.16382068819030035)	(27.0, 0.2539467207050158)	(28.0, 0.4012075534122617)	(29.0, 0.5769437677275571)	(30.0, 0.7011548372357015)	(31.0, 0.719897093467571)	(32.0, 0.7541001919175787)	(33.0, 0.8339305709394746)	(34.0, 0.8874679691021361)	(35.0, 0.9516986100746252)	(36.0, 1.0521255046758327)	(37.0, 1.1880941063009034)	(38.0, 1.3571251243616846)	(39.0, 1.57680277109684)	(40.0, 1.7793858133985552)	(41.0, 1.8172540255961753)	(42.0, 1.8137469058566311)	(43.0, 2.1888281534071816)	(44.0, 2.5837732410270995)	(45.0, 2.7863944796824134)	(46.0, 2.989371638905354)	(47.0, 3.27463068857209)	(48.0, 3.808317085848788)	(49.0, 4.194516944692427)	(50.0, 4.169665008082609)	(51.0, 3.9709415336922826)	(52.0, 3.247629338973384)	(53.0, 2.6074254648943302)	(54.0, 2.534119717546299)	(55.0, 2.3417663532175506)	(56.0, 2.520402018010588)	(57.0, 2.8056784296562323)	(58.0, 2.82216362862998)	(59.0, 2.8724300299662544)	(60.0, 2.689327128000026)	(61.0, 2.6819187715997126)	(62.0, 2.809709881158817)	(63.0, 2.5939456244696677)	(64.0, 2.2953629921884464)	(65.0, 2.1063952137468815)	(66.0, 1.7463876362848068)	(67.0, 1.4909911903409199)	(68.0, 1.488388629702516)	(69.0, 1.335575436140289)	(70.0, 1.2006277188750458)	(71.0, 1.103416262767717)	(72.0, 0.9217613498424686)	(73.0, 0.8299633587588519)	(74.0, 0.8366373034513306)	(75.0, 0.7732209392896565)	(76.0, 0.7224805559291757)	(77.0, 0.595594005471211)	(78.0, 0.40098358388434036)	(79.0, 0.2854309332579314)	(80.0, 0.25477488709895757)	(81.0, 0.23742506157556037)	(82.0, 0.2239052885994076)	(83.0, 0.2010135194083746)	(84.0, 0.16571661628712311)	(85.0, 0.1399983169297646)	(86.0, 0.12109633049193552)	(87.0, 0.10916344238803186)	(88.0, 0.09875319983441533)	(89.0, 0.09011214293158855)	(90.0, 0.07342033640882849)	(91.0, 0.04965873207447295)	(92.0, 0.037097340334076766)	(93.0, 0.033284649765740894)	(94.0, 0.03176547661123548)	(95.0, 0.031053635475981514)	(96.0, 0.030678616731555038)	(97.0, 0.02156531400241342)	(98.0, 0.009088995958669532)	(99.0, 0.005687784290468268)	(100.0, 0.005687784290468268)
SRR34661420	(0.0, 0.00039107410153187497)	(1.0, 0.0004012130597197383)	(2.0, 0.0004895668382139767)	(3.0, 0.0006662743952024536)	(4.0, 0.0007893903160550808)	(5.0, 0.0009472683792660971)	(6.0, 0.0012079844469540138)	(7.0, 0.001488978431017657)	(8.0, 0.0019336441686853814)	(9.0, 0.0026086090994774324)	(10.0, 0.0035920880437001843)	(11.0, 0.0048956683821397675)	(12.0, 0.006995881149625762)	(13.0, 0.009924591643320026)	(14.0, 0.012908342195748403)	(15.0, 0.01708848981434467)	(16.0, 0.023155932078481795)	(17.0, 0.03144380618576101)	(18.0, 0.04439849790465394)	(19.0, 0.058485856095391024)	(20.0, 0.0838752558203993)	(21.0, 0.10626642076699655)	(22.0, 0.11109691013221432)	(23.0, 0.11858235812005408)	(24.0, 0.1430824263697269)	(25.0, 0.18642502420024476)	(26.0, 0.2520907111152414)	(27.0, 0.4350844221801935)	(28.0, 0.721601241611026)	(29.0, 1.0125299562761774)	(30.0, 1.1345117622343621)	(31.0, 1.033694307282043)	(32.0, 0.9911077860478201)	(33.0, 1.0536332927697756)	(34.0, 1.0876596364482454)	(35.0, 1.1299260562882514)	(36.0, 1.2198238532722414)	(37.0, 1.3457830276852654)	(38.0, 1.5016477834846915)	(39.0, 1.7413791045689273)	(40.0, 1.9679935106032647)	(41.0, 2.0166141603818644)	(42.0, 2.0181799052105904)	(43.0, 2.339802143155601)	(44.0, 2.6708159532277693)	(45.0, 2.7836176567581425)	(46.0, 2.8899000101737204)	(47.0, 3.0546522870361077)	(48.0, 3.240186531338419)	(49.0, 3.347132262304002)	(50.0, 3.3719451898349004)	(51.0, 3.2795445186011065)	(52.0, 2.7851211194151433)	(53.0, 2.339637022979398)	(54.0, 2.246393369793413)	(55.0, 2.1025679026307755)	(56.0, 2.28677973710087)	(57.0, 2.60118448523872)	(58.0, 2.700967766455877)	(59.0, 2.6720920135368416)	(60.0, 2.5072890418835145)	(61.0, 2.5174178611131905)	(62.0, 2.5741844395844393)	(63.0, 2.398334348774136)	(64.0, 2.1417289044200993)	(65.0, 1.9728457263074564)	(66.0, 1.7259229870228285)	(67.0, 1.5603277282082502)	(68.0, 1.564825080375867)	(69.0, 1.420159528106235)	(70.0, 1.2763326125209993)	(71.0, 1.1795692924212273)	(72.0, 1.008474373001032)	(73.0, 0.912794473004763)	(74.0, 0.899283587008136)	(75.0, 0.8275084535736524)	(76.0, 0.7757852825895665)	(77.0, 0.6506111532248028)	(78.0, 0.46910786901346657)	(79.0, 0.36884515991628347)	(80.0, 0.34031702842083233)	(81.0, 0.32188440243529665)	(82.0, 0.304306345782738)	(83.0, 0.2758578775301915)	(84.0, 0.2368547538040792)	(85.0, 0.20676232590250052)	(86.0, 0.18078196975739963)	(87.0, 0.16326185000877164)	(88.0, 0.1493743741365953)	(89.0, 0.13704974624794816)	(90.0, 0.11582021622516042)	(91.0, 0.08550328282085051)	(92.0, 0.06729226549284954)	(93.0, 0.059931381848460696)	(94.0, 0.05751106768675787)	(95.0, 0.05715330730498612)	(96.0, 0.0564899297549802)	(97.0, 0.04173919401423718)	(98.0, 0.01922780999198385)	(99.0, 0.011397637425756755)	(100.0, 0.011393292157961957)
SRR34661421	(0.0, 0.00012861524745216995)	(1.0, 0.0001274460179298775)	(2.0, 0.00014147677219738695)	(3.0, 0.00021163054353493416)	(4.0, 0.00027243047869414177)	(5.0, 0.0003308919548087645)	(6.0, 0.0004279380051590382)	(7.0, 0.0005156302193309722)	(8.0, 0.000648922384872312)	(9.0, 0.0009178451749995765)	(10.0, 0.0013586447049038317)	(11.0, 0.001998213253597804)	(12.0, 0.0029581506913999088)	(13.0, 0.004444241414233618)	(14.0, 0.0061279319263347525)	(15.0, 0.008569283168881395)	(16.0, 0.012040725620567691)	(17.0, 0.0162382596055976)	(18.0, 0.023186990656581655)	(19.0, 0.03074956720676925)	(20.0, 0.04357367660727288)	(21.0, 0.05593360188742642)	(22.0, 0.06193525702535359)	(23.0, 0.07030226348687839)	(24.0, 0.08761738348250733)	(25.0, 0.1171427673794364)	(26.0, 0.15989915255062684)	(27.0, 0.2699879582220729)	(28.0, 0.4468456157640295)	(29.0, 0.6305000045190721)	(30.0, 0.7213432922535843)	(31.0, 0.6918319391109228)	(32.0, 0.6968584568272581)	(33.0, 0.7665644132577673)	(34.0, 0.8198812794743031)	(35.0, 0.8832979503044014)	(36.0, 0.9793361248064588)	(37.0, 1.0940737870585397)	(38.0, 1.2312781945814701)	(39.0, 1.4152997214065126)	(40.0, 1.609684129487633)	(41.0, 1.723522654237071)	(42.0, 1.7949134704092036)	(43.0, 2.125693179183828)	(44.0, 2.4769004969424238)	(45.0, 2.67324102601434)	(46.0, 2.8669238963820844)	(47.0, 3.2359467643718505)	(48.0, 3.7287162080829606)	(49.0, 3.9642878953163554)	(50.0, 3.8507030933732547)	(51.0, 3.6545648410086957)	(52.0, 3.1827596826322893)	(53.0, 2.7136285521733656)	(54.0, 2.5547314293233434)	(55.0, 2.290311342086427)	(56.0, 2.415815269779777)	(57.0, 2.730149765323358)	(58.0, 2.8725397057776556)	(59.0, 2.8795410521571427)	(60.0, 2.678523604996057)	(61.0, 2.6939819885102856)	(62.0, 2.754697739143888)	(63.0, 2.5599029315004427)	(64.0, 2.2496502162191847)	(65.0, 2.043962866346063)	(66.0, 1.8151832334076654)	(67.0, 1.6776233801099585)	(68.0, 1.72990781665831)	(69.0, 1.6013229691737196)	(70.0, 1.406018377458555)	(71.0, 1.2593093031489093)	(72.0, 1.087709670768702)	(73.0, 0.9560626111652277)	(74.0, 0.8668316909419567)	(75.0, 0.7443794523017903)	(76.0, 0.6580856366385179)	(77.0, 0.5733784654369966)	(78.0, 0.48844914062623956)	(79.0, 0.4265933912084019)	(80.0, 0.39511422477972213)	(81.0, 0.3742142470687445)	(82.0, 0.35705346537005817)	(83.0, 0.3191891365201393)	(84.0, 0.25991621511704566)	(85.0, 0.2161566310157283)	(86.0, 0.1862629398192771)	(87.0, 0.16714954481836236)	(88.0, 0.15259965264295505)	(89.0, 0.1403543118559862)	(90.0, 0.11499723120602973)	(91.0, 0.07444367445483827)	(92.0, 0.050331823246123265)	(93.0, 0.04396770695628544)	(94.0, 0.04185958612759215)	(95.0, 0.040885617935522534)	(96.0, 0.04020512635354832)	(97.0, 0.02866249250947722)	(98.0, 0.01198694106254224)	(99.0, 0.006802577360697498)	(100.0, 0.006800238901652913)
SRR34661422	(0.0, 0.00012998252605662215)	(1.0, 0.00012753002556498773)	(2.0, 0.00014960252998969716)	(3.0, 0.0002979788097335772)	(4.0, 0.000438997588002554)	(5.0, 0.0005187038539806714)	(6.0, 0.0006155776234002293)	(7.0, 0.0007357501474903139)	(8.0, 0.0009589276922290425)	(9.0, 0.0012998252605662213)	(10.0, 0.0018577691224130426)	(11.0, 0.0027406692994014193)	(12.0, 0.004038042059476007)	(13.0, 0.006067486216303456)	(14.0, 0.008459900445892793)	(15.0, 0.011703332346079261)	(16.0, 0.016300544517647904)	(17.0, 0.0219927981587313)	(18.0, 0.030937067451721884)	(19.0, 0.04078140442514228)	(20.0, 0.057268338980154404)	(21.0, 0.07299377213251404)	(22.0, 0.08031816485078012)	(23.0, 0.09064809692154413)	(24.0, 0.11216878873563582)	(25.0, 0.14860190978911034)	(26.0, 0.2015599791552173)	(27.0, 0.3325026591543143)	(28.0, 0.5465201145567884)	(29.0, 0.7876438316430516)	(30.0, 0.920080084441554)	(31.0, 0.8860639026225852)	(32.0, 0.8902907872199168)	(33.0, 0.9687315629443509)	(34.0, 1.015040903477637)	(35.0, 1.0803522178201064)	(36.0, 1.1901334973271362)	(37.0, 1.3180412079678356)	(38.0, 1.483452556126608)	(39.0, 1.728193711438032)	(40.0, 1.9662432191580315)	(41.0, 2.0351597092232034)	(42.0, 2.0527380064969925)	(43.0, 2.3859371757909313)	(44.0, 2.730706016154155)	(45.0, 2.8624236863086083)	(46.0, 2.9852498159306413)	(47.0, 3.09523955797946)	(48.0, 3.2024334494678155)	(49.0, 3.3210927807545616)	(50.0, 3.393337313986881)	(51.0, 3.309519430934539)	(52.0, 2.8075735128132053)	(53.0, 2.356859103711868)	(54.0, 2.2467491891389595)	(55.0, 2.113996563777036)	(56.0, 2.3035883405330777)	(57.0, 2.625821153878673)	(58.0, 2.848921444851915)	(59.0, 2.9636224403451634)	(60.0, 2.7900418130487568)	(61.0, 2.616007473161398)	(62.0, 2.525847423837689)	(63.0, 2.3106588994504595)	(64.0, 2.012212888373226)	(65.0, 1.8245254782489388)	(66.0, 1.6606628841506335)	(67.0, 1.5980603566011744)	(68.0, 1.611739178093265)	(69.0, 1.458560902386765)	(70.0, 1.314497344757424)	(71.0, 1.2289639376111834)	(72.0, 1.0595979324096505)	(73.0, 0.9508209518539451)	(74.0, 0.9265706269926643)	(75.0, 0.8485516813527914)	(76.0, 0.7842287247084507)	(77.0, 0.6668299786744045)	(78.0, 0.5060857389512124)	(79.0, 0.4061782264235027)	(80.0, 0.3703520992417077)	(81.0, 0.35018764019948984)	(82.0, 0.33319916929393845)	(83.0, 0.3060230113461379)	(84.0, 0.26679771848293765)	(85.0, 0.2326601378896329)	(86.0, 0.20264643687301137)	(87.0, 0.18328517174180375)	(88.0, 0.16675777092867966)	(89.0, 0.15145662036137275)	(90.0, 0.12905180212004688)	(91.0, 0.09685414941562492)	(92.0, 0.07680495789651388)	(93.0, 0.06971110022446142)	(94.0, 0.06767552481640489)	(95.0, 0.06712371220578717)	(96.0, 0.06634749580018488)	(97.0, 0.049365156145862614)	(98.0, 0.021995250659222934)	(99.0, 0.01154637231461466)	(100.0, 0.01154637231461466)
SRR34661423	(0.0, 0.0004258353351537005)	(1.0, 0.00043311457165205443)	(2.0, 0.0005805191107437199)	(3.0, 0.0008625895250549318)	(4.0, 0.0010245525371433053)	(5.0, 0.0011355608937432013)	(6.0, 0.001341199324821698)	(7.0, 0.001561396228896902)	(8.0, 0.0018998807260703562)	(9.0, 0.0026660203675220994)	(10.0, 0.003734248323655528)	(11.0, 0.005002655283493687)	(12.0, 0.006809725744210032)	(13.0, 0.009741438243922047)	(14.0, 0.013202715198889305)	(15.0, 0.018057965943291326)	(16.0, 0.024427297879350947)	(17.0, 0.031147852976456145)	(18.0, 0.04055990576882768)	(19.0, 0.05055429748106752)	(20.0, 0.06912908921574198)	(21.0, 0.08765656591317712)	(22.0, 0.0972214826720141)	(23.0, 0.10951065369035999)	(24.0, 0.1328842820865742)	(25.0, 0.1806397131340247)	(26.0, 0.2490954729736689)	(27.0, 0.40620505412676483)	(28.0, 0.6492260042425574)	(29.0, 0.9008455524720306)	(30.0, 1.0080978230387763)	(31.0, 0.9195604695092983)	(32.0, 0.8847857369475373)	(33.0, 0.9489358283984053)	(34.0, 0.9865512830036489)	(35.0, 1.0345523882829186)	(36.0, 1.1266274507505967)	(37.0, 1.235088074576069)	(38.0, 1.3617231321288066)	(39.0, 1.5506957512443218)	(40.0, 1.7351643427764807)	(41.0, 1.8052943270107462)	(42.0, 1.8357288148103637)	(43.0, 2.1063253325910454)	(44.0, 2.4005739095640033)	(45.0, 2.5381314614825206)	(46.0, 2.6643716204552224)	(47.0, 2.8805485661742103)	(48.0, 3.240736106967507)	(49.0, 3.454707444027494)	(50.0, 3.426787932438058)	(51.0, 3.3349749224843204)	(52.0, 2.8221126753745502)	(53.0, 2.28669935359288)	(54.0, 2.145518561707307)	(55.0, 2.0178826091360462)	(56.0, 2.2002347626563084)	(57.0, 2.5566844155077)	(58.0, 2.898884962913564)	(59.0, 3.0486461548215713)	(60.0, 2.908766526460079)	(61.0, 2.9468332937282207)	(62.0, 2.9754406931667514)	(63.0, 2.722054110277303)	(64.0, 2.3839299353105172)	(65.0, 2.212090819103002)	(66.0, 1.9310558761836811)	(67.0, 1.7043440554424503)	(68.0, 1.7259178926144467)	(69.0, 1.5410780600208718)	(70.0, 1.3409882269632456)	(71.0, 1.2406384924060638)	(72.0, 1.062262621823027)	(73.0, 0.932659455588086)	(74.0, 0.8781179563150452)	(75.0, 0.7831402982936487)	(76.0, 0.7103169965549921)	(77.0, 0.601173944307799)	(78.0, 0.4679166013506842)	(79.0, 0.3855647790356824)	(80.0, 0.355974682669874)	(81.0, 0.3405263230112425)	(82.0, 0.32523446693732566)	(83.0, 0.29506931088814725)	(84.0, 0.2522310040953349)	(85.0, 0.21848264387984176)	(86.0, 0.18980973131282594)	(87.0, 0.1705233942104374)	(88.0, 0.15384120396533496)	(89.0, 0.13982503408775462)	(90.0, 0.11755784963929017)	(91.0, 0.08435725197029824)	(92.0, 0.06423744228884819)	(93.0, 0.056157489775675404)	(94.0, 0.05234316985053798)	(95.0, 0.051158474110430896)	(96.0, 0.05043055046059551)	(97.0, 0.03655996531298224)	(98.0, 0.016527506469512426)	(99.0, 0.010327416782039531)	(100.0, 0.010325596972914944)
SRR34661424	(0.0, 0.00012698839413622623)	(1.0, 0.00012506432755840462)	(2.0, 0.00010101349533563452)	(3.0, 6.349419706811312e-05)	(4.0, 5.868403062355909e-05)	(5.0, 7.792469640177519e-05)	(6.0, 0.0001000514620467237)	(7.0, 0.00014334296004770992)	(8.0, 0.00022800188947186075)	(9.0, 0.0004184844806762001)	(10.0, 0.0007667405312619114)	(11.0, 0.001188111111804844)	(12.0, 0.0017518626191065758)	(13.0, 0.0025618946483694735)	(14.0, 0.0033834710770993008)	(15.0, 0.00447056869356851)	(16.0, 0.006030986688181836)	(17.0, 0.008031053895827398)	(18.0, 0.01063816410877568)	(19.0, 0.013622391370976997)	(20.0, 0.017485917059242788)	(21.0, 0.02304069726941378)	(22.0, 0.03139307028373738)	(23.0, 0.04317028180658346)	(24.0, 0.057399716182863166)	(25.0, 0.07691359941512994)	(26.0, 0.10161188004133702)	(27.0, 0.13221512099487864)	(28.0, 0.1807987641181632)	(29.0, 0.23675446833437125)	(30.0, 0.3246737285746408)	(31.0, 0.42992305648134954)	(32.0, 0.49478718895287166)	(33.0, 0.5873886652102701)	(34.0, 0.7806120892547164)	(35.0, 0.9318898998693627)	(36.0, 1.0189616087821018)	(37.0, 1.1619409202466033)	(38.0, 1.3038033110626794)	(39.0, 1.5446945225393673)	(40.0, 1.8393470403002574)	(41.0, 2.0071400763856357)	(42.0, 2.0784161607277483)	(43.0, 2.1574943350429274)	(44.0, 2.271018111267558)	(45.0, 2.4334324192346357)	(46.0, 2.5156525942713976)	(47.0, 2.6625137100566545)	(48.0, 2.859118681111622)	(49.0, 3.0486325047940284)	(50.0, 3.1422210272058493)	(51.0, 2.899619320541478)	(52.0, 2.598441330981906)	(53.0, 2.6093007627471314)	(54.0, 2.7771957743611337)	(55.0, 2.9397409188555033)	(56.0, 3.506253461696409)	(57.0, 3.9061985988620087)	(58.0, 3.775631440891034)	(59.0, 3.6336661125130445)	(60.0, 3.3011210275685356)	(61.0, 3.0023365768317736)	(62.0, 2.83458394614453)	(63.0, 2.425411947704986)	(64.0, 2.0537544373665195)	(65.0, 1.8611111193952867)	(66.0, 1.649912103347542)	(67.0, 1.5196595302620413)	(68.0, 1.505644629309189)	(69.0, 1.4044281449495941)	(70.0, 1.3418930950705252)	(71.0, 1.2746585125751269)	(72.0, 1.220067933595883)	(73.0, 1.2365196648695467)	(74.0, 1.2128084303977622)	(75.0, 1.1546573662162596)	(76.0, 1.0775427018437473)	(77.0, 0.9426367737397853)	(78.0, 0.6722861788900708)	(79.0, 0.4467730695366223)	(80.0, 0.38223025618359646)	(81.0, 0.3514211401062279)	(82.0, 0.32356450419252664)	(83.0, 0.2798323949452193)	(84.0, 0.22505518150792697)	(85.0, 0.1870933479275066)	(86.0, 0.1561264583907567)	(87.0, 0.1349886629668085)	(88.0, 0.12021760384887199)	(89.0, 0.11095995750968332)	(90.0, 0.09378092906960307)	(91.0, 0.06465344718125064)	(92.0, 0.04618721820060774)	(93.0, 0.04054296889456805)	(94.0, 0.03790699768295244)	(95.0, 0.03681316583346086)	(96.0, 0.03646298571629732)	(97.0, 0.02349958714822423)	(98.0, 0.00751829015283794)	(99.0, 0.004479226993168708)	(100.0, 0.0044773029265908855)
SRR34661425	(0.0, 0.0009216626321949111)	(1.0, 0.0008592005562178463)	(2.0, 0.0006454414517630025)	(3.0, 0.0004636074083631029)	(4.0, 0.00045250303930051357)	(5.0, 0.0005593825915279354)	(6.0, 0.0007259481274667749)	(7.0, 0.0009327670012575003)	(8.0, 0.0015018659157152016)	(9.0, 0.0027469432968580255)	(10.0, 0.004983085616836944)	(11.0, 0.007852176973383453)	(12.0, 0.01107799618606564)	(13.0, 0.015047808125941312)	(14.0, 0.01886909912960485)	(15.0, 0.023466307921516816)	(16.0, 0.02935717570922044)	(17.0, 0.03604894611556331)	(18.0, 0.044148195300589374)	(19.0, 0.05282764776913572)	(20.0, 0.06343509631617414)	(21.0, 0.07674368263768741)	(22.0, 0.09799189283895202)	(23.0, 0.12806252426044382)	(24.0, 0.16338135811014187)	(25.0, 0.2067883367758034)	(26.0, 0.2569467718315192)	(27.0, 0.3338584080512783)	(28.0, 0.45518474442912893)	(29.0, 0.5853418303040036)	(30.0, 0.7472768443437432)	(31.0, 0.9122988729828826)	(32.0, 1.0090734493633484)	(33.0, 1.1537869750331446)	(34.0, 1.4255580795632208)	(35.0, 1.637543261060316)	(36.0, 1.7595441878587188)	(37.0, 1.9433159436600405)	(38.0, 2.126725419420695)	(39.0, 2.4588099045142244)	(40.0, 2.837069132262266)	(41.0, 2.960923100647989)	(42.0, 2.9577056097121033)	(43.0, 3.0150680041971736)	(44.0, 3.085072722860003)	(45.0, 3.0759671402286792)	(46.0, 2.9867754598718292)	(47.0, 3.052584115075132)	(48.0, 3.1142786015407453)	(49.0, 3.2812064175202513)	(50.0, 3.4802855460743523)	(51.0, 3.195015692902566)	(52.0, 2.5780000378936596)	(53.0, 2.1837560708800203)	(54.0, 2.1177267163415987)	(55.0, 2.008644334901386)	(56.0, 2.13456371593275)	(57.0, 2.338364977430717)	(58.0, 2.443192997473825)	(59.0, 2.5286383413181843)	(60.0, 2.437812930663001)	(61.0, 2.3471499214053577)	(62.0, 2.257559871808388)	(63.0, 1.9448858238362638)	(64.0, 1.6377084385501222)	(65.0, 1.505390164846441)	(66.0, 1.3171364080822316)	(67.0, 1.1804818782596094)	(68.0, 1.1665944767007088)	(69.0, 1.0984941573321143)	(70.0, 1.0814989204818213)	(71.0, 1.057067920497992)	(72.0, 0.9817095079008628)	(73.0, 0.952078887103476)	(74.0, 0.921104637649516)	(75.0, 0.8717346127972441)	(76.0, 0.8215525809572701)	(77.0, 0.6964868482975927)	(78.0, 0.4516632713901553)	(79.0, 0.2821120482196122)	(80.0, 0.24466256355602983)	(81.0, 0.22837106609507854)	(82.0, 0.21708625103522214)	(83.0, 0.19060788300547798)	(84.0, 0.1541494632807317)	(85.0, 0.12850531097681459)	(86.0, 0.10715716145398665)	(87.0, 0.09181647559401955)	(88.0, 0.08154632225725728)	(89.0, 0.07453668928649779)	(90.0, 0.06500636453853054)	(91.0, 0.048968879519885954)	(92.0, 0.0373509333881519)	(93.0, 0.031930613239475505)	(94.0, 0.028821389901950507)	(95.0, 0.027577700566940505)	(96.0, 0.027152958450296465)	(97.0, 0.018387447121515042)	(98.0, 0.007088751600330437)	(99.0, 0.004530582577536431)	(100.0, 0.004527806485270782)
SRR34661426	(0.0, 0.0007774607671215967)	(1.0, 0.0007629164330427913)	(2.0, 0.0006333396385225251)	(3.0, 0.0004244301126633207)	(4.0, 0.0003424529569464176)	(5.0, 0.00040591914201756836)	(6.0, 0.0004984739952463298)	(7.0, 0.0006201175166327021)	(8.0, 0.0009176152591537213)	(9.0, 0.0016659873581177072)	(10.0, 0.003175953677935502)	(11.0, 0.005085228078825954)	(12.0, 0.007110857152346849)	(13.0, 0.009564882975098011)	(14.0, 0.011897265276462801)	(15.0, 0.014472934620600337)	(16.0, 0.017909364099765353)	(17.0, 0.021878645091090238)	(18.0, 0.02617054585652681)	(19.0, 0.03038443610281342)	(20.0, 0.035884838808979816)	(21.0, 0.043369882010808665)	(22.0, 0.05454389721989814)	(23.0, 0.07027822226878759)	(24.0, 0.08945029900903105)	(25.0, 0.11495841655887772)	(26.0, 0.1469612403810055)	(27.0, 0.19486631020002346)	(28.0, 0.27012001693595145)	(29.0, 0.34599251897632327)	(30.0, 0.4767778154373192)	(31.0, 0.6344899631269398)	(32.0, 0.7137962502220986)	(33.0, 0.8183025794270712)	(34.0, 1.0529092991791469)	(35.0, 1.2366875379623647)	(36.0, 1.332257034982006)	(37.0, 1.4914817934158224)	(38.0, 1.6450501281051724)	(39.0, 1.9175223605253235)	(40.0, 2.24690657219584)	(41.0, 2.4138226389329667)	(42.0, 2.4683916581844554)	(43.0, 2.4646802085699817)	(44.0, 2.474974952673398)	(45.0, 2.4597470348928887)	(46.0, 2.352709991558204)	(47.0, 2.45778354979225)	(48.0, 2.556051681889604)	(49.0, 2.648027406179591)	(50.0, 2.7976264598776166)	(51.0, 2.609125279155354)	(52.0, 2.2164560254835775)	(53.0, 2.0591524413603524)	(54.0, 2.0864124900606003)	(55.0, 2.0068867157420707)	(56.0, 2.1600015316506)	(57.0, 2.395562888603121)	(58.0, 2.709791904163522)	(59.0, 3.011602702845001)	(60.0, 2.9551495312242126)	(61.0, 3.265351088456974)	(62.0, 3.574899472868378)	(63.0, 3.1446331156028893)	(64.0, 2.7254720185126633)	(65.0, 2.612190167009415)	(66.0, 2.0951245461738046)	(67.0, 1.6062643557535654)	(68.0, 1.5725453005101384)	(69.0, 1.4883904613179815)	(70.0, 1.4993145784233535)	(71.0, 1.5009580881742586)	(72.0, 1.3602403337496274)	(73.0, 1.2743877741068173)	(74.0, 1.241000594122825)	(75.0, 1.1737185046742713)	(76.0, 1.103576470260949)	(77.0, 0.8840813136167519)	(78.0, 0.5584601178360792)	(79.0, 0.3892381130413675)	(80.0, 0.3436336924311788)	(81.0, 0.32349507858078924)	(82.0, 0.30615955457104227)	(83.0, 0.266272379466013)	(84.0, 0.2117007157901462)	(85.0, 0.17509923797473798)	(86.0, 0.14647069965889306)	(87.0, 0.1262368865308968)	(88.0, 0.11426689958403999)	(89.0, 0.10596737367379805)	(90.0, 0.09185540298078987)	(91.0, 0.06736009996770365)	(92.0, 0.050655271172101175)	(93.0, 0.04423064214583614)	(94.0, 0.04066066923558391)	(95.0, 0.03914938070357714)	(96.0, 0.038611240342661335)	(97.0, 0.025791070958288885)	(98.0, 0.009459105999979426)	(99.0, 0.005907644060372949)	(100.0, 0.005907644060372949)
SRR34661427	(0.0, 0.001023197155251553)	(1.0, 0.0009945580491249192)	(2.0, 0.0007667469776630593)	(3.0, 0.0005155039102794083)	(4.0, 0.0005115985776257765)	(5.0, 0.0006105336715177841)	(6.0, 0.0007446167592924787)	(7.0, 0.0009268656164619666)	(8.0, 0.0014150321981659516)	(9.0, 0.0026230817656894135)	(10.0, 0.004911606700717696)	(11.0, 0.00776510309297139)	(12.0, 0.01079433945463852)	(13.0, 0.0144913877000767)	(14.0, 0.017808316900561377)	(15.0, 0.021483234927628977)	(16.0, 0.026101941679324284)	(17.0, 0.03126218789232321)	(18.0, 0.03757580901569475)	(19.0, 0.04438280383097512)	(20.0, 0.05293808589753136)	(21.0, 0.06375065023788683)	(22.0, 0.07899837069521691)	(23.0, 0.10081746423105822)	(24.0, 0.1282784616738464)	(25.0, 0.16609509953651513)	(26.0, 0.21119518279820731)	(27.0, 0.27533896985655976)	(28.0, 0.38262496673958357)	(29.0, 0.49463120902329716)	(30.0, 0.6741515404454475)	(31.0, 0.8838314541740456)	(32.0, 0.987648213883093)	(33.0, 1.1229601796661306)	(34.0, 1.4095022471284089)	(35.0, 1.6281579170726042)	(36.0, 1.7462877209572125)	(37.0, 1.9520922429158567)	(38.0, 2.1504857452754584)	(39.0, 2.522794124921698)	(40.0, 2.9678093843581532)	(41.0, 3.154587125628303)	(42.0, 3.19302601316045)	(43.0, 3.1709712978878395)	(44.0, 3.154963339340603)	(45.0, 3.115398414226658)	(46.0, 2.9447835430323397)	(47.0, 2.9100404019680797)	(48.0, 2.8716236446543024)	(49.0, 2.901738966524009)	(50.0, 3.07924935340709)	(51.0, 2.9324335794040044)	(52.0, 2.4515634608745547)	(53.0, 2.134066425022039)	(54.0, 2.0785547249057643)	(55.0, 1.9646947513891269)	(56.0, 2.0753093934705964)	(57.0, 2.268467146519229)	(58.0, 2.3840923303953083)	(59.0, 2.4628420615782436)	(60.0, 2.3882463025612215)	(61.0, 2.4468952865759137)	(62.0, 2.4864797383531263)	(63.0, 2.194035411473659)	(64.0, 1.9074295569113713)	(65.0, 1.7925607057925457)	(66.0, 1.4953102161940086)	(67.0, 1.2403948343383924)	(68.0, 1.2169966846329325)	(69.0, 1.1373461233845592)	(70.0, 1.1097692677397133)	(71.0, 1.0760115722817192)	(72.0, 0.9790734051532687)	(73.0, 0.9265024205251788)	(74.0, 0.8852595041477236)	(75.0, 0.8259843651308989)	(76.0, 0.7706471032064864)	(77.0, 0.6392886358464757)	(78.0, 0.4400060194193968)	(79.0, 0.32144532716533775)	(80.0, 0.28827473338293974)	(81.0, 0.2727601485276115)	(82.0, 0.25960959170528175)	(83.0, 0.22965178491927157)	(84.0, 0.18616720759863176)	(85.0, 0.15614561371261232)	(86.0, 0.1342171708624693)	(87.0, 0.11791891592131222)	(88.0, 0.10600374599508136)	(89.0, 0.09754609724486592)	(90.0, 0.08384749207347648)	(91.0, 0.061995854098854906)	(92.0, 0.04766718859267953)	(93.0, 0.0420278882408351)	(94.0, 0.039160072295518086)	(95.0, 0.037729418766737605)	(96.0, 0.037207405968702145)	(97.0, 0.02505921786080457)	(98.0, 0.009538124117720266)	(99.0, 0.00614439004171416)	(100.0, 0.0061417864866117385)
SRR34661428	(0.0, 0.00045705889415638564)	(1.0, 0.00044701364373536624)	(2.0, 0.0003515837647356813)	(3.0, 0.00022350682186768312)	(4.0, 0.00018834844539411497)	(5.0, 0.00023857469749921233)	(6.0, 0.00032898195128838747)	(7.0, 0.00043864260171785)	(8.0, 0.0006412218185417426)	(9.0, 0.000956810102602104)	(10.0, 0.0014473531648285546)	(11.0, 0.002101968650598323)	(12.0, 0.0029256791851219196)	(13.0, 0.004075023254126896)	(14.0, 0.005309751951710539)	(15.0, 0.007367354079616027)	(16.0, 0.0102436441168346)	(17.0, 0.013895092644875177)	(18.0, 0.01966608901175086)	(19.0, 0.026367945250974346)	(20.0, 0.03499848957103357)	(21.0, 0.0472712742729141)	(22.0, 0.06622247629636907)	(23.0, 0.09135652995396153)	(24.0, 0.12158771109601961)	(25.0, 0.1591385313781939)	(26.0, 0.20247206748606836)	(27.0, 0.25716845602851934)	(28.0, 0.3368097126789669)	(29.0, 0.4372521716387406)	(30.0, 0.5434915771956441)	(31.0, 0.6530065714940019)	(32.0, 0.7538299128655725)	(33.0, 0.9215177894562557)	(34.0, 1.1729579414321887)	(35.0, 1.3209010412161564)	(36.0, 1.3963199442729688)	(37.0, 1.4960542130780605)	(38.0, 1.618323326994306)	(39.0, 1.7899539643752393)	(40.0, 1.9775975680314795)	(41.0, 2.0793023801274946)	(42.0, 2.1032150987547316)	(43.0, 2.2530542395556665)	(44.0, 2.4207588582303847)	(45.0, 2.428606710121806)	(46.0, 2.4358166886114927)	(47.0, 2.583774856271092)	(48.0, 2.752144135682001)	(49.0, 3.0236161912058503)	(50.0, 3.2014891146192457)	(51.0, 2.9604767696845324)	(52.0, 2.4977933723965777)	(53.0, 2.2147257494700647)	(54.0, 2.236410096712239)	(55.0, 2.243508740343093)	(56.0, 2.480369048437118)	(57.0, 2.7812376922138786)	(58.0, 2.852888789258607)	(59.0, 2.9145440250302195)	(60.0, 2.7816026696458422)	(61.0, 2.648561698861457)	(62.0, 2.5635864142374483)	(63.0, 2.249729261666309)	(64.0, 1.9318364297385253)	(65.0, 1.7399009928399045)	(66.0, 1.4955050727217114)	(67.0, 1.3820163447776388)	(68.0, 1.42323117015088)	(69.0, 1.370630890529615)	(70.0, 1.3664127224569884)	(71.0, 1.3289615175748228)	(72.0, 1.305328391750971)	(73.0, 1.3536627883601096)	(74.0, 1.3798951227304002)	(75.0, 1.3846800103476125)	(76.0, 1.3172906107940017)	(77.0, 1.1793023541772643)	(78.0, 0.879634117825815)	(79.0, 0.5926337793594731)	(80.0, 0.4893677679271913)	(81.0, 0.46756371478416675)	(82.0, 0.4524045947946467)	(83.0, 0.40268311652320554)	(84.0, 0.34619951051001485)	(85.0, 0.30917690297914585)	(86.0, 0.26950569775393474)	(87.0, 0.24288996965924192)	(88.0, 0.22373618841896306)	(89.0, 0.20714562024444766)	(90.0, 0.18513396525938877)	(91.0, 0.15073316808840584)	(92.0, 0.12311040363900581)	(93.0, 0.10666632869979695)	(94.0, 0.09476940378450288)	(95.0, 0.09045664293707853)	(96.0, 0.089144063548732)	(97.0, 0.06177075615145395)	(98.0, 0.024485297901234947)	(99.0, 0.014513712649969623)	(100.0, 0.014505341607952109)
SRR34661429	(0.0, 0.0009829623011508774)	(1.0, 0.0009749923365469515)	(2.0, 0.0008288763188083074)	(3.0, 0.0006349405134461074)	(4.0, 0.0006017323275964155)	(5.0, 0.0006827603010696636)	(6.0, 0.000806294752430517)	(7.0, 0.0009816339737168897)	(8.0, 0.001300432557873931)	(9.0, 0.0018530167704128026)	(10.0, 0.0027097879653348515)	(11.0, 0.0038521495585642496)	(12.0, 0.005266818275761121)	(13.0, 0.0073642472940276555)	(14.0, 0.009898696038076134)	(15.0, 0.013748188941772408)	(16.0, 0.019289970996368977)	(17.0, 0.02671664967979405)	(18.0, 0.03696735248787692)	(19.0, 0.049001999039805226)	(20.0, 0.06345951483132706)	(21.0, 0.08037310804829209)	(22.0, 0.10482363112570318)	(23.0, 0.13982373068384435)	(24.0, 0.18224386728824066)	(25.0, 0.22945395261959653)	(26.0, 0.2853898208648174)	(27.0, 0.366245111771647)	(28.0, 0.47996455172276564)	(29.0, 0.6121065648558592)	(30.0, 0.7320598454546821)	(31.0, 0.8268957826042318)	(32.0, 0.9113349009279603)	(33.0, 1.0741519794941312)	(34.0, 1.315220827196516)	(35.0, 1.4581820672794392)	(36.0, 1.5304590196175765)	(37.0, 1.6291630462548983)	(38.0, 1.7519868424385683)	(39.0, 1.9904402134234316)	(40.0, 2.2365487354103655)	(41.0, 2.2650081506835513)	(42.0, 2.217094051812182)	(43.0, 2.3248904797351493)	(44.0, 2.4428618958024626)	(45.0, 2.4495553377423267)	(46.0, 2.4594726303644787)	(47.0, 2.593516808383043)	(48.0, 2.8131318396990923)	(49.0, 3.145687911089944)	(50.0, 3.3379965153455093)	(51.0, 3.0834119360023)	(52.0, 2.5120332185999366)	(53.0, 2.1366810939408705)	(54.0, 2.1446098803943427)	(55.0, 2.217722350688458)	(56.0, 2.4827595386097165)	(57.0, 2.705848146165644)	(58.0, 2.6896717746745424)	(59.0, 2.688528084753879)	(60.0, 2.600268696730002)	(61.0, 2.406731389597998)	(62.0, 2.2427719494385974)	(63.0, 2.0156810913240655)	(64.0, 1.782542358402587)	(65.0, 1.6325675494682088)	(66.0, 1.4817691775247583)	(67.0, 1.4131849754531067)	(68.0, 1.4113691518508455)	(69.0, 1.355079948508184)	(70.0, 1.3453247118329785)	(71.0, 1.3137516970545255)	(72.0, 1.2462195303105923)	(73.0, 1.2332324729884947)	(74.0, 1.244868621310227)	(75.0, 1.2332510695725707)	(76.0, 1.168990573298549)	(77.0, 1.0324331997748804)	(78.0, 0.7550492083547067)	(79.0, 0.5110022505453216)	(80.0, 0.4244537482564208)	(81.0, 0.3983069510458075)	(82.0, 0.3809975162535141)	(83.0, 0.34049282780892803)	(84.0, 0.29342088853070686)	(85.0, 0.2605514261766819)	(86.0, 0.22637754628248105)	(87.0, 0.2022059719662074)	(88.0, 0.1808159152967039)	(89.0, 0.16397272343374023)	(90.0, 0.14839277096049883)	(91.0, 0.1228264528385381)	(92.0, 0.10199695034617741)	(93.0, 0.09120561827246156)	(94.0, 0.08329542840306497)	(95.0, 0.07934631094181963)	(96.0, 0.07816144287070262)	(97.0, 0.05416520777571531)	(98.0, 0.021626498952753294)	(99.0, 0.0130162805256452)	(100.0, 0.01300963888847526)
SRR34661430	(0.0, 0.0006065722666396081)	(1.0, 0.000605666934898355)	(2.0, 0.0004997431211717368)	(3.0, 0.00036394335998376484)	(4.0, 0.0003603220330187523)	(5.0, 0.0004363698992840166)	(6.0, 0.0005178497559967998)	(7.0, 0.0006074775983808613)	(8.0, 0.0008319998702116416)	(9.0, 0.0013589029436209727)	(10.0, 0.0023638211764119652)	(11.0, 0.0037507894040117854)	(12.0, 0.0054184104714000815)	(13.0, 0.007601165299561418)	(14.0, 0.009555776528926961)	(15.0, 0.011622648894207895)	(16.0, 0.01457674636591691)	(17.0, 0.01814465875819556)	(18.0, 0.02245494317830179)	(19.0, 0.027128265626650536)	(20.0, 0.033036460570068565)	(21.0, 0.04109391306722157)	(22.0, 0.05240512784243838)	(23.0, 0.06797773912373375)	(24.0, 0.08779364027628261)	(25.0, 0.11766053442022392)	(26.0, 0.15275209804293713)	(27.0, 0.19661179957968705)	(28.0, 0.2705384735751952)	(29.0, 0.3484232579434622)	(30.0, 0.47466090528031846)	(31.0, 0.6255163333253302)	(32.0, 0.7042122949337599)	(33.0, 0.811502254257929)	(34.0, 1.0308442178652588)	(35.0, 1.2039318774802241)	(36.0, 1.307430307472025)	(37.0, 1.4883083467204739)	(38.0, 1.6670353177517048)	(39.0, 1.982509932304)	(40.0, 2.3608462563102077)	(41.0, 2.54245670893733)	(42.0, 2.615085137215881)	(43.0, 2.6376921761267136)	(44.0, 2.6897351712726505)	(45.0, 2.798302553683728)	(46.0, 2.7979766342568766)	(47.0, 2.9316542978433513)	(48.0, 3.095881475706672)	(49.0, 3.2321511040683544)	(50.0, 3.306319501638777)	(51.0, 3.040658955485454)	(52.0, 2.6014390718799723)	(53.0, 2.3821604814945303)	(54.0, 2.363852863022909)	(55.0, 2.2427484466589584)	(56.0, 2.3541160201457316)	(57.0, 2.5319159314739195)	(58.0, 2.671365990242624)	(59.0, 2.766069122368151)	(60.0, 2.6352287684587634)	(61.0, 2.569077988788879)	(62.0, 2.512530062898466)	(63.0, 2.219447018302585)	(64.0, 1.9372641678713918)	(65.0, 1.8154418234366272)	(66.0, 1.591717148869891)	(67.0, 1.3961455754609033)	(68.0, 1.3465306800450072)	(69.0, 1.2630599988332083)	(70.0, 1.2174014031265885)	(71.0, 1.1859755277242094)	(72.0, 1.136893872703911)	(73.0, 1.1191747198641047)	(74.0, 1.0858422158146463)	(75.0, 1.0184864395971536)	(76.0, 0.9434371542424914)	(77.0, 0.8291290632601278)	(78.0, 0.6552537650302723)	(79.0, 0.5254147080267111)	(80.0, 0.4798928174130203)	(81.0, 0.4582716847684127)	(82.0, 0.44003106084564436)	(83.0, 0.39149984752402817)	(84.0, 0.32438307888622614)	(85.0, 0.27916719040107896)	(86.0, 0.24329342015392305)	(87.0, 0.21919439453350556)	(88.0, 0.2060154803760835)	(89.0, 0.19358799156390155)	(90.0, 0.17161196887672267)	(91.0, 0.1400747376701693)	(92.0, 0.12265615496845879)	(93.0, 0.11776555290220929)	(94.0, 0.11316103566619579)	(95.0, 0.10841981333725306)	(96.0, 0.10577624465279387)	(97.0, 0.07216942508573583)	(98.0, 0.026292644429473877)	(99.0, 0.013904084882165822)	(100.0, 0.01390046355520081)
SRR34661431	(0.0, 0.0005970022248002628)	(1.0, 0.0005812363209763122)	(2.0, 0.000444598487835407)	(3.0, 0.0002827352085761808)	(4.0, 0.00023964173812404915)	(5.0, 0.00027642884704660056)	(6.0, 0.00035105412514663346)	(7.0, 0.00043619000579596666)	(8.0, 0.0006253808516833739)	(9.0, 0.001022681628046929)	(10.0, 0.0017836492526162782)	(11.0, 0.003004981268844985)	(12.0, 0.004546886662827354)	(13.0, 0.006369425144876043)	(14.0, 0.008038508829704949)	(15.0, 0.010181620689507299)	(16.0, 0.013006870654759247)	(17.0, 0.01623257457713954)	(18.0, 0.020356935017485017)	(19.0, 0.024695711749836223)	(20.0, 0.029964676807800517)	(21.0, 0.037008882636341646)	(22.0, 0.046900410695488254)	(23.0, 0.060452781622556184)	(24.0, 0.07788251383006105)	(25.0, 0.10668051375488921)	(26.0, 0.1407653467620155)	(27.0, 0.18188702817589839)	(28.0, 0.24916854827473503)	(29.0, 0.32016766849525924)	(30.0, 0.4313551286232885)	(31.0, 0.5648082491917557)	(32.0, 0.6405749787286426)	(33.0, 0.7446709353166588)	(34.0, 0.9551320875830852)	(35.0, 1.115620580028863)	(36.0, 1.2090997769818308)	(37.0, 1.3718417426141785)	(38.0, 1.5309943374759403)	(39.0, 1.8064940472571827)	(40.0, 2.1498680751210424)	(41.0, 2.33626835603161)	(42.0, 2.415359589154841)	(43.0, 2.428544088992683)	(44.0, 2.4792304187264294)	(45.0, 2.620809286125761)	(46.0, 2.672251328182802)	(47.0, 2.838018245228838)	(48.0, 3.0518942922635324)	(49.0, 3.2496712493734625)	(50.0, 3.310426736349439)	(51.0, 2.9867001778309863)	(52.0, 2.545390457533256)	(53.0, 2.369893875707332)	(54.0, 2.3917758991547204)	(55.0, 2.2991522652492655)	(56.0, 2.418039792804912)	(57.0, 2.6060629107490922)	(58.0, 2.7476964332816802)	(59.0, 2.8448837708140413)	(60.0, 2.7331192786060554)	(61.0, 2.754308653345445)	(62.0, 2.7593600489306387)	(63.0, 2.4439936236799)	(64.0, 2.1399345046516984)	(65.0, 2.005568012721697)	(66.0, 1.7194673092092303)	(67.0, 1.4616064926262238)	(68.0, 1.40825152090521)	(69.0, 1.3143193169823673)	(70.0, 1.2520608138418412)	(71.0, 1.2129193299482466)	(72.0, 1.148957058134479)	(73.0, 1.1144549542061455)	(74.0, 1.0791813720506935)	(75.0, 1.0082558260480143)	(76.0, 0.9331764899178516)	(77.0, 0.8285402883588014)	(78.0, 0.692174679823923)	(79.0, 0.5910153855881813)	(80.0, 0.5442011618335972)	(81.0, 0.5193225655994033)	(82.0, 0.4965912854660313)	(83.0, 0.4429031276442048)	(84.0, 0.3702275663170672)	(85.0, 0.32142263443964575)	(86.0, 0.2843916795379505)	(87.0, 0.2599513754300623)	(88.0, 0.24459958934655415)	(89.0, 0.2289535063916656)	(90.0, 0.20191813451435509)	(91.0, 0.16381720027314112)	(92.0, 0.14274239110153888)	(93.0, 0.1382123214027904)	(94.0, 0.13423931363915487)	(95.0, 0.12923942000645267)	(96.0, 0.12686402383031078)	(97.0, 0.08766157844193014)	(98.0, 0.032531365950339675)	(99.0, 0.0165321267497946)	(100.0, 0.016531075689539675)
SRR34661432	(0.0, 0.0008818912498259373)	(1.0, 0.0008874327567817557)	(2.0, 0.0008763497428701189)	(3.0, 0.001002221115152277)	(4.0, 0.0011676746799759942)	(5.0, 0.0014146675614353232)	(6.0, 0.0018191975692100574)	(7.0, 0.0023021003182170786)	(8.0, 0.0034428591072648124)	(9.0, 0.005143310098850193)	(10.0, 0.0071208364382264865)	(11.0, 0.009811633887201675)	(12.0, 0.01391076574680554)	(13.0, 0.01850309172547723)	(14.0, 0.022762135642948992)	(15.0, 0.030499662640972966)	(16.0, 0.041669757376200954)	(17.0, 0.05750025946127211)	(18.0, 0.08727635962258537)	(19.0, 0.12330644620546498)	(20.0, 0.173430959908543)	(21.0, 0.22113621000348088)	(22.0, 0.25140946250311613)	(23.0, 0.28427218203882015)	(24.0, 0.36674563841841273)	(25.0, 0.5050157366922887)	(26.0, 0.7663365802078113)	(27.0, 1.4297990420001103)	(28.0, 2.3240581437075836)	(29.0, 3.162549102699402)	(30.0, 3.4133387080673177)	(31.0, 2.8157315149379634)	(32.0, 2.3487170580171237)	(33.0, 2.2676788519390882)	(34.0, 2.068940621407174)	(35.0, 1.9127532478574356)	(36.0, 1.9130018240265965)	(37.0, 1.9637176956862457)	(38.0, 2.079890639151871)	(39.0, 2.551332760130409)	(40.0, 2.986405179314061)	(41.0, 2.643178488059992)	(42.0, 2.2371023998445843)	(43.0, 2.2910568864979837)	(44.0, 2.360660588794614)	(45.0, 2.3787203599636255)	(46.0, 2.4461889987945638)	(47.0, 2.5619376211561433)	(48.0, 2.8355131114825327)	(49.0, 3.1039801240395084)	(50.0, 2.980112402343804)	(51.0, 2.6616902878678284)	(52.0, 2.0533127801479156)	(53.0, 1.5215355230782788)	(54.0, 1.4598910080579053)	(55.0, 1.4432831117113178)	(56.0, 1.6396598686362027)	(57.0, 1.814792071180182)	(58.0, 1.9156767885985553)	(59.0, 2.0406148127805834)	(60.0, 2.00600018540299)	(61.0, 1.882909857968802)	(62.0, 1.7431633439131258)	(63.0, 1.584948570461409)	(64.0, 1.3890135508052879)	(65.0, 1.1779755497630096)	(66.0, 1.0148905833409791)	(67.0, 0.9904944947899147)	(68.0, 1.0068435235972804)	(69.0, 0.954160416968316)	(70.0, 0.9102099336578703)	(71.0, 0.8665666081615472)	(72.0, 0.7239543433658622)	(73.0, 0.6168631381569724)	(74.0, 0.5895585500979541)	(75.0, 0.5393762463937654)	(76.0, 0.4921958561719285)	(77.0, 0.3913491376583951)	(78.0, 0.2707010315040212)	(79.0, 0.22327285675687422)	(80.0, 0.20407391008651637)	(81.0, 0.1963284666499841)	(82.0, 0.19758401379740237)	(83.0, 0.18825924087846185)	(84.0, 0.16999522559593563)	(85.0, 0.15435155145966062)	(86.0, 0.13715704701960735)	(87.0, 0.12115317493120417)	(88.0, 0.10461019338038496)	(89.0, 0.09236583793957905)	(90.0, 0.08147044362058949)	(91.0, 0.0645704306930454)	(92.0, 0.05353887363171287)	(93.0, 0.04861484887954291)	(94.0, 0.04467087921470197)	(95.0, 0.042088536973290645)	(96.0, 0.040323962829787945)	(97.0, 0.030188546607596314)	(98.0, 0.013673272591556184)	(99.0, 0.007038505477740044)	(100.0, 0.007028214107679238)
SRR34661433	(0.0, 0.0006726178681188897)	(1.0, 0.0006838281659208713)	(2.0, 0.0007181597029394395)	(3.0, 0.0008751038721671805)	(4.0, 0.0010320480413949216)	(5.0, 0.0012702668696870283)	(6.0, 0.0016738375905583623)	(7.0, 0.002099128263421035)	(8.0, 0.003191431655501607)	(9.0, 0.004865969889672593)	(10.0, 0.006764013436270585)	(11.0, 0.009535058924197886)	(12.0, 0.014368799207689784)	(13.0, 0.019823309731966405)	(14.0, 0.02420093102364018)	(15.0, 0.030819210588485003)	(16.0, 0.04104930797640575)	(17.0, 0.05702888684951774)	(18.0, 0.08696178326803358)	(19.0, 0.12364538089418016)	(20.0, 0.179325528789397)	(21.0, 0.23260877488582768)	(22.0, 0.25955482758372805)	(23.0, 0.28441716617768514)	(24.0, 0.3655257727058592)	(25.0, 0.505765897565035)	(26.0, 0.7946755905868642)	(27.0, 1.57242993728525)	(28.0, 2.5797592720268026)	(29.0, 3.4369476870191913)	(30.0, 3.5714089033614456)	(31.0, 2.790159746323292)	(32.0, 2.2145221644893445)	(33.0, 2.0774069101424706)	(34.0, 1.8604792399507772)	(35.0, 1.7213769603185027)	(36.0, 1.7441857124838593)	(37.0, 1.8078945355361327)	(38.0, 1.9143818550007674)	(39.0, 2.2883700012598975)	(40.0, 2.640184178466708)	(41.0, 2.4001731038135095)	(42.0, 2.1144625495269205)	(43.0, 2.230676904265612)	(44.0, 2.3659445614059966)	(45.0, 2.4076790988355485)	(46.0, 2.4723029624459087)	(47.0, 2.634078069382691)	(48.0, 2.78096800276928)	(49.0, 2.857599496612788)	(50.0, 2.731389760096404)	(51.0, 2.4594461521542614)	(52.0, 2.019578588930949)	(53.0, 1.6222877367595627)	(54.0, 1.5271340283727313)	(55.0, 1.4548184991829864)	(56.0, 1.5920500603695555)	(57.0, 1.7744254908047041)	(58.0, 1.898866802842825)	(59.0, 1.9857648275421098)	(60.0, 1.9722052717070004)	(61.0, 1.940656691117774)	(62.0, 1.8571911194767334)	(63.0, 1.697217367268007)	(64.0, 1.4773974402434025)	(65.0, 1.2801032053646544)	(66.0, 1.1032453433789187)	(67.0, 1.0253141556339935)	(68.0, 1.0390530762339347)	(69.0, 1.004072042586464)	(70.0, 0.9753638712028146)	(71.0, 0.9561157898768124)	(72.0, 0.8537657709447213)	(73.0, 0.758313588378912)	(74.0, 0.7106572111354635)	(75.0, 0.6385112376999738)	(76.0, 0.5717293917627321)	(77.0, 0.4536001780307394)	(78.0, 0.3312544910379765)	(79.0, 0.28367308266107866)	(80.0, 0.2616623635705006)	(81.0, 0.25294425509862206)	(82.0, 0.24954893615184698)	(83.0, 0.23432675302398134)	(84.0, 0.2088807783007086)	(85.0, 0.18812841513840298)	(86.0, 0.1676240798149662)	(87.0, 0.1502600291633095)	(88.0, 0.13219533489902893)	(89.0, 0.11745309264581062)	(90.0, 0.10190511023807493)	(91.0, 0.07816520271154123)	(92.0, 0.06337952055434025)	(93.0, 0.05636327541752509)	(94.0, 0.05061799779400957)	(95.0, 0.046840828078354435)	(96.0, 0.04450838549192966)	(97.0, 0.03273967473068696)	(98.0, 0.01462523476991011)	(99.0, 0.008051796396273209)	(100.0, 0.008032178375119742)
SRR34661434	(0.0, 0.0006069809860683596)	(1.0, 0.0006156521430121932)	(2.0, 0.0006747736676292413)	(3.0, 0.0009672281427349054)	(4.0, 0.001250223173901842)	(5.0, 0.0016041640346092362)	(6.0, 0.0021472937740911837)	(7.0, 0.0027006712445067534)	(8.0, 0.00394379983545455)	(9.0, 0.005813616587343054)	(10.0, 0.008195819885912642)	(11.0, 0.011455386609799221)	(12.0, 0.017409318282233403)	(13.0, 0.023759758313099254)	(14.0, 0.02834049404042813)	(15.0, 0.03553124800785096)	(16.0, 0.046699698151508776)	(17.0, 0.06520631193063459)	(18.0, 0.1005869971224608)	(19.0, 0.14399244392230767)	(20.0, 0.21416654049476405)	(21.0, 0.27846238094629616)	(22.0, 0.30124623995971667)	(23.0, 0.3150412623703612)	(24.0, 0.3963727730685469)	(25.0, 0.5525135078691656)	(26.0, 0.8994535917749062)	(27.0, 1.8724590898953897)	(28.0, 3.1789533426407433)	(29.0, 4.276488478779602)	(30.0, 4.349278111601117)	(31.0, 3.210927839727632)	(32.0, 2.4003717372279043)	(33.0, 2.2430871979976943)	(34.0, 1.9861466285859934)	(35.0, 1.7758450592271946)	(36.0, 1.7642194026264983)	(37.0, 1.821431696141913)	(38.0, 1.9282422190890616)	(39.0, 2.279058310148696)	(40.0, 2.6166934543667084)	(41.0, 2.3924817726960104)	(42.0, 2.1092139942288406)	(43.0, 2.211054367673183)	(44.0, 2.324648100211394)	(45.0, 2.3475226122292274)	(46.0, 2.4099076450051364)	(47.0, 2.51188675696058)	(48.0, 2.648414123041242)	(49.0, 2.7840050041719695)	(50.0, 2.68080404737444)	(51.0, 2.4095718347453117)	(52.0, 1.9226304039724116)	(53.0, 1.4806970074599777)	(54.0, 1.386971260341074)	(55.0, 1.3287594189161336)	(56.0, 1.4624166320483865)	(57.0, 1.6174316930202965)	(58.0, 1.7294677704565973)	(59.0, 1.8587405313232497)	(60.0, 1.8255568019861932)	(61.0, 1.7395554791302554)	(62.0, 1.649553599775231)	(63.0, 1.5072528197439659)	(64.0, 1.345320540391861)	(65.0, 1.1876631414130665)	(66.0, 1.0279554079605524)	(67.0, 0.9653465016780935)	(68.0, 0.9724536972240575)	(69.0, 0.924309857297903)	(70.0, 0.8796258089923382)	(71.0, 0.841597267784663)	(72.0, 0.7361749182355226)	(73.0, 0.6536262924172207)	(74.0, 0.6302157452428595)	(75.0, 0.579885197192869)	(76.0, 0.5236511678381176)	(77.0, 0.41877746603742344)	(78.0, 0.2972338591557063)	(79.0, 0.24607482147408233)	(80.0, 0.22883419660875626)	(81.0, 0.2264228266913756)	(82.0, 0.22777237402663406)	(83.0, 0.21247093516874715)	(84.0, 0.18864811389605637)	(85.0, 0.17130974144336342)	(86.0, 0.15287328520678317)	(87.0, 0.13688367180235383)	(88.0, 0.12097761681938322)	(89.0, 0.10818056574427445)	(90.0, 0.09581076622039822)	(91.0, 0.075708659563607)	(92.0, 0.06186633993326882)	(93.0, 0.05512333297894577)	(94.0, 0.04995532344042088)	(95.0, 0.04692278337106377)	(96.0, 0.04497650278067055)	(97.0, 0.033538458484759)	(98.0, 0.015182407521657927)	(99.0, 0.008072847114709182)	(100.0, 0.008053139939836834)
SRR34661435	(0.0, 0.0006241251814460808)	(1.0, 0.0006282983810248436)	(2.0, 0.0006324715806036064)	(3.0, 0.0007145445056526081)	(4.0, 0.0008142376067008305)	(5.0, 0.0010317076736385809)	(6.0, 0.0013748374167812999)	(7.0, 0.0017244588037132055)	(8.0, 0.0025799647173595794)	(9.0, 0.0038866398743544204)	(10.0, 0.005476165225020961)	(11.0, 0.0077343298859737205)	(12.0, 0.01172622712748138)	(13.0, 0.016137762771075745)	(14.0, 0.01970538472207585)	(15.0, 0.025309528067512202)	(16.0, 0.03358451914335675)	(17.0, 0.04665868973477851)	(18.0, 0.07215879391638756)	(19.0, 0.10429428542822945)	(20.0, 0.15470329051778944)	(21.0, 0.1995178897275969)	(22.0, 0.2151766619247991)	(23.0, 0.2239482637505164)	(24.0, 0.27803432135780853)	(25.0, 0.3853277462166422)	(26.0, 0.6247905749344724)	(27.0, 1.2997754670246195)	(28.0, 2.2086287819528443)	(29.0, 3.009981866798666)	(30.0, 3.127815402726928)	(31.0, 2.382415186766632)	(32.0, 1.833246697710078)	(33.0, 1.6958867609527848)	(34.0, 1.4918098825298107)	(35.0, 1.366189619876419)	(36.0, 1.3877377040569399)	(37.0, 1.4339011741083718)	(38.0, 1.5254277872697974)	(39.0, 1.9113096416527309)	(40.0, 2.283884089956674)	(41.0, 2.056469288422732)	(42.0, 1.7824519035039037)	(43.0, 1.855032190577746)	(44.0, 1.963774179379253)	(45.0, 2.0879189841371306)	(46.0, 2.255472483535615)	(47.0, 2.424503295584981)	(48.0, 2.5559716019147456)	(49.0, 2.6131064136587447)	(50.0, 2.4855984737292265)	(51.0, 2.26038016624024)	(52.0, 1.9545194137800832)	(53.0, 1.7108272791335977)	(54.0, 1.658451305975914)	(55.0, 1.6447261162502054)	(56.0, 1.8689349731299734)	(57.0, 2.132163709760016)	(58.0, 2.323395016190716)	(59.0, 2.443869723763493)	(60.0, 2.387044192477164)	(61.0, 2.285694794885015)	(62.0, 2.1442455862293763)	(63.0, 1.8881256632373353)	(64.0, 1.584949669172849)	(65.0, 1.389975930097683)	(66.0, 1.2588581725325345)	(67.0, 1.2142480601020864)	(68.0, 1.2408100117320697)	(69.0, 1.203724641830973)	(70.0, 1.1756524556423198)	(71.0, 1.1840442963063695)	(72.0, 1.1198053078127899)	(73.0, 1.039597802975495)	(74.0, 0.9585487028898163)	(75.0, 0.8443620797045508)	(76.0, 0.7567017041084279)	(77.0, 0.6436868226271103)	(78.0, 0.5438240114626849)	(79.0, 0.506261505743083)	(80.0, 0.4830191025335847)	(81.0, 0.46375236745612103)	(82.0, 0.4470062449242301)	(83.0, 0.42312951537875976)	(84.0, 0.39588872328396457)	(85.0, 0.3706844525836056)	(86.0, 0.3406921308998795)	(87.0, 0.3203079057129915)	(88.0, 0.2977169853266222)	(89.0, 0.2670142923368223)	(90.0, 0.23183468357669393)	(91.0, 0.189233271210157)	(92.0, 0.16174579665137273)	(93.0, 0.14839202168817386)	(94.0, 0.14305218098272582)	(95.0, 0.1377485080069604)	(96.0, 0.1309104886527365)	(97.0, 0.10541548504839039)	(98.0, 0.051923412847808825)	(99.0, 0.023265123962760516)	(100.0, 0.023233593121498756)
SRR34661436	(0.0, 0.0014196994420287582)	(1.0, 0.0014369707247784997)	(2.0, 0.0014697861620030087)	(3.0, 0.0017081298639494424)	(4.0, 0.001985333952082795)	(5.0, 0.0024343873035760763)	(6.0, 0.0031805067183649123)	(7.0, 0.003977576417265487)	(8.0, 0.005341144190357585)	(9.0, 0.007505235918900206)	(10.0, 0.010134788717548361)	(11.0, 0.013221166944927181)	(12.0, 0.017565758120624678)	(13.0, 0.022882722515132625)	(14.0, 0.02829467896476415)	(15.0, 0.03662893645565195)	(16.0, 0.04830691428688972)	(17.0, 0.06566887127106745)	(18.0, 0.09712333141489682)	(19.0, 0.13438698751160177)	(20.0, 0.1902000012815292)	(21.0, 0.24274615191934296)	(22.0, 0.2661098796590559)	(23.0, 0.28362209680315636)	(24.0, 0.3490206724991904)	(25.0, 0.4688436508320726)	(26.0, 0.7075975457438127)	(27.0, 1.320215989826109)	(28.0, 2.1453610224005257)	(29.0, 2.8789103976041)	(30.0, 3.003762773473707)	(31.0, 2.357232165712293)	(32.0, 1.9104905754150647)	(33.0, 1.8609349473853687)	(34.0, 1.7147508101915558)	(35.0, 1.617437494666412)	(36.0, 1.6581139562344658)	(37.0, 1.729928813472029)	(38.0, 1.8574349219361335)	(39.0, 2.3697909789637674)	(40.0, 2.858604550475229)	(41.0, 2.538916561034062)	(42.0, 2.156243657661138)	(43.0, 2.237861694987454)	(44.0, 2.326942653589934)	(45.0, 2.36109229740686)	(46.0, 2.4382759328871804)	(47.0, 2.6584666530994983)	(48.0, 2.9735173031223594)	(49.0, 3.226526051251599)	(50.0, 3.1189656836710333)	(51.0, 2.754894815383718)	(52.0, 2.195320798446566)	(53.0, 1.7259408742851134)	(54.0, 1.6295861149525803)	(55.0, 1.5725684292108584)	(56.0, 1.7303096452566606)	(57.0, 1.9033109031759972)	(58.0, 1.9764133345425534)	(59.0, 2.048980356143868)	(60.0, 1.9674054970244257)	(61.0, 1.8454831942733125)	(62.0, 1.7500239509513533)	(63.0, 1.5855391625559143)	(64.0, 1.397339175816805)	(65.0, 1.2418449536567442)	(66.0, 1.095794668904242)	(67.0, 1.0378659229974712)	(68.0, 1.0463547584689692)	(69.0, 1.0190566325188652)	(70.0, 1.0099175332518393)	(71.0, 0.9965849665331764)	(72.0, 0.8995661263789154)	(73.0, 0.8121345752790362)	(74.0, 0.7695228664788737)	(75.0, 0.695784851907127)	(76.0, 0.6222160959063278)	(77.0, 0.5050105804741689)	(78.0, 0.3776555957341244)	(79.0, 0.324549855535219)	(80.0, 0.3056645714125141)	(81.0, 0.3004685059972543)	(82.0, 0.3028027198608819)	(83.0, 0.2915314807384005)	(84.0, 0.26624804992105383)	(85.0, 0.24422630085099584)	(86.0, 0.21949468751750337)	(87.0, 0.19487879177843417)	(88.0, 0.17133112487743649)	(89.0, 0.15332149479014345)	(90.0, 0.1326477693387028)	(91.0, 0.10260782725207726)	(92.0, 0.0829677880732086)	(93.0, 0.07353334987116228)	(94.0, 0.0685583568750992)	(95.0, 0.06596766446263796)	(96.0, 0.06341583243636366)	(97.0, 0.047240412577093174)	(98.0, 0.021223815807019944)	(99.0, 0.011155521528058088)	(100.0, 0.011146885886683217)
SRR34661437	(0.0, 0.0018687778826540409)	(1.0, 0.0018695090164109478)	(2.0, 0.0016918435134825706)	(3.0, 0.0016099565327089976)	(4.0, 0.001764956889173261)	(5.0, 0.0022358070286213057)	(6.0, 0.002942082237793373)	(7.0, 0.003690032071109133)	(8.0, 0.005194705342823537)	(9.0, 0.007353012193212711)	(10.0, 0.009993136189403532)	(11.0, 0.013437507318191948)	(12.0, 0.018922472762507525)	(13.0, 0.025541426663785706)	(14.0, 0.03116384525439978)	(15.0, 0.03960332221037615)	(16.0, 0.05180667574690925)	(17.0, 0.06944162196350372)	(18.0, 0.10090084525569389)	(19.0, 0.13805560051418883)	(20.0, 0.1947616035661312)	(21.0, 0.2491111625195627)	(22.0, 0.27415322482738097)	(23.0, 0.29237088464823024)	(24.0, 0.36022155955670454)	(25.0, 0.48764208844292556)	(26.0, 0.7519213518832789)	(27.0, 1.446556911645388)	(28.0, 2.409172002791556)	(29.0, 3.2805978983750252)	(30.0, 3.41186565309009)	(31.0, 2.603269736906416)	(32.0, 2.0277351350106843)	(33.0, 1.9516365401905433)	(34.0, 1.7892934074056641)	(35.0, 1.678483506342611)	(36.0, 1.7234708975388493)	(37.0, 1.8062622907697163)	(38.0, 1.9306939448577018)	(39.0, 2.2696877669163715)	(40.0, 2.5860902870203746)	(41.0, 2.41932818180875)	(42.0, 2.196735240652201)	(43.0, 2.305873769946965)	(44.0, 2.424019867126822)	(45.0, 2.461807053085041)	(46.0, 2.520236338402013)	(47.0, 2.7021424171204504)	(48.0, 2.939779166459116)	(49.0, 3.07357883737435)	(50.0, 2.8894340270922636)	(51.0, 2.572845799014006)	(52.0, 2.0877999665418567)	(53.0, 1.654577625893026)	(54.0, 1.581947529615651)	(55.0, 1.52630020824371)	(56.0, 1.6671158386902225)	(57.0, 1.8050603068733615)	(58.0, 1.8517709803346296)	(59.0, 1.90143104737126)	(60.0, 1.8243578512531622)	(61.0, 1.7281494224492968)	(62.0, 1.6482496632269967)	(63.0, 1.508472973849049)	(64.0, 1.3448934938812405)	(65.0, 1.2007665586496967)	(66.0, 1.0632688131920276)	(67.0, 1.0068282116938425)	(68.0, 1.0172753819462852)	(69.0, 0.9945378532402375)	(70.0, 0.9966486363964278)	(71.0, 0.9976502896433901)	(72.0, 0.9040658998930636)	(73.0, 0.8201646456192121)	(74.0, 0.7795816041745807)	(75.0, 0.7086528561495283)	(76.0, 0.6440250188414997)	(77.0, 0.5231532550158938)	(78.0, 0.3807751917308714)	(79.0, 0.31855717128560784)	(80.0, 0.2958510813311071)	(81.0, 0.28367551087733645)	(82.0, 0.27859998033688876)	(83.0, 0.26319718548013105)	(84.0, 0.23932932398590523)	(85.0, 0.2211043528274869)	(86.0, 0.2004622534687343)	(87.0, 0.18315339290772034)	(88.0, 0.16468276080698127)	(89.0, 0.14728031512508322)	(90.0, 0.12834395082119446)	(91.0, 0.10067126925602513)	(92.0, 0.0820880425567224)	(93.0, 0.07228646341162846)	(94.0, 0.06880772899626543)	(95.0, 0.06712246568659502)	(96.0, 0.06375851927106636)	(97.0, 0.04983261460326061)	(98.0, 0.023217152450578666)	(99.0, 0.010301674634818247)	(100.0, 0.010289976494707736)
SRR34661438	(0.0, 0.000985523209544345)	(1.0, 0.0009915842378933261)	(2.0, 0.0010140100427845568)	(3.0, 0.0011400794324433658)	(4.0, 0.0012952417581772848)	(5.0, 0.0016995123490543317)	(6.0, 0.0022795527620518338)	(7.0, 0.0028395917814976975)	(8.0, 0.004125135894316612)	(9.0, 0.006146488848701846)	(10.0, 0.008655754585180067)	(11.0, 0.011957196726870135)	(12.0, 0.01717756044384765)	(13.0, 0.02280037644319752)	(14.0, 0.027521917527053887)	(15.0, 0.0361619134385266)	(16.0, 0.04827790910814004)	(17.0, 0.06607490664925357)	(18.0, 0.0995172366675923)	(19.0, 0.1391606047897737)	(20.0, 0.19976967607391602)	(21.0, 0.25728641069440816)	(22.0, 0.28518047536208946)	(23.0, 0.30954338491365435)	(24.0, 0.39100542423246654)	(25.0, 0.5361658409848967)	(26.0, 0.8445503572782259)	(27.0, 1.6662760939998584)	(28.0, 2.772036165622788)	(29.0, 3.761408734271571)	(30.0, 3.935153566820632)	(31.0, 3.0334677136050643)	(32.0, 2.3629458450026313)	(33.0, 2.236751598159833)	(34.0, 1.9831721124036619)	(35.0, 1.7841655197988824)	(36.0, 1.7814762415204397)	(37.0, 1.8417737759474442)	(38.0, 1.9845128118744564)	(39.0, 2.354260391378541)	(40.0, 2.6972915640231516)	(41.0, 2.5198210173479723)	(42.0, 2.2649026504295113)	(43.0, 2.3261838897575555)	(44.0, 2.3998708419102943)	(45.0, 2.410219441713345)	(46.0, 2.4601895899365207)	(47.0, 2.594295903186079)	(48.0, 2.819126719277363)	(49.0, 3.0050705835844176)	(50.0, 2.8583330872555823)	(51.0, 2.574430882772293)	(52.0, 2.0762792054893717)	(53.0, 1.599087170340062)	(54.0, 1.5004330241093646)	(55.0, 1.4637541049526699)	(56.0, 1.6335313883444873)	(57.0, 1.7775505134588043)	(58.0, 1.8078180768279468)	(59.0, 1.8575142665697482)	(60.0, 1.7887258375286559)	(61.0, 1.6587379930422304)	(62.0, 1.559055896403546)	(63.0, 1.4567942260995348)	(64.0, 1.3013003621149264)	(65.0, 1.1264045402823946)	(66.0, 1.017304211692228)	(67.0, 1.0056240039609063)	(68.0, 1.003720234956491)	(69.0, 0.9411370867390858)	(70.0, 0.8973000931022443)	(71.0, 0.8616370022968387)	(72.0, 0.742269897786333)	(73.0, 0.6402482442049418)	(74.0, 0.5976101219755287)	(75.0, 0.5343323799093299)	(76.0, 0.4709643285207314)	(77.0, 0.37842394158565135)	(78.0, 0.27680595249230217)	(79.0, 0.22933173574323698)	(80.0, 0.21216569125325238)	(81.0, 0.20593616631616954)	(82.0, 0.2033068922183815)	(83.0, 0.1925461424876002)	(84.0, 0.17260475311661716)	(85.0, 0.15464410781008112)	(86.0, 0.13748351824561061)	(87.0, 0.12374134866996551)	(88.0, 0.10898941177138015)	(89.0, 0.0964558112485219)	(90.0, 0.08407191812588348)	(91.0, 0.06628583043579812)	(92.0, 0.05456683212304295)	(93.0, 0.0482912433705078)	(94.0, 0.04406488830276321)	(95.0, 0.04190837441619569)	(96.0, 0.0401949217019387)	(97.0, 0.03034211401783484)	(98.0, 0.013959760493373524)	(99.0, 0.007147770731953542)	(100.0, 0.007136254778090478)
SRR34661439	(0.0, 0.0015513367425253571)	(1.0, 0.0015536226021656203)	(2.0, 0.001458378450487983)	(3.0, 0.0014439013394329822)	(4.0, 0.0015749572921414112)	(5.0, 0.001961267571345908)	(6.0, 0.002576925767790156)	(7.0, 0.003221538186344405)	(8.0, 0.004487904427050272)	(9.0, 0.00660842022000119)	(10.0, 0.00940326460682978)	(11.0, 0.013000445727390786)	(12.0, 0.018415647215174538)	(13.0, 0.024724619822301234)	(14.0, 0.030746336067968175)	(15.0, 0.04075611543268115)	(16.0, 0.055042738184326756)	(17.0, 0.07455483607361425)	(18.0, 0.10669021284964911)	(19.0, 0.14358703525635239)	(20.0, 0.1994206808762102)	(21.0, 0.2536557486543106)	(22.0, 0.2821421314912718)	(23.0, 0.3061360381819022)	(24.0, 0.3775158152151908)	(25.0, 0.5061060873249891)	(26.0, 0.7528791126024669)	(27.0, 1.3698288197434634)	(28.0, 2.1881307591566928)	(29.0, 2.8934700868673904)	(30.0, 2.9972290657050085)	(31.0, 2.3713218365870334)	(32.0, 1.9274581833599873)	(33.0, 1.882867919357371)	(34.0, 1.8165086520473142)	(35.0, 1.7928035256245705)	(36.0, 1.8730471043895864)	(37.0, 1.9839882542169118)	(38.0, 2.141071004789379)	(39.0, 2.5187384486940405)	(40.0, 2.8702823266765596)	(41.0, 2.7049011436567234)	(42.0, 2.448420834440261)	(43.0, 2.549548788831936)	(44.0, 2.6736229642457876)	(45.0, 2.694876125227742)	(46.0, 2.787672883183871)	(47.0, 3.0500575678511335)	(48.0, 3.30122020559113)	(49.0, 3.4095531895689155)	(50.0, 3.1574929709435087)	(51.0, 2.7566705308361934)	(52.0, 2.223042693442434)	(53.0, 1.739509470065045)	(54.0, 1.6288502429266853)	(55.0, 1.5586293967310105)	(56.0, 1.7059941960195046)	(57.0, 1.8491461559909934)	(58.0, 1.8739614482456919)	(59.0, 1.8842531502993705)	(60.0, 1.7759757889061656)	(61.0, 1.6566150560705368)	(62.0, 1.5677271180992585)	(63.0, 1.4315203616681027)	(64.0, 1.2633763362964017)	(65.0, 1.1130886844812242)	(66.0, 0.9728519575042844)	(67.0, 0.9099283372335433)	(68.0, 0.9150981897866055)	(69.0, 0.8856166960529162)	(70.0, 0.8675957406022939)	(71.0, 0.8438296579224763)	(72.0, 0.7431108724064084)	(73.0, 0.6566756618291324)	(74.0, 0.6159926939049397)	(75.0, 0.5511870491970484)	(76.0, 0.49088911969975624)	(77.0, 0.3956373484899848)	(78.0, 0.2849689779130641)	(79.0, 0.23272946560091357)	(80.0, 0.21665149084451493)	(81.0, 0.21023279697465563)	(82.0, 0.20690306143200543)	(83.0, 0.19466075915196862)	(84.0, 0.17244525126146307)	(85.0, 0.1527289499109787)	(86.0, 0.13343019892144914)	(87.0, 0.11756861887766211)	(88.0, 0.1014975017001843)	(89.0, 0.08924148426230594)	(90.0, 0.07752797751238337)	(91.0, 0.059595408634517816)	(92.0, 0.047651792014142096)	(93.0, 0.04178094250473253)	(94.0, 0.038184523337384944)	(95.0, 0.03643355485294326)	(96.0, 0.034911934285741325)	(97.0, 0.025856120344231567)	(98.0, 0.011366056084602531)	(99.0, 0.005771033638451402)	(100.0, 0.005760366293463506)
SRR34661440	(0.0, 0.0007431581124206632)	(1.0, 0.0007445394472021144)	(2.0, 0.000792886164552901)	(3.0, 0.0011527238751208987)	(4.0, 0.0015028922422187392)	(5.0, 0.0019469913744552508)	(6.0, 0.002649400110823108)	(7.0, 0.003291720784197845)	(8.0, 0.0046965382569335605)	(9.0, 0.006925321926804824)	(10.0, 0.009449020572515888)	(11.0, 0.012696538643707298)	(12.0, 0.018294397845537668)	(13.0, 0.024546319066385103)	(14.0, 0.02933816942323879)	(15.0, 0.03740930855125725)	(16.0, 0.049685921421403434)	(17.0, 0.06810809273422533)	(18.0, 0.10453527225587089)	(19.0, 0.14855288640158995)	(20.0, 0.21308815672359213)	(21.0, 0.271325921776959)	(22.0, 0.2938879534297897)	(23.0, 0.3043909324405527)	(24.0, 0.3610339464887344)	(25.0, 0.48489409233710534)	(26.0, 0.7470859378717194)	(27.0, 1.417194923044907)	(28.0, 2.3724853085203983)	(29.0, 3.2363706995051014)	(30.0, 3.3431167980786847)	(31.0, 2.5960053055135086)	(32.0, 2.104138925867029)	(33.0, 2.0703797944757563)	(34.0, 1.9523668387572677)	(35.0, 1.865649403847334)	(36.0, 1.9046734927581073)	(37.0, 1.9863449117114005)	(38.0, 2.115699316652993)	(39.0, 2.4475062911683954)	(40.0, 2.7590525377768644)	(41.0, 2.598354265309366)	(42.0, 2.3777461220355547)	(43.0, 2.473135576703438)	(44.0, 2.5812754420715054)	(45.0, 2.6219440100395968)	(46.0, 2.689355910043971)	(47.0, 2.742818400757861)	(48.0, 2.735736988000752)	(49.0, 2.748180051712063)	(50.0, 2.6267248097181986)	(51.0, 2.381589686064942)	(52.0, 2.0001133661455137)	(53.0, 1.6439506967635666)	(54.0, 1.5345959474552129)	(55.0, 1.4338158338027167)	(56.0, 1.501020533589873)	(57.0, 1.6227057678248495)	(58.0, 1.7355511501259298)	(59.0, 1.839348098941115)	(60.0, 1.823187863332919)	(61.0, 1.789248467752667)	(62.0, 1.710196059545005)	(63.0, 1.5194620435896353)	(64.0, 1.3006109581578293)	(65.0, 1.1551736723558022)	(66.0, 1.0241961990460047)	(67.0, 0.9640411413159837)	(68.0, 0.987127389518375)	(69.0, 0.9615878907441265)	(70.0, 0.9489300294742999)	(71.0, 0.9570336299696826)	(72.0, 0.876115729139671)	(73.0, 0.7927390523986765)	(74.0, 0.7410667715615463)	(75.0, 0.6594029499495512)	(76.0, 0.5819570340927168)	(77.0, 0.45811346426172317)	(78.0, 0.34000105243897)	(79.0, 0.29797048837636825)	(80.0, 0.2796816158699564)	(81.0, 0.2713625271486675)	(82.0, 0.2663980099441324)	(83.0, 0.2508151722745831)	(84.0, 0.22816197252617668)	(85.0, 0.21000639882617486)	(86.0, 0.19140672599393652)	(87.0, 0.17783303976400777)	(88.0, 0.16359009683246606)	(89.0, 0.14849832367772264)	(90.0, 0.129871714817246)	(91.0, 0.101329194228123)	(92.0, 0.08157679752076376)	(93.0, 0.07192748340493747)	(94.0, 0.06661279783330457)	(95.0, 0.06286109256688352)	(96.0, 0.05962255317177154)	(97.0, 0.0461400350374186)	(98.0, 0.021651732031854436)	(99.0, 0.010393853563028403)	(100.0, 0.010380730882604619)
SRR34661441	(0.0, 0.0008026535904106358)	(1.0, 0.000800448498129288)	(2.0, 0.0007960383135665921)	(3.0, 0.00097685588063712)	(4.0, 0.0011841345550838225)	(5.0, 0.0015259238586927471)	(6.0, 0.0020463256370908517)	(7.0, 0.002683597306400395)	(8.0, 0.0040066526752091354)	(9.0, 0.005779546869412847)	(10.0, 0.007850128521598526)	(11.0, 0.010613109150127446)	(12.0, 0.015148983972860077)	(13.0, 0.020220696219960248)	(14.0, 0.024701443735659186)	(15.0, 0.032231833876462265)	(16.0, 0.04334549897445568)	(17.0, 0.06012845632779455)	(18.0, 0.09083877653012676)	(19.0, 0.12740361673943765)	(20.0, 0.18494108963664843)	(21.0, 0.24115550716505046)	(22.0, 0.2690366939704133)	(23.0, 0.29259589990433427)	(24.0, 0.3758866455554072)	(25.0, 0.5210875620976038)	(26.0, 0.8403606684216849)	(27.0, 1.7096190711904342)	(28.0, 2.847700273978306)	(29.0, 3.819539569675359)	(30.0, 3.9457811027825267)	(31.0, 3.0154747202046606)	(32.0, 2.3183083343491457)	(33.0, 2.135329776842897)	(34.0, 1.8634507189218263)	(35.0, 1.6679384168883962)	(36.0, 1.6547144784771526)	(37.0, 1.6885097227810908)	(38.0, 1.7742216597570835)	(39.0, 2.113931561344697)	(40.0, 2.436452768599204)	(41.0, 2.222499279816861)	(42.0, 1.9761640108829241)	(43.0, 2.041339923442724)	(44.0, 2.121435490378124)	(45.0, 2.1799961260938803)	(46.0, 2.2667995837491404)	(47.0, 2.3723705818109524)	(48.0, 2.4750462937073543)	(49.0, 2.5469984548477367)	(50.0, 2.444587354025096)	(51.0, 2.24345427176651)	(52.0, 1.9129285795307105)	(53.0, 1.5993798927690084)	(54.0, 1.5115069653572946)	(55.0, 1.4982256945467363)	(56.0, 1.7036917831381708)	(57.0, 1.912961655914931)	(58.0, 2.024806141517178)	(59.0, 2.0680766673540676)	(60.0, 2.0032690052052526)	(61.0, 1.8990497287119066)	(62.0, 1.7535467145271655)	(63.0, 1.5890799067228325)	(64.0, 1.3780283193827436)	(65.0, 1.196928500500203)	(66.0, 1.054999940903527)	(67.0, 0.9926531617406963)	(68.0, 1.0080072192957217)	(69.0, 0.9932066399033147)	(70.0, 0.9998064811013889)	(71.0, 1.0252334001976116)	(72.0, 0.9633518955061454)	(73.0, 0.8783610237061532)	(74.0, 0.8017913993286288)	(75.0, 0.6964960378019852)	(76.0, 0.6110046100541271)	(77.0, 0.5069815867738212)	(78.0, 0.4080898132322119)	(79.0, 0.3637740736539632)	(80.0, 0.34276395439728036)	(81.0, 0.3326227349953614)	(82.0, 0.3244197917087472)	(83.0, 0.30771180749297417)	(84.0, 0.28749552145757656)	(85.0, 0.26809952975084045)	(86.0, 0.24420073960559188)	(87.0, 0.22783674978570914)	(88.0, 0.20903833808721828)	(89.0, 0.1872498212552197)	(90.0, 0.16341277369384888)	(91.0, 0.1296197344821923)	(92.0, 0.10621047482340298)	(93.0, 0.09338565811508359)	(94.0, 0.08695781411495446)	(95.0, 0.0819787157436709)	(96.0, 0.07666885353018515)	(97.0, 0.060816445119575104)	(98.0, 0.029096192652385548)	(99.0, 0.01269912644828256)	(100.0, 0.01266605006406234)
SRR34661442	(0.0, 0.0011349130695700784)	(1.0, 0.0011309355704944822)	(2.0, 0.0011243064053684888)	(3.0, 0.0013139005279719014)	(4.0, 0.0015406179752808773)	(5.0, 0.0019900753708232332)	(6.0, 0.0027272385328337046)	(7.0, 0.0034557837801803843)	(8.0, 0.00490690802626035)	(9.0, 0.0069944321244356875)	(10.0, 0.009425346976137484)	(11.0, 0.012661042474134887)	(12.0, 0.0178079262779562)	(13.0, 0.023620378260427254)	(14.0, 0.02844243297307489)	(15.0, 0.035794177097801624)	(16.0, 0.04660435666875914)	(17.0, 0.06330322362113663)	(18.0, 0.09383318069238687)	(19.0, 0.12975331192758235)	(20.0, 0.18116116164663634)	(21.0, 0.22871083726236216)	(22.0, 0.25248302340417467)	(23.0, 0.2739011930097469)	(24.0, 0.35051180270480276)	(25.0, 0.48777065538803493)	(26.0, 0.8079891622165855)	(27.0, 1.69733077594285)	(28.0, 2.9046436095199533)	(29.0, 3.93705122457982)	(30.0, 3.999626565870123)	(31.0, 2.9084752669627774)	(32.0, 2.1194110453478783)	(33.0, 1.9777663370172887)	(34.0, 1.7791704710892895)	(35.0, 1.6070627602552223)	(36.0, 1.5980026802775271)	(37.0, 1.6658780390860612)	(38.0, 1.790354535573353)	(39.0, 2.142916076135113)	(40.0, 2.4691518761485276)	(41.0, 2.2505418977886418)	(42.0, 1.98690198947742)	(43.0, 2.0617764208259786)	(44.0, 2.152672218451037)	(45.0, 2.180041389590214)	(46.0, 2.2393067887331077)	(47.0, 2.3084794751567994)	(48.0, 2.314101007183642)	(49.0, 2.3319785396954207)	(50.0, 2.2522296832297197)	(51.0, 2.056227146699009)	(52.0, 1.7641255808358471)	(53.0, 1.5187138878715698)	(54.0, 1.4525428874169284)	(55.0, 1.3957329310367024)	(56.0, 1.5298217169566843)	(57.0, 1.719508647871861)	(58.0, 1.9114793261729424)	(59.0, 2.081077898006821)	(60.0, 2.100140062326615)	(61.0, 2.0976375524915527)	(62.0, 2.01539679285499)	(63.0, 1.7862060040375063)	(64.0, 1.5243625994754288)	(65.0, 1.3643862608219297)	(66.0, 1.2169934034105914)	(67.0, 1.1411842597792683)	(68.0, 1.1679819968845842)	(69.0, 1.1301506773435646)	(70.0, 1.1046635261836575)	(71.0, 1.1050579615086542)	(72.0, 1.001041720266229)	(73.0, 0.8989307010810139)	(74.0, 0.8483349240898943)	(75.0, 0.7682479802027673)	(76.0, 0.6892780506393704)	(77.0, 0.5515989088871502)	(78.0, 0.4133536364331703)	(79.0, 0.3657277254184956)	(80.0, 0.34531652599556173)	(81.0, 0.3378003785757104)	(82.0, 0.33444602102195764)	(83.0, 0.3157226070401018)	(84.0, 0.2869328058144248)	(85.0, 0.2621861323990913)	(86.0, 0.23758927811560518)	(87.0, 0.21939288276126576)	(88.0, 0.20050771715033563)	(89.0, 0.18175380900890017)	(90.0, 0.15962167831925844)	(91.0, 0.12550136541577017)	(92.0, 0.10124458730324754)	(93.0, 0.08841582695142503)	(94.0, 0.08060534459997953)	(95.0, 0.0759821648411117)	(96.0, 0.07240639317215083)	(97.0, 0.05600583865044305)	(98.0, 0.026725479205442586)	(99.0, 0.013499631862573058)	(100.0, 0.013475766868119483)
SRR34661443	(0.0, 0.0007095971377596406)	(1.0, 0.0007285781311565034)	(2.0, 0.0007256579783262169)	(3.0, 0.0006774754566264882)	(4.0, 0.0006782054948340598)	(5.0, 0.0007993918372909532)	(6.0, 0.0009731409306930051)	(7.0, 0.001181931858058496)	(8.0, 0.0016849281830753607)	(9.0, 0.0023697040217775652)	(10.0, 0.0031033924203870706)	(11.0, 0.004002799492115339)	(12.0, 0.005069385313377515)	(13.0, 0.00639732481295034)	(14.0, 0.007842800463942201)	(15.0, 0.010069416997035724)	(16.0, 0.01336626954242928)	(17.0, 0.01805092472041654)	(18.0, 0.025541116730101635)	(19.0, 0.034159217770484925)	(20.0, 0.04531201146755697)	(21.0, 0.0563260979051904)	(22.0, 0.06462152205782702)	(23.0, 0.07624154020774493)	(24.0, 0.09754113495185529)	(25.0, 0.13029502917276478)	(26.0, 0.18322060910708646)	(27.0, 0.28664439193555413)	(28.0, 0.4366555629802063)	(29.0, 0.5967200901813278)	(30.0, 0.6794889020029709)	(31.0, 0.6304690264791574)	(32.0, 0.5900621417282743)	(33.0, 0.6225357012774763)	(34.0, 0.652005153602521)	(35.0, 0.6790662098807868)	(36.0, 0.7173603640589575)	(37.0, 0.7719862029787136)	(38.0, 0.8527466796913271)	(39.0, 0.9784526886912965)	(40.0, 1.1034637013176576)	(41.0, 1.1478215528479183)	(42.0, 1.1726136503770517)	(43.0, 1.3130664311699685)	(44.0, 1.5057038031165215)	(45.0, 2.1135723067656755)	(46.0, 2.734254441034128)	(47.0, 3.9170105122289725)	(48.0, 6.34221641877538)	(49.0, 7.979013182825542)	(50.0, 7.342581934305146)	(51.0, 6.047827781533906)	(52.0, 4.024634934903807)	(53.0, 2.597797889389458)	(54.0, 2.8384476841333757)	(55.0, 3.251806267833556)	(56.0, 4.103418468150317)	(57.0, 4.183101408468555)	(58.0, 3.3277623631021402)	(59.0, 2.750575905240807)	(60.0, 2.242859153173784)	(61.0, 1.7317667044349498)	(62.0, 1.5579394969446878)	(63.0, 1.372395176222901)	(64.0, 1.2138250372326786)	(65.0, 1.0797571706031837)	(66.0, 0.9236187888823825)	(67.0, 0.8484401843048618)	(68.0, 0.8567640799475938)	(69.0, 0.8442431946495325)	(70.0, 0.8419318936843606)	(71.0, 0.8127113843880979)	(72.0, 0.6971543665497895)	(73.0, 0.6086233631557835)	(74.0, 0.5772149293514285)	(75.0, 0.5203544434782956)	(76.0, 0.4692787803619605)	(77.0, 0.39012146755317445)	(78.0, 0.29550851585188903)	(79.0, 0.2529246571660273)	(80.0, 0.23648711688434412)	(81.0, 0.22851363958124657)	(82.0, 0.22540732700802923)	(83.0, 0.21495610002843354)	(84.0, 0.19894855225101005)	(85.0, 0.18995156138089705)	(86.0, 0.17909808334892938)	(87.0, 0.1663143842961423)	(88.0, 0.15158294330555402)	(89.0, 0.13694202705270464)	(90.0, 0.1225551640960902)	(91.0, 0.10579567696486791)	(92.0, 0.09777109698724036)	(93.0, 0.09796090692120898)	(94.0, 0.09852449641745431)	(95.0, 0.09618107377114932)	(96.0, 0.09335436583143189)	(97.0, 0.07251761531092195)	(98.0, 0.03420155998652408)	(99.0, 0.01646966196281635)	(100.0, 0.01646090150432549)
