Sample	0	1	2	3	4	5	6	7	8	9	10	11	12	13	14	15	16	17	18	19	20	21	22	23	24	25	26	27	28	29
SRR34661416	(11.0, 1.0)	(12.0, 1.0)	(13.0, 1.0)	(14.0, 17.0)	(15.0, 56.0)	(16.0, 127.0)	(17.0, 224.0)	(18.0, 349.0)	(19.0, 506.0)	(20.0, 729.0)	(21.0, 1088.0)	(22.0, 1609.0)	(23.0, 2137.0)	(24.0, 2842.0)	(25.0, 3793.0)	(26.0, 4603.0)	(27.0, 5987.0)	(28.0, 7189.0)	(29.0, 9244.0)	(30.0, 11806.0)	(31.0, 14306.0)	(32.0, 21394.0)	(33.0, 28594.0)	(34.0, 42925.0)	(35.0, 65088.0)	(36.0, 108461.0)	(37.0, 184955.0)	(38.0, 400805.0)	(39.0, 1046058.0)	(40.0, 7406699.0)
SRR34661417	(13.0, 3.0)	(14.0, 32.0)	(15.0, 57.0)	(16.0, 159.0)	(17.0, 268.0)	(18.0, 477.0)	(19.0, 619.0)	(20.0, 981.0)	(21.0, 1405.0)	(22.0, 2047.0)	(23.0, 2503.0)	(24.0, 3542.0)	(25.0, 4711.0)	(26.0, 5591.0)	(27.0, 7053.0)	(28.0, 8373.0)	(29.0, 10634.0)	(30.0, 13214.0)	(31.0, 16345.0)	(32.0, 23887.0)	(33.0, 31326.0)	(34.0, 46704.0)	(35.0, 70391.0)	(36.0, 114928.0)	(37.0, 189102.0)	(38.0, 394140.0)	(39.0, 1037243.0)	(40.0, 6939037.0)		
SRR34661418	(12.0, 2.0)	(13.0, 6.0)	(14.0, 26.0)	(15.0, 63.0)	(16.0, 161.0)	(17.0, 270.0)	(18.0, 388.0)	(19.0, 630.0)	(20.0, 873.0)	(21.0, 1308.0)	(22.0, 1984.0)	(23.0, 2562.0)	(24.0, 3409.0)	(25.0, 4386.0)	(26.0, 5290.0)	(27.0, 6452.0)	(28.0, 7767.0)	(29.0, 9464.0)	(30.0, 12226.0)	(31.0, 14963.0)	(32.0, 21368.0)	(33.0, 28204.0)	(34.0, 41518.0)	(35.0, 62603.0)	(36.0, 103202.0)	(37.0, 167790.0)	(38.0, 361932.0)	(39.0, 995131.0)	(40.0, 6214034.0)	
SRR34661419	(12.0, 3.0)	(13.0, 13.0)	(14.0, 20.0)	(15.0, 71.0)	(16.0, 154.0)	(17.0, 276.0)	(18.0, 378.0)	(19.0, 601.0)	(20.0, 836.0)	(21.0, 1205.0)	(22.0, 1751.0)	(23.0, 2062.0)	(24.0, 2843.0)	(25.0, 3642.0)	(26.0, 4319.0)	(27.0, 5500.0)	(28.0, 6535.0)	(29.0, 8204.0)	(30.0, 10324.0)	(31.0, 12481.0)	(32.0, 18375.0)	(33.0, 24058.0)	(34.0, 36577.0)	(35.0, 57483.0)	(36.0, 99422.0)	(37.0, 162216.0)	(38.0, 330933.0)	(39.0, 846964.0)	(40.0, 5550822.0)	
SRR34661420	(12.0, 1.0)	(13.0, 7.0)	(14.0, 15.0)	(15.0, 73.0)	(16.0, 149.0)	(17.0, 308.0)	(18.0, 431.0)	(19.0, 593.0)	(20.0, 973.0)	(21.0, 1273.0)	(22.0, 1810.0)	(23.0, 2301.0)	(24.0, 3174.0)	(25.0, 4201.0)	(26.0, 4863.0)	(27.0, 6116.0)	(28.0, 7738.0)	(29.0, 9504.0)	(30.0, 11699.0)	(31.0, 14233.0)	(32.0, 21048.0)	(33.0, 27247.0)	(34.0, 41536.0)	(35.0, 61794.0)	(36.0, 101811.0)	(37.0, 172177.0)	(38.0, 372878.0)	(39.0, 1005471.0)	(40.0, 6849994.0)	
SRR34661421	(11.0, 1.0)	(12.0, 0.0)	(13.0, 4.0)	(14.0, 16.0)	(15.0, 62.0)	(16.0, 157.0)	(17.0, 339.0)	(18.0, 476.0)	(19.0, 656.0)	(20.0, 991.0)	(21.0, 1412.0)	(22.0, 2018.0)	(23.0, 2527.0)	(24.0, 3554.0)	(25.0, 4608.0)	(26.0, 5593.0)	(27.0, 7134.0)	(28.0, 8617.0)	(29.0, 10813.0)	(30.0, 13685.0)	(31.0, 16776.0)	(32.0, 24595.0)	(33.0, 33258.0)	(34.0, 49866.0)	(35.0, 78014.0)	(36.0, 133596.0)	(37.0, 220279.0)	(38.0, 484048.0)	(39.0, 1334096.0)	(40.0, 8676737.0)
SRR34661422	(12.0, 1.0)	(13.0, 3.0)	(14.0, 14.0)	(15.0, 30.0)	(16.0, 89.0)	(17.0, 177.0)	(18.0, 278.0)	(19.0, 451.0)	(20.0, 614.0)	(21.0, 877.0)	(22.0, 1342.0)	(23.0, 1708.0)	(24.0, 2403.0)	(25.0, 3106.0)	(26.0, 3963.0)	(27.0, 5067.0)	(28.0, 6438.0)	(29.0, 8248.0)	(30.0, 10591.0)	(31.0, 13280.0)	(32.0, 19997.0)	(33.0, 27146.0)	(34.0, 42147.0)	(35.0, 65122.0)	(36.0, 111058.0)	(37.0, 194391.0)	(38.0, 449030.0)	(39.0, 1245481.0)	(40.0, 8434910.0)	
SRR34661423	(12.0, 1.0)	(13.0, 1.0)	(14.0, 8.0)	(15.0, 47.0)	(16.0, 114.0)	(17.0, 195.0)	(18.0, 305.0)	(19.0, 418.0)	(20.0, 603.0)	(21.0, 893.0)	(22.0, 1219.0)	(23.0, 1714.0)	(24.0, 2316.0)	(25.0, 3041.0)	(26.0, 3771.0)	(27.0, 4751.0)	(28.0, 5801.0)	(29.0, 7309.0)	(30.0, 9382.0)	(31.0, 11440.0)	(32.0, 17030.0)	(33.0, 22767.0)	(34.0, 33885.0)	(35.0, 50740.0)	(36.0, 81989.0)	(37.0, 137269.0)	(38.0, 300749.0)	(39.0, 807079.0)	(40.0, 5589112.0)	
SRR34661424	(16.0, 8.0)	(17.0, 18.0)	(18.0, 49.0)	(19.0, 126.0)	(20.0, 243.0)	(21.0, 546.0)	(22.0, 1025.0)	(23.0, 1833.0)	(24.0, 3105.0)	(25.0, 5266.0)	(26.0, 8852.0)	(27.0, 13979.0)	(28.0, 21776.0)	(29.0, 33075.0)	(30.0, 49207.0)	(31.0, 69125.0)	(32.0, 95007.0)	(33.0, 126894.0)	(34.0, 168138.0)	(35.0, 222663.0)	(36.0, 317450.0)	(37.0, 495061.0)	(38.0, 1048908.0)	(39.0, 7160212.0)	(40.0, 3548237.0)					
SRR34661425	(17.0, 6.0)	(18.0, 30.0)	(19.0, 97.0)	(20.0, 220.0)	(21.0, 388.0)	(22.0, 852.0)	(23.0, 1431.0)	(24.0, 2541.0)	(25.0, 4065.0)	(26.0, 6903.0)	(27.0, 10622.0)	(28.0, 16703.0)	(29.0, 25448.0)	(30.0, 37726.0)	(31.0, 52403.0)	(32.0, 72252.0)	(33.0, 95725.0)	(34.0, 124917.0)	(35.0, 164773.0)	(36.0, 228027.0)	(37.0, 354651.0)	(38.0, 716316.0)	(39.0, 5039219.0)	(40.0, 2462187.0)						
SRR34661426	(15.0, 1.0)	(16.0, 6.0)	(17.0, 13.0)	(18.0, 30.0)	(19.0, 100.0)	(20.0, 226.0)	(21.0, 417.0)	(22.0, 866.0)	(23.0, 1426.0)	(24.0, 2518.0)	(25.0, 3984.0)	(26.0, 6642.0)	(27.0, 10291.0)	(28.0, 16248.0)	(29.0, 24587.0)	(30.0, 35899.0)	(31.0, 50292.0)	(32.0, 68987.0)	(33.0, 92322.0)	(34.0, 121996.0)	(35.0, 163342.0)	(36.0, 233302.0)	(37.0, 371467.0)	(38.0, 790634.0)	(39.0, 5306761.0)	(40.0, 1702964.0)				
SRR34661427	(16.0, 5.0)	(17.0, 19.0)	(18.0, 35.0)	(19.0, 104.0)	(20.0, 242.0)	(21.0, 466.0)	(22.0, 958.0)	(23.0, 1595.0)	(24.0, 2599.0)	(25.0, 4336.0)	(26.0, 7036.0)	(27.0, 10894.0)	(28.0, 16986.0)	(29.0, 25584.0)	(30.0, 37787.0)	(31.0, 52861.0)	(32.0, 72709.0)	(33.0, 97195.0)	(34.0, 127537.0)	(35.0, 169377.0)	(36.0, 238262.0)	(37.0, 375892.0)	(38.0, 774518.0)	(39.0, 5497154.0)	(40.0, 2083951.0)					
SRR34661428	(16.0, 2.0)	(17.0, 17.0)	(18.0, 47.0)	(19.0, 141.0)	(20.0, 300.0)	(21.0, 704.0)	(22.0, 1315.0)	(23.0, 2279.0)	(24.0, 3957.0)	(25.0, 6410.0)	(26.0, 10766.0)	(27.0, 16976.0)	(28.0, 26526.0)	(29.0, 40510.0)	(30.0, 59633.0)	(31.0, 84112.0)	(32.0, 115963.0)	(33.0, 154751.0)	(34.0, 204088.0)	(35.0, 272238.0)	(36.0, 382425.0)	(37.0, 595931.0)	(38.0, 1274336.0)	(39.0, 8115672.0)	(40.0, 4558710.0)					
SRR34661429	(16.0, 2.0)	(17.0, 14.0)	(18.0, 33.0)	(19.0, 70.0)	(20.0, 191.0)	(21.0, 444.0)	(22.0, 865.0)	(23.0, 1592.0)	(24.0, 2788.0)	(25.0, 4364.0)	(26.0, 7440.0)	(27.0, 11735.0)	(28.0, 18287.0)	(29.0, 27811.0)	(30.0, 40579.0)	(31.0, 57179.0)	(32.0, 77824.0)	(33.0, 103003.0)	(34.0, 135369.0)	(35.0, 178388.0)	(36.0, 248261.0)	(37.0, 381412.0)	(38.0, 797541.0)	(39.0, 4951270.0)	(40.0, 3256955.0)					
SRR34661430	(13.0, 1.0)	(14.0, 0.0)	(15.0, 3.0)	(16.0, 4.0)	(17.0, 26.0)	(18.0, 65.0)	(19.0, 135.0)	(20.0, 334.0)	(21.0, 652.0)	(22.0, 1346.0)	(23.0, 2346.0)	(24.0, 3927.0)	(25.0, 6366.0)	(26.0, 10518.0)	(27.0, 16215.0)	(28.0, 25339.0)	(29.0, 38618.0)	(30.0, 56137.0)	(31.0, 78119.0)	(32.0, 106555.0)	(33.0, 141822.0)	(34.0, 183166.0)	(35.0, 242580.0)	(36.0, 338775.0)	(37.0, 530800.0)	(38.0, 1093509.0)	(39.0, 7759445.0)	(40.0, 3228431.0)		
SRR34661431	(16.0, 4.0)	(17.0, 17.0)	(18.0, 38.0)	(19.0, 97.0)	(20.0, 250.0)	(21.0, 532.0)	(22.0, 1068.0)	(23.0, 1776.0)	(24.0, 3202.0)	(25.0, 5444.0)	(26.0, 9209.0)	(27.0, 14171.0)	(28.0, 23040.0)	(29.0, 34593.0)	(30.0, 51095.0)	(31.0, 71994.0)	(32.0, 97210.0)	(33.0, 130159.0)	(34.0, 170040.0)	(35.0, 225553.0)	(36.0, 316493.0)	(37.0, 493630.0)	(38.0, 1017717.0)	(39.0, 6580120.0)	(40.0, 2744518.0)					
SRR34661432	(14.0, 1.0)	(15.0, 0.0)	(16.0, 2.0)	(17.0, 0.0)	(18.0, 8.0)	(19.0, 23.0)	(20.0, 64.0)	(21.0, 165.0)	(22.0, 402.0)	(23.0, 1155.0)	(24.0, 2890.0)	(25.0, 7455.0)	(26.0, 14571.0)	(27.0, 29226.0)	(28.0, 50638.0)	(29.0, 86361.0)	(30.0, 125967.0)	(31.0, 187715.0)	(32.0, 249865.0)	(33.0, 357686.0)	(34.0, 560895.0)	(35.0, 1300960.0)	(36.0, 4934857.0)	(37.0, 11373075.0)						
SRR34661433	(15.0, 2.0)	(16.0, 1.0)	(17.0, 2.0)	(18.0, 11.0)	(19.0, 30.0)	(20.0, 79.0)	(21.0, 185.0)	(22.0, 448.0)	(23.0, 1237.0)	(24.0, 3308.0)	(25.0, 7961.0)	(26.0, 15601.0)	(27.0, 31424.0)	(28.0, 54789.0)	(29.0, 92261.0)	(30.0, 135440.0)	(31.0, 203851.0)	(32.0, 268630.0)	(33.0, 391842.0)	(34.0, 614179.0)	(35.0, 1447975.0)	(36.0, 5356830.0)	(37.0, 12845578.0)							
SRR34661434	(17.0, 1.0)	(18.0, 4.0)	(19.0, 31.0)	(20.0, 64.0)	(21.0, 144.0)	(22.0, 446.0)	(23.0, 1053.0)	(24.0, 2895.0)	(25.0, 7409.0)	(26.0, 14779.0)	(27.0, 29569.0)	(28.0, 51263.0)	(29.0, 86231.0)	(30.0, 127523.0)	(31.0, 190433.0)	(32.0, 251193.0)	(33.0, 360333.0)	(34.0, 555901.0)	(35.0, 1260923.0)	(36.0, 4752405.0)	(37.0, 11730848.0)									
SRR34661435	(16.0, 4.0)	(17.0, 8.0)	(18.0, 18.0)	(19.0, 49.0)	(20.0, 150.0)	(21.0, 425.0)	(22.0, 995.0)	(23.0, 2265.0)	(24.0, 5852.0)	(25.0, 14254.0)	(26.0, 27743.0)	(27.0, 55221.0)	(28.0, 92526.0)	(29.0, 153493.0)	(30.0, 221612.0)	(31.0, 324173.0)	(32.0, 423857.0)	(33.0, 603905.0)	(34.0, 916688.0)	(35.0, 2087114.0)	(36.0, 7694221.0)	(37.0, 20119727.0)								
SRR34661436	(16.0, 1.0)	(17.0, 1.0)	(18.0, 11.0)	(19.0, 20.0)	(20.0, 60.0)	(21.0, 188.0)	(22.0, 404.0)	(23.0, 1048.0)	(24.0, 2784.0)	(25.0, 6840.0)	(26.0, 13691.0)	(27.0, 26926.0)	(28.0, 46323.0)	(29.0, 78541.0)	(30.0, 114508.0)	(31.0, 171492.0)	(32.0, 225876.0)	(33.0, 325615.0)	(34.0, 500596.0)	(35.0, 1142520.0)	(36.0, 4142540.0)	(37.0, 10477647.0)								
SRR34661437	(16.0, 1.0)	(17.0, 8.0)	(18.0, 8.0)	(19.0, 20.0)	(20.0, 72.0)	(21.0, 210.0)	(22.0, 501.0)	(23.0, 1218.0)	(24.0, 3125.0)	(25.0, 7788.0)	(26.0, 15020.0)	(27.0, 30008.0)	(28.0, 51246.0)	(29.0, 86823.0)	(30.0, 127337.0)	(31.0, 190418.0)	(32.0, 252478.0)	(33.0, 368151.0)	(34.0, 580708.0)	(35.0, 1369062.0)	(36.0, 4872914.0)	(37.0, 11996220.0)								
SRR34661438	(16.0, 2.0)	(17.0, 3.0)	(18.0, 2.0)	(19.0, 27.0)	(20.0, 80.0)	(21.0, 177.0)	(22.0, 513.0)	(23.0, 1340.0)	(24.0, 3463.0)	(25.0, 8894.0)	(26.0, 17572.0)	(27.0, 35794.0)	(28.0, 62593.0)	(29.0, 107912.0)	(30.0, 158761.0)	(31.0, 239395.0)	(32.0, 320294.0)	(33.0, 463900.0)	(34.0, 733142.0)	(35.0, 1687623.0)	(36.0, 6440439.0)	(37.0, 15067586.0)								
SRR34661439	(16.0, 5.0)	(17.0, 2.0)	(18.0, 7.0)	(19.0, 29.0)	(20.0, 67.0)	(21.0, 186.0)	(22.0, 503.0)	(23.0, 1217.0)	(24.0, 3205.0)	(25.0, 8015.0)	(26.0, 15923.0)	(27.0, 31272.0)	(28.0, 53551.0)	(29.0, 89713.0)	(30.0, 130245.0)	(31.0, 193474.0)	(32.0, 251084.0)	(33.0, 359130.0)	(34.0, 553448.0)	(35.0, 1284763.0)	(36.0, 4470531.0)	(37.0, 11719421.0)								
SRR34661440	(14.0, 1.0)	(15.0, 0.0)	(16.0, 1.0)	(17.0, 3.0)	(18.0, 13.0)	(19.0, 32.0)	(20.0, 74.0)	(21.0, 213.0)	(22.0, 569.0)	(23.0, 1322.0)	(24.0, 3591.0)	(25.0, 8799.0)	(26.0, 17354.0)	(27.0, 34813.0)	(28.0, 59137.0)	(29.0, 98945.0)	(30.0, 142800.0)	(31.0, 211030.0)	(32.0, 277765.0)	(33.0, 399138.0)	(34.0, 621715.0)	(35.0, 1460871.0)	(36.0, 5272775.0)	(37.0, 12854124.0)						
SRR34661441	(18.0, 4.0)	(19.0, 6.0)	(20.0, 24.0)	(21.0, 78.0)	(22.0, 155.0)	(23.0, 400.0)	(24.0, 1018.0)	(25.0, 2469.0)	(26.0, 4781.0)	(27.0, 9909.0)	(28.0, 17769.0)	(29.0, 30327.0)	(30.0, 45974.0)	(31.0, 70894.0)	(32.0, 96827.0)	(33.0, 142285.0)	(34.0, 220455.0)	(35.0, 487987.0)	(36.0, 1828840.0)	(37.0, 4189633.0)										
SRR34661442	(16.0, 2.0)	(17.0, 2.0)	(18.0, 8.0)	(19.0, 20.0)	(20.0, 61.0)	(21.0, 213.0)	(22.0, 492.0)	(23.0, 1234.0)	(24.0, 3116.0)	(25.0, 7953.0)	(26.0, 15587.0)	(27.0, 31466.0)	(28.0, 54769.0)	(29.0, 93056.0)	(30.0, 138477.0)	(31.0, 210189.0)	(32.0, 281645.0)	(33.0, 410909.0)	(34.0, 643226.0)	(35.0, 1500352.0)	(36.0, 5646302.0)	(37.0, 13659325.0)								
SRR34661443	(18.0, 16.0)	(19.0, 37.0)	(20.0, 65.0)	(21.0, 212.0)	(22.0, 686.0)	(23.0, 1612.0)	(24.0, 4126.0)	(25.0, 10607.0)	(26.0, 19828.0)	(27.0, 37297.0)	(28.0, 63079.0)	(29.0, 103407.0)	(30.0, 142030.0)	(31.0, 206531.0)	(32.0, 267862.0)	(33.0, 368860.0)	(34.0, 579989.0)	(35.0, 1286751.0)	(36.0, 4212392.0)	(37.0, 11930095.0)										
