Sample	0	1	2	3	4	5	6	7	8	9	10	11	12	13	14	15	16	17	18	19	20	21	22	23	24	25	26	27	28	29	30	31	32	33	34	35	36	37	38	39	40	41	42	43
SRR34661416 - polya	(1, 0.0006402326007720778)	(2, 0.001547228785199188)	(3, 0.0037133490844780516)	(4, 0.005004484829368408)	(5, 0.007010546978454252)	(6, 0.008451070330191428)	(7, 0.014266516453871135)	(8, 0.020199338554359056)	(9, 0.02741262585639113)	(10, 0.03443384337819159)	(11, 0.04707843724344012)	(12, 0.05527341453332272)	(13, 0.06153702347754288)	(14, 0.07107648922904684)	(15, 0.0805946138938584)	(16, 0.11669306203405738)	(17, 0.12116401969611573)	(18, 0.1268087371262562)	(19, 0.13426744692525092)	(20, 0.13724452851884109)	(21, 0.14031764500254706)	(22, 0.1421849900881323)	(23, 0.14488463755472122)	(24, 0.14651723068669)	(25, 0.14864066881258406)	(26, 0.15021990922782186)	(27, 0.15196987833659886)	(28, 0.15336771951495123)	(29, 0.15507500645034344)	(30, 0.15662223523554264)	(31, 0.15818013456408803)	(32, 0.15902310748843793)	(33, 0.16006882073636566)	(34, 0.1612959332211788)	(35, 0.1628538325497242)	(36, 0.1636754643873817)	(37, 0.1652333637159271)	(38, 0.16580957305662195)	(39, 0.16636444131062442)	(40, 0.1670686971714737)	(41, 0.1685839143266343)	(42, 0.16906408877721335)	(43, 0.1702378485452955)	(44, 0.17045125941221953)
SRR34661417 - polya	(1, 0.0009972243548630711)	(2, 0.0020840868539834965)	(3, 0.004425883372706888)	(4, 0.006308284402111337)	(5, 0.008750923833124253)	(6, 0.011529706305102248)	(7, 0.02214062163156661)	(8, 0.031888769819553936)	(9, 0.04130077496657618)	(10, 0.0509032611701453)	(11, 0.06444982572103802)	(12, 0.0773577184940971)	(13, 0.08441672235436379)	(14, 0.09572233329882265)	(15, 0.10495506215733018)	(16, 0.13610431728676095)	(17, 0.14078791032420773)	(18, 0.14597571792310213)	(19, 0.15221677371702044)	(20, 0.1552644706217705)	(21, 0.1586595153355178)	(22, 0.16037384484443973)	(23, 0.16281648427545264)	(24, 0.16459804239256756)	(25, 0.16621152898919994)	(26, 0.16774658220960714)	(27, 0.16940488787836822)	(28, 0.1711304221553223)	(29, 0.17299041364866238)	(30, 0.17461510501332694)	(31, 0.17592606287309076)	(32, 0.17699051583614686)	(33, 0.17784207820659173)	(34, 0.17917544560241988)	(35, 0.18072170359085923)	(36, 0.18148362781704674)	(37, 0.18294024766122877)	(38, 0.18385903863986666)	(39, 0.18437445796934646)	(40, 0.18520361080372696)	(41, 0.18691794031264888)	(42, 0.18734372149787132)	(43, 0.18867708889369947)	(44, 0.18883395564614985)
SRR34661418 - polya	(1, 0.0013138304702571093)	(2, 0.002652450194670013)	(3, 0.006222102793104423)	(4, 0.007982139838165833)	(5, 0.010076831814330469)	(6, 0.012530967975754126)	(7, 0.021355942455216975)	(8, 0.03205250562344231)	(9, 0.04393895299114577)	(10, 0.0546850946676827)	(11, 0.07373563648641078)	(12, 0.08991062482306669)	(13, 0.09947927692720338)	(14, 0.11533200495983398)	(15, 0.12853228279779455)	(16, 0.17775134692412456)	(17, 0.18542362108534297)	(18, 0.1941866224294163)	(19, 0.20343301422952767)	(20, 0.20796944774003806)	(21, 0.2137453439583382)	(22, 0.21745133745462947)	(23, 0.22213650649007463)	(24, 0.22512361161584787)	(25, 0.22884199973921704)	(26, 0.23117218962986172)	(27, 0.23430803028056973)	(28, 0.2376173957103683)	(29, 0.24041858142997308)	(30, 0.2439882340284075)	(31, 0.24696294452710282)	(32, 0.24879734933463163)	(33, 0.2503838616006025)	(34, 0.2528875762703377)	(35, 0.25499466287358025)	(36, 0.25653159663123953)	(37, 0.25950630712993483)	(38, 0.26084492685434774)	(39, 0.26196044329135854)	(40, 0.26326187913453775)	(41, 0.26534417648362446)	(42, 0.2661126433624541)	(43, 0.26800902130537235)	(44, 0.2683436762364756)
SRR34661419 - polya	(1, 0.0005008299865833212)	(2, 0.0016555213445393114)	(3, 0.0034362501857244532)	(4, 0.004994387921761452)	(5, 0.0064829659374396565)	(6, 0.00863931726856229)	(7, 0.015650937080728785)	(8, 0.02358074520163137)	(9, 0.032567861071987635)	(10, 0.04045593336067494)	(11, 0.05470176409015608)	(12, 0.06623476572564423)	(13, 0.0735941841396047)	(14, 0.08363860775941463)	(15, 0.09525508105933334)	(16, 0.13367987058553146)	(17, 0.1385490510106471)	(18, 0.14383558975791547)	(19, 0.1501237884783505)	(20, 0.15322615200635276)	(21, 0.15728843967530637)	(22, 0.15963955822343362)	(23, 0.1620741484359914)	(24, 0.163771405612746)	(25, 0.16552431056578765)	(26, 0.16680420942038945)	(27, 0.1682510516038524)	(28, 0.1694613907380954)	(29, 0.1713255912437111)	(30, 0.17310632008489624)	(31, 0.17435839505135456)	(32, 0.17513746391937304)	(33, 0.17597218056367858)	(34, 0.17695992859277346)	(35, 0.1781007080066577)	(36, 0.17865718576952805)	(37, 0.1795892860223359)	(38, 0.17993708462412988)	(39, 0.18045182655478495)	(40, 0.18102221626172707)	(41, 0.18226037928411362)	(42, 0.18258035399776407)	(43, 0.18333159897763907)	(44, 0.18337333480985432)
SRR34661420 - polya	(1, 0.0013641441921045168)	(2, 0.0026709714013474994)	(3, 0.00716462285769179)	(4, 0.0115207135551684)	(5, 0.015704853304060403)	(6, 0.019052165103174007)	(7, 0.030435317899474724)	(8, 0.04212798240322772)	(9, 0.05525357147851909)	(10, 0.06605209104963215)	(11, 0.08280011344177247)	(12, 0.10060276831856504)	(13, 0.10878763347119214)	(14, 0.11987273795661288)	(15, 0.13016686807854444)	(16, 0.17005948815017233)	(17, 0.1755275283151627)	(18, 0.18158020170534073)	(19, 0.18832067888985715)	(20, 0.19213798994843534)	(21, 0.19612725195559813)	(22, 0.1985689554254995)	(23, 0.20162968231030542)	(24, 0.20348675255501913)	(25, 0.2055960175243236)	(26, 0.20770528249362807)	(27, 0.2097801572732156)	(28, 0.21145381317277243)	(29, 0.213941370228963)	(30, 0.21584429405996594)	(31, 0.21695624352747972)	(32, 0.21804526620184886)	(33, 0.21919160585907954)	(34, 0.22079648137920252)	(35, 0.22272233200335007)	(36, 0.22382281807429152)	(37, 0.22584037587101752)	(38, 0.2264479358893498)	(39, 0.22698671552824823)	(40, 0.22801842121975582)	(41, 0.2304601246896572)	(42, 0.23090719715597716)	(43, 0.23248914588295552)	(44, 0.23270695041782935)
SRR34661421 - polya	(1, 0.00043189050711863527)	(2, 0.001286673802457601)	(3, 0.0035540989648304364)	(4, 0.004921752237372781)	(5, 0.006730293735932066)	(6, 0.0082599059486439)	(7, 0.012974710651355668)	(8, 0.018886211967541987)	(9, 0.025031653975084237)	(10, 0.03026832637389769)	(11, 0.041425497807795766)	(12, 0.050747134586439646)	(13, 0.055803852607287)	(14, 0.06380282470788005)	(15, 0.06893152447991385)	(16, 0.087025937184405)	(17, 0.09008516160982867)	(18, 0.09375623092033708)	(19, 0.09707638919381159)	(20, 0.09880395122228612)	(21, 0.1009813991956759)	(22, 0.10209711633906572)	(23, 0.10342877873601485)	(24, 0.10458048675499787)	(25, 0.10560622670940463)	(26, 0.10651499631813342)	(27, 0.1073967727701673)	(28, 0.10825155606550628)	(29, 0.10919631654982828)	(30, 0.11001510896957403)	(31, 0.11057296754126894)	(32, 0.11108583751847231)	(33, 0.11150873030669264)	(34, 0.1121475683484723)	(35, 0.11278640639025195)	(36, 0.11313731742728583)	(37, 0.113821144063557)	(38, 0.11426203228957395)	(39, 0.1145409615754214)	(40, 0.11484688401796377)	(41, 0.11578264678338747)	(42, 0.1160165874747434)	(43, 0.1169163593645739)	(44, 0.11702433199135355)
SRR34661422 - polya	(1, 0.00042261608371630175)	(2, 0.0016153325866489756)	(3, 0.004667559857933377)	(4, 0.0064613303465959025)	(5, 0.009043984191528858)	(6, 0.011382459854759061)	(7, 0.019214944606301188)	(8, 0.027122561106059543)	(9, 0.03733108739493999)	(10, 0.04479730487392799)	(11, 0.06151411885203948)	(12, 0.07478426388073135)	(13, 0.08087932695477312)	(14, 0.09298492988611341)	(15, 0.09977496163115533)	(16, 0.12436182623491707)	(17, 0.12830624301626922)	(18, 0.13380964357310818)	(19, 0.13862746692747402)	(20, 0.14146369042263673)	(21, 0.14398999545640753)	(22, 0.14578376594507006)	(23, 0.1481691989509354)	(24, 0.1496342680411519)	(25, 0.15128716650190902)	(26, 0.15267710384390928)	(27, 0.15422669615086906)	(28, 0.15548515293349094)	(29, 0.1572601404850994)	(30, 0.15877216691795107)	(31, 0.1601808871970054)	(32, 0.161026119364438)	(33, 0.16181500272070842)	(34, 0.1630358936292222)	(35, 0.16430374188037108)	(36, 0.1648860129290469)	(37, 0.16633229908220934)	(38, 0.1669051786623581)	(39, 0.16749684117956093)	(40, 0.16805093782265565)	(41, 0.16968505334635867)	(42, 0.17006071208743984)	(43, 0.17115951390510223)	(44, 0.1713097774015347)
SRR34661423 - polya	(1, 0.00152242425199279)	(2, 0.003199910233355216)	(3, 0.007978630802110361)	(4, 0.011826980994647691)	(5, 0.016478832875736774)	(6, 0.021187070840232993)	(7, 0.034155870023875275)	(8, 0.04647622924833545)	(9, 0.059585993640495584)	(10, 0.07247021369902716)	(11, 0.08894904657476393)	(12, 0.10748597149486132)	(13, 0.11695883350726091)	(14, 0.13230994471485488)	(15, 0.14243124668643656)	(16, 0.1776725488158993)	(17, 0.1832547710732062)	(18, 0.18973917066502732)	(19, 0.19560332333936994)	(20, 0.19890190921868764)	(21, 0.20260929420270712)	(22, 0.20531582620624986)	(23, 0.2079518756055337)	(24, 0.20960116854519253)	(25, 0.21195528752744064)	(26, 0.21385831784243162)	(27, 0.21594460292849582)	(28, 0.21739654457622967)	(29, 0.2192713818495171)	(30, 0.2210898330393974)	(31, 0.22235851991605804)	(32, 0.22317611812546156)	(33, 0.22414877806423475)	(34, 0.22584036056644896)	(35, 0.22763061871462567)	(36, 0.22865966473680596)	(37, 0.2307177567811666)	(38, 0.23132390717779336)	(39, 0.23197234713697548)	(40, 0.23283223490893437)	(41, 0.23489032695329498)	(42, 0.23556695995418067)	(43, 0.23675106770573062)	(44, 0.23707528768532168)
SRR34661425 - polya	(1, 0.004204936723135285)	(2, 0.005553489662120592)	(3, 0.01078842351188245)	(4, 0.012211306140418128)	(5, 0.013326251483673696)	(6, 0.016416242863553414)	(7, 0.03235465200856873)	(8, 0.05536500018794793)	(9, 0.0760180353558725)	(10, 0.09584282541166436)	(11, 0.11927791467418855)	(12, 0.15927790617936688)	(13, 0.17454734811842887)	(14, 0.19341647073714452)	(15, 0.23168564232850708)	(16, 0.2935597996156518)	(17, 0.3017573025203499)	(18, 0.3091477973670725)	(19, 0.3209662180055815)	(20, 0.3253410511619748)	(21, 0.3304485626867932)	(22, 0.33327309088970725)	(23, 0.3377222537356509)	(24, 0.34012204085542)	(25, 0.3427872911521548)	(26, 0.3449959447845087)	(27, 0.34745944306674953)	(28, 0.34933892235966607)	(29, 0.35110159785471773)	(30, 0.35326777737875714)	(31, 0.3545632376823493)	(32, 0.35607106852751397)	(33, 0.35745147704773517)	(34, 0.3591292043261578)	(35, 0.36070074633379423)	(36, 0.3617519805145781)	(37, 0.36465083840704254)	(38, 0.365457846465018)	(39, 0.3664028953750156)	(40, 0.3674435110287208)	(41, 0.3683673228845611)	(42, 0.36894072334680683)	(43, 0.36955659791736706)	(44, 0.36976896845893953)
SRR34661426 - polya	(1, 0.0036756046786116784)	(2, 0.004763850172581299)	(3, 0.007917541195921833)	(4, 0.008905845777179958)	(5, 0.009905254904294915)	(6, 0.012403777722082312)	(7, 0.025551560016572425)	(8, 0.046872288061691525)	(9, 0.06330701592980417)	(10, 0.07882006649179968)	(11, 0.095143748901344)	(12, 0.13032295017579051)	(13, 0.14038366872208108)	(14, 0.15411999194698334)	(15, 0.18038224289839308)	(16, 0.21500621687999794)	(17, 0.22058069890012805)	(18, 0.225633267264987)	(19, 0.23179629021552925)	(20, 0.23478341305101727)	(21, 0.2377594313406485)	(22, 0.23944732231088708)	(23, 0.2421901451375248)	(24, 0.24393355883704756)	(25, 0.2456769725365703)	(26, 0.24674300893882628)	(27, 0.2479645089830779)	(28, 0.24901944083947702)	(29, 0.24998553632902148)	(30, 0.25111820000641843)	(31, 0.2520620864042492)	(32, 0.2526395227888045)	(33, 0.253205854627503)	(34, 0.2539276501081971)	(35, 0.25452729558446613)	(36, 0.2551380456065919)	(37, 0.25637065019670036)	(38, 0.2569591911271125)	(39, 0.25741447750724267)	(40, 0.25785865934151597)	(41, 0.25812516844207994)	(42, 0.2583139457216461)	(43, 0.25865818664320794)	(44, 0.25872481391834895)
SRR34661427 - polya	(1, 0.00426125915311173)	(2, 0.005751137047720477)	(3, 0.010043652380439383)	(4, 0.011429343009690875)	(5, 0.012762940006263738)	(6, 0.016472006652982017)	(7, 0.03716359755293286)	(8, 0.06635686930603571)	(9, 0.0906220834077404)	(10, 0.11257434021851404)	(11, 0.1367041108752543)	(12, 0.18555751960127118)	(13, 0.1986434401301424)	(14, 0.21577182655487512)	(15, 0.24863249004855334)	(16, 0.2969649624477839)	(17, 0.3047477511699709)	(18, 0.31118652416904924)	(19, 0.32010495408363027)	(20, 0.32431411960406337)	(21, 0.32854412257756793)	(22, 0.33131550383607095)	(23, 0.33492038321743195)	(24, 0.33708747833686287)	(25, 0.3394421105339368)	(26, 0.3415571120206891)	(27, 0.34367211350744137)	(28, 0.34505780413669285)	(29, 0.34664145057012313)	(30, 0.34833970299544637)	(31, 0.34938157564901895)	(32, 0.35030884231069853)	(33, 0.35129862133159245)	(34, 0.35274682432005827)	(35, 0.3540074902308811)	(36, 0.3547784759945248)	(37, 0.35694557111395564)	(38, 0.3576436257918493)	(39, 0.35832084301667144)	(40, 0.35911266623338656)	(41, 0.3598315583643516)	(42, 0.3603941695972808)	(43, 0.36077966247910265)	(44, 0.3609776182832814)
SRR34661428 - polya	(1, 0.0025803925700013104)	(2, 0.0036037599396125356)	(3, 0.007960919169736402)	(4, 0.008934059919980206)	(5, 0.009630954263703187)	(6, 0.010541311739737713)	(7, 0.013184487583948301)	(8, 0.016744299231614343)	(9, 0.02120191170047305)	(10, 0.024793114985243732)	(11, 0.03284820906629405)	(12, 0.03992388406967964)	(13, 0.04484609276768701)	(14, 0.05537484785258286)	(15, 0.06502463709854883)	(16, 0.0788809057165364)	(17, 0.08365871288386244)	(18, 0.08951639236758803)	(19, 0.09437581779138612)	(20, 0.09873925534893092)	(21, 0.1031905894903687)	(22, 0.1064239281121465)	(23, 0.11169772314572582)	(24, 0.11501895835139661)	(25, 0.11905592288305315)	(26, 0.12199418011604735)	(27, 0.1251270654990903)	(28, 0.12778907632556366)	(29, 0.13074616854082066)	(30, 0.1339669505077566)	(31, 0.13586300538887677)	(32, 0.13784067852646903)	(33, 0.13991880490279612)	(34, 0.14164534494355124)	(35, 0.14379253292150854)	(36, 0.14553162961710553)	(37, 0.1499829637585433)	(38, 0.15162788554282638)	(39, 0.15288982935443288)	(40, 0.15445313288224388)	(41, 0.15578413829548057)	(42, 0.15668193911667325)	(43, 0.1575357916459194)	(44, 0.15792504794601694)
SRR34661429 - polya	(1, 0.0045324769442991585)	(2, 0.00612418190974897)	(3, 0.012277480373743972)	(4, 0.013568314278651442)	(5, 0.01466503782191869)	(6, 0.0164314421128447)	(7, 0.01995454517661471)	(8, 0.026039905014035636)	(9, 0.03194086000789835)	(10, 0.0380456308814833)	(11, 0.04749880549336206)	(12, 0.05708785735838897)	(13, 0.06495903252289993)	(14, 0.0776732612103344)	(15, 0.09473556199850981)	(16, 0.12382299969029692)	(17, 0.13254826044602486)	(18, 0.14335050207130315)	(19, 0.15267750494811574)	(20, 0.1600051711000341)	(21, 0.16780840763797097)	(22, 0.17356377986060353)	(23, 0.18124084466347426)	(24, 0.18653035201817028)	(25, 0.19215955250573669)	(26, 0.1974296488242687)	(27, 0.20268033410663666)	(28, 0.20697017309888555)	(29, 0.21136677279003654)	(30, 0.2169280346510289)	(31, 0.22050937082329095)	(32, 0.2235374924648784)	(33, 0.2267985465404341)	(34, 0.2304866434115983)	(35, 0.23489294862083132)	(36, 0.23791136474433675)	(37, 0.24460817222092437)	(38, 0.24705396277759117)	(39, 0.24902418294823941)	(40, 0.2520717156259909)	(41, 0.25451750618265767)	(42, 0.2558762787141392)	(43, 0.2573903395349329)	(44, 0.2579726706198536)
SRR34661430 - polya	(1, 0.002913762580566617)	(2, 0.003815298032474605)	(3, 0.006332385014201708)	(4, 0.007457501258182877)	(5, 0.008452796397089296)	(6, 0.01023423045005948)	(7, 0.01803070903815976)	(8, 0.0316691373546238)	(9, 0.04293472436166602)	(10, 0.052880463467114946)	(11, 0.06246558839180067)	(12, 0.08500397468950037)	(13, 0.09228116885730166)	(14, 0.10146961818314787)	(15, 0.12144043151381362)	(16, 0.14816194230836638)	(17, 0.15208542459506993)	(18, 0.15570599096993243)	(19, 0.16025694193116394)	(20, 0.1624278392993584)	(21, 0.16463479808562914)	(22, 0.16597628283806823)	(23, 0.16770723090573156)	(24, 0.16882513486609746)	(25, 0.17009449678238392)	(26, 0.17104651821959874)	(27, 0.1719336291042762)	(28, 0.17271255573472472)	(29, 0.17354918063409533)	(30, 0.17429925813008276)	(31, 0.1748546039684581)	(32, 0.17542437437406394)	(33, 0.17601578163051557)	(34, 0.17662161345419775)	(35, 0.17723465756149517)	(36, 0.17766739457841102)	(37, 0.17866268971731744)	(38, 0.1790449407489264)	(39, 0.17941276721330487)	(40, 0.17978059367768334)	(41, 0.1801844815601381)	(42, 0.18044412377028762)	(43, 0.18063885542789973)	(44, 0.18071819054766763)
SRR34661431 - polya	(1, 0.002710146873282705)	(2, 0.003494004738170626)	(3, 0.005345243525459119)	(4, 0.005945645294309442)	(5, 0.006637775111178564)	(6, 0.008188813014041896)	(7, 0.016677826912508954)	(8, 0.030445373028785094)	(9, 0.04231998579049147)	(10, 0.052126548015046736)	(11, 0.06112423563434532)	(12, 0.08329740651452597)	(13, 0.08943484681832926)	(14, 0.09798223311099011)	(15, 0.1139929469469987)	(16, 0.13479019710689735)	(17, 0.13828420184506798)	(18, 0.1412361772085821)	(19, 0.14498034935044032)	(20, 0.14656474290712868)	(21, 0.1484826930020672)	(22, 0.14974186893396163)	(23, 0.1509927059523998)	(24, 0.15205174796134413)	(25, 0.15296068952807587)	(26, 0.15371953065259503)	(27, 0.15456176091167673)	(28, 0.15518717942089583)	(29, 0.15580425901665865)	(30, 0.1563963218720527)	(31, 0.15710512951583436)	(32, 0.15745536388099704)	(33, 0.15777224259233472)	(34, 0.1582308828324287)	(35, 0.1586895230725227)	(36, 0.1591314854857042)	(37, 0.16004876596589218)	(38, 0.16039900033105486)	(39, 0.16073255686930504)	(40, 0.16103275775373022)	(41, 0.16133295863815536)	(42, 0.1615247536476492)	(43, 0.16171654865714308)	(44, 0.16178325996479312)
SRR34661432 - polya	(1, 0.0030336059758615196)	(2, 0.004998967796120521)	(3, 0.00827629938029912)	(4, 0.009463813514439782)	(5, 0.010703184160988335)	(6, 0.012808558564748638)	(7, 0.018632044908154597)	(8, 0.0244814595077645)	(9, 0.02852626747557986)	(10, 0.03257626109463601)	(11, 0.03970653155072078)	(12, 0.048874762944435594)	(13, 0.05377001771574033)	(14, 0.06409464933615108)	(15, 0.07280135776943568)	(16, 0.08479058343813967)	(17, 0.09117930576679162)	(18, 0.09870368571717635)	(19, 0.10346929920746137)	(20, 0.10704739856360572)	(21, 0.11104553567025398)	(22, 0.11421396857837601)	(23, 0.11775058272459406)	(24, 0.1198870710357991)	(25, 0.12214801497678306)	(26, 0.12463194192112095)	(27, 0.12705364105056938)	(28, 0.12906048808075468)	(29, 0.13290824130142007)	(30, 0.13569812166896453)	(31, 0.13834798945300766)	(32, 0.14065560425515872)	(33, 0.14383440846576234)	(34, 0.14891116103049468)	(35, 0.15618662972132155)	(36, 0.15862907145573313)	(37, 0.16640236266567573)	(38, 0.16834179622973078)	(39, 0.17041605672604634)	(40, 0.17364671744905785)	(41, 0.18151853603257542)	(42, 0.18332832831561077)	(43, 0.1891570003102575)	(44, 0.18998151885754294)
SRR34661433 - polya	(1, 0.0023053639438471094)	(2, 0.00371652611553534)	(3, 0.006520221255325158)	(4, 0.007563456656177183)	(5, 0.008457658428336063)	(6, 0.010036483432304082)	(7, 0.014381745168888634)	(8, 0.018610574383056664)	(9, 0.0214002976201565)	(10, 0.024082902936633135)	(11, 0.029275793436409958)	(12, 0.03920050164719418)	(13, 0.04335481404701564)	(14, 0.0508018381807763)	(15, 0.05882636762572291)	(16, 0.07038578845123508)	(17, 0.07554142054383861)	(18, 0.08164714201936096)	(19, 0.08612746548194868)	(20, 0.08917799756926152)	(21, 0.0924381081969241)	(22, 0.09488319116767104)	(23, 0.09795235245857051)	(24, 0.09982924471992483)	(25, 0.10195297392880216)	(26, 0.10391369760629637)	(27, 0.1056927865488208)	(28, 0.10728092615458215)	(29, 0.11073198611900782)	(30, 0.11335870382472453)	(31, 0.11585035980443807)	(32, 0.11785299919000222)	(33, 0.1208290144629685)	(34, 0.12617093859143846)	(35, 0.13372042334492568)	(36, 0.13546225388027683)	(37, 0.1417402954889756)	(38, 0.1434402103162568)	(39, 0.14506095102829478)	(40, 0.14816737072636754)	(41, 0.15706281543898973)	(42, 0.15862301123937111)	(43, 0.16486845174179326)	(44, 0.16564156369063898)
SRR34661434 - polya	(1, 0.0019409530171985941)	(2, 0.003325877053342949)	(3, 0.0065230436944048245)	(4, 0.007547578576162173)	(5, 0.008510332460024606)	(6, 0.0097562492509054)	(7, 0.012680549817931399)	(8, 0.0157490060467122)	(9, 0.01839529212321108)	(10, 0.020691485878305438)	(11, 0.025824457120074664)	(12, 0.03191503382921508)	(13, 0.03512764571975068)	(14, 0.04217582789626229)	(15, 0.048276701438385194)	(16, 0.05742028912683268)	(17, 0.06221861329667112)	(18, 0.06826285425739034)	(19, 0.07244851686477087)	(20, 0.07557360567495534)	(21, 0.07835375058022653)	(22, 0.0806139054198822)	(23, 0.0834558313230483)	(24, 0.08523718342901837)	(25, 0.0870494260339359)	(26, 0.08904701163253816)	(27, 0.09085925423745568)	(28, 0.0924192244343023)	(29, 0.0954516417476444)	(30, 0.09772209342028254)	(31, 0.09972482743537604)	(32, 0.10157310895573227)	(33, 0.10407523937047634)	(34, 0.10938325677294783)	(35, 0.11608134662805492)	(36, 0.11759498107648035)	(37, 0.123330317047725)	(38, 0.12474098316632556)	(39, 0.12627521128071598)	(40, 0.12890605210774111)	(41, 0.1380393429632061)	(42, 0.13954268057864908)	(43, 0.14530890704884117)	(44, 0.1459112717783166)
SRR34661435 - polya	(1, 0.0020705893850227366)	(2, 0.003264690343052073)	(3, 0.004929102164346161)	(4, 0.006068231722773124)	(5, 0.006850047183784659)	(6, 0.008071633841615182)	(7, 0.011559263749721325)	(8, 0.01524540148972493)	(9, 0.01772522240512089)	(10, 0.01999431962204109)	(11, 0.024184361858399783)	(12, 0.035389365477350256)	(13, 0.03822344652351707)	(14, 0.04446880831167562)	(15, 0.05102567469758095)	(16, 0.05935078777069597)	(17, 0.06267961141328414)	(18, 0.06704678371502827)	(19, 0.06995110599402034)	(20, 0.07184761928030223)	(21, 0.0736158659675119)	(22, 0.07513979532315548)	(23, 0.07712487364213008)	(24, 0.07827621906713535)	(25, 0.07969020562357418)	(26, 0.08129048414533216)	(27, 0.0825762041026988)	(28, 0.08360233689527644)	(29, 0.08648833537440104)	(30, 0.08817717892885174)	(31, 0.08985991455001328)	(32, 0.09120365987362686)	(33, 0.09321622389240265)	(34, 0.09695733303200862)	(35, 0.10237812382613157)	(36, 0.10345312008502243)	(37, 0.10676667389438772)	(38, 0.10771645752085096)	(39, 0.108818939479543)	(40, 0.1106879670660237)	(41, 0.1166951194559053)	(42, 0.11770292844861549)	(43, 0.12187464688510673)	(44, 0.12228387841547994)
SRR34661436 - polya	(1, 0.004502931883258076)	(2, 0.007159545937776658)	(3, 0.012536440178839323)	(4, 0.014070215177635454)	(5, 0.01578920074232395)	(6, 0.018104332815978487)	(7, 0.024094737056559602)	(8, 0.030773893089052946)	(9, 0.034871676859421476)	(10, 0.03928200345973337)	(11, 0.04774381118894071)	(12, 0.062439112026462885)	(13, 0.06776391579586832)	(14, 0.07823410059897097)	(15, 0.08774929342169112)	(16, 0.1011076054866778)	(17, 0.1075552483118057)	(18, 0.11659583905942666)	(19, 0.12254572848871882)	(20, 0.12694447942866244)	(21, 0.1308859917840593)	(22, 0.13420820630975355)	(23, 0.13784296366539117)	(24, 0.13987449206002303)	(25, 0.14234010771846511)	(26, 0.14460314932046242)	(27, 0.14687197875264388)	(28, 0.14885141667561852)	(29, 0.15233569044646858)	(30, 0.15503281931227614)	(31, 0.1573711027066672)	(32, 0.15968623478032173)	(33, 0.16237178798576102)	(34, 0.16668950930312673)	(35, 0.17173070939350948)	(36, 0.17341496797709316)	(37, 0.17841565325618697)	(38, 0.17986261080222105)	(39, 0.18136165881991237)	(40, 0.18371151787467171)	(41, 0.19097524475576283)	(42, 0.19238168749050796)	(43, 0.19726082833573488)	(44, 0.1977064912599134)
SRR34661437 - polya	(1, 0.00586869283412057)	(2, 0.008484796727725128)	(3, 0.013341127518726693)	(4, 0.016067488664552133)	(5, 0.018332774028362978)	(6, 0.021655526674837732)	(7, 0.03093718263452287)	(8, 0.03939692089583416)	(9, 0.0450551226120785)	(10, 0.05053791506342598)	(11, 0.06073671089385755)	(12, 0.07954058409080066)	(13, 0.08585531762708752)	(14, 0.09747242265654224)	(15, 0.10975608289260502)	(16, 0.12609921468770938)	(17, 0.1329251409388385)	(18, 0.1406331252077347)	(19, 0.14626626845756519)	(20, 0.14972934851595743)	(21, 0.1533878846123776)	(22, 0.15612928083805133)	(23, 0.15915634358084282)	(24, 0.16088537776339756)	(25, 0.16296523047574601)	(26, 0.16499997794854956)	(27, 0.1667741173706492)	(28, 0.16841795276739688)	(29, 0.1711342905266568)	(30, 0.17338454081061933)	(31, 0.1753391011908986)	(32, 0.17728363818461235)	(33, 0.17965918080064405)	(34, 0.18437518417972815)	(35, 0.18955727503410957)	(36, 0.19104073624580872)	(37, 0.1954209561749474)	(38, 0.1967390315083152)	(39, 0.198057106841683)	(40, 0.20027728696594896)	(41, 0.20824587928554905)	(42, 0.20948877921967535)	(43, 0.21497658336430558)	(44, 0.21549278777243064)
SRR34661438 - polya	(1, 0.003329452653763118)	(2, 0.005108579605003836)	(3, 0.00912443600492191)	(4, 0.010292111343208501)	(5, 0.011511069720000922)	(6, 0.012745807493256675)	(7, 0.01605948075055646)	(8, 0.02039092507974118)	(9, 0.023396900106005987)	(10, 0.026473882416355787)	(11, 0.0329394901172062)	(12, 0.03846227887937251)	(13, 0.041645772115849806)	(14, 0.049870782522361774)	(15, 0.05670326119098466)	(16, 0.06661272216995735)	(17, 0.07140965869481038)	(18, 0.07799361186913578)	(19, 0.08157947971542805)	(20, 0.08432114985093205)	(21, 0.08728373153692268)	(22, 0.08957174402410586)	(23, 0.09238836629281069)	(24, 0.0942148314334414)	(25, 0.09595845474263962)	(26, 0.09795454839525115)	(27, 0.09977706868676604)	(28, 0.10130372529459344)	(29, 0.10399016754247577)	(30, 0.10613616546148896)	(31, 0.10789556816715051)	(32, 0.10984037878125623)	(33, 0.11245975859416939)	(34, 0.11712651509819992)	(35, 0.12277159418295705)	(36, 0.12425091260139445)	(37, 0.13104788762797484)	(38, 0.1324246399694006)	(39, 0.13390790323695384)	(40, 0.13641682727462368)	(41, 0.14488247347720146)	(42, 0.14627500521509054)	(43, 0.15184513216664683)	(44, 0.1523776867972843)
SRR34661439 - polya	(1, 0.005123712347692824)	(2, 0.007362075481257204)	(3, 0.011212686186549775)	(4, 0.012851021906687807)	(5, 0.01448413999714387)	(6, 0.0169938198741706)	(7, 0.025002881435991865)	(8, 0.03521378272360374)	(9, 0.04118275107977542)	(10, 0.04773609396032755)	(11, 0.05552601507550615)	(12, 0.07304159791787357)	(13, 0.07954276450160601)	(14, 0.09085458565211318)	(15, 0.10831799219766093)	(16, 0.13243909421740016)	(17, 0.1391385307290474)	(18, 0.14739803851560315)	(19, 0.153502665243506)	(20, 0.1575150224689396)	(21, 0.16130302161804852)	(22, 0.16439185838977374)	(23, 0.16791897605478429)	(24, 0.16992776348234206)	(25, 0.1722861320985917)	(26, 0.17451927760247413)	(27, 0.17660111184557944)	(28, 0.17838032356713063)	(29, 0.18105696759398035)	(30, 0.18335272465404637)	(31, 0.18568500512188618)	(32, 0.18770422780880788)	(33, 0.19023999583424447)	(34, 0.1949358625480159)	(35, 0.2008526546073679)	(36, 0.20240229062291246)	(37, 0.20712424548509373)	(38, 0.20840256475717595)	(39, 0.20986871869780904)	(40, 0.2124879687981571)	(41, 0.22078921762216858)	(42, 0.22215623659884426)	(43, 0.22751995991190763)	(44, 0.22806259339883234)
SRR34661440 - polya	(1, 0.002156991225518091)	(2, 0.0037549350491740425)	(3, 0.00840434594132751)	(4, 0.009890480284611033)	(5, 0.011143678210451997)	(6, 0.012480733246572282)	(7, 0.01538312100790656)	(8, 0.01861161975366042)	(9, 0.021281071097552142)	(10, 0.02351260197665185)	(11, 0.029699393223926205)	(12, 0.037521398121647315)	(13, 0.04060081756023794)	(14, 0.04751902915828193)	(15, 0.052541138318343485)	(16, 0.06102002391325261)	(17, 0.06508243503345083)	(18, 0.07121332154053897)	(19, 0.07472134398722391)	(20, 0.07722308111055698)	(21, 0.07936609615102852)	(22, 0.08094540506128907)	(23, 0.08292536460955081)	(24, 0.08415992762199637)	(25, 0.08534790335095342)	(26, 0.08651724416651506)	(27, 0.08776578336400717)	(28, 0.08875343377396362)	(29, 0.09056567910166673)	(30, 0.09204249598825255)	(31, 0.09354726524493148)	(32, 0.09465604259195806)	(33, 0.09617012930533468)	(34, 0.09889082666106377)	(35, 0.10208671430837567)	(36, 0.10294392032456429)	(37, 0.10629820473573713)	(38, 0.10708087109834412)	(39, 0.10783092636250917)	(40, 0.1091260528434898)	(41, 0.11293223390450119)	(42, 0.11371955899545703)	(43, 0.11668716895367523)	(44, 0.11696203392625745)
SRR34661441 - polya	(1, 0.002335718236854417)	(2, 0.004042051320065428)	(3, 0.009986244437808704)	(4, 0.011818454551748398)	(5, 0.013398910604230726)	(6, 0.014615721901274645)	(7, 0.01749690727128668)	(8, 0.020839641753970545)	(9, 0.023511032072768112)	(10, 0.026014586350594105)	(11, 0.031357366988189236)	(12, 0.04030862250667323)	(13, 0.04372128867309525)	(14, 0.05057459367943456)	(15, 0.0560991966947489)	(16, 0.06437910804934659)	(17, 0.06905054452305542)	(18, 0.07558216378419921)	(19, 0.07945637906329307)	(20, 0.08230959175980984)	(21, 0.08516280445632661)	(22, 0.08765237239740498)	(23, 0.09078531182887438)	(24, 0.09296718036150485)	(25, 0.094743445128454)	(26, 0.09716308138579421)	(27, 0.09956873130638678)	(28, 0.10112121468537386)	(29, 0.10474367590301036)	(30, 0.10737310721156502)	(31, 0.11014240188759601)	(32, 0.11252007913469332)	(33, 0.11556910054567693)	(34, 0.12179302039837282)	(35, 0.1293876012523366)	(36, 0.13191912820365784)	(37, 0.13947175004737872)	(38, 0.1417095639269997)	(39, 0.1434998150306965)	(40, 0.14703835822784722)	(41, 0.1567029169204604)	(42, 0.15828337297294273)	(43, 0.16541640471423466)	(44, 0.16626957125584016)
SRR34661442 - polya	(1, 0.0034980432985508587)	(2, 0.005247064947826288)	(3, 0.009379514083897705)	(4, 0.010868605563633461)	(5, 0.012467836945716536)	(6, 0.01397014521373397)	(7, 0.017847069776359605)	(8, 0.021913434971022633)	(9, 0.02490483471877582)	(10, 0.027667143469646587)	(11, 0.03410371936282392)	(12, 0.04223644975214998)	(13, 0.045787360203827544)	(14, 0.052704146071239195)	(15, 0.05791156065422045)	(16, 0.06614121415761214)	(17, 0.07053359346322323)	(18, 0.076829190281396)	(19, 0.08050345742370256)	(20, 0.08326576617457333)	(21, 0.08616464840435477)	(22, 0.08812073307004316)	(23, 0.09023541919511169)	(24, 0.09183905617328866)	(25, 0.09340744838271449)	(26, 0.0950991972827693)	(27, 0.09642968730312493)	(28, 0.09794961795551793)	(29, 0.10012598242590096)	(30, 0.10184416490251914)	(31, 0.10377822158773806)	(32, 0.10541269773857229)	(33, 0.10745248873004463)	(34, 0.11186689601612519)	(35, 0.11647955512643092)	(36, 0.11785410110772546)	(37, 0.12388536216026466)	(38, 0.12522025777671417)	(39, 0.12644941908691026)	(40, 0.12875354584401616)	(41, 0.13601837380284534)	(42, 0.13722110153647807)	(43, 0.1421377467772624)	(44, 0.1427016630772807)
