Sample	0	1	2	3	4	5	6	7	8	9	10	11	12	13	14	15	16	17	18	19	20	21	22	23	24	25	26	27	28	29	30	31	32	33	34	35	36	37	38	39	40	41	42	43	44	45	46	47	48	49	50	51	52	53	54
SRR34661416	(1, 0.0)	(2, 0.05872000003414574)	(3, 0.00020274032357782466)	(4, 0.021821261142981652)	(5, 0.0)	(6, 0.0)	(7, 0.0)	(8, 0.0)	(9, 0.0)	(10, 0.0)	(11, 8.536434676961037e-05)	(12, 0.0019633799757010385)	(13, 0.0)	(14, 0.00029877521369363634)	(15, 0.0003627984737708441)	(16, 7.67211233199992e-05)	(17, 0.0)	(18, 0.0)	(19, 0.0)	(20, 0.0)	(21, 0.0)	(22, 0.0)	(23, 0.0)	(24, 0.0)	(25, 0.0)	(26, 0.0)	(27, 0.0011958244798724055)	(28, 0.0)	(29, 0.0)	(30, 0.0)	(31, 0.0)	(32, 0.002646256051735566)	(33, 0.0)	(34, 0.0)	(35, 0.0007976798910597177)	(36, 0.005201557285056354)	(37, 0.0)	(38, 0.0)	(39, 0.0005420264044291301)	(40, 0.0013839038952010285)	(41, 0.002326263044520022)	(42, 0.0)	(43, 0.0)	(44, 0.0)	(45, 0.0)	(46, 0.0)	(47, 0.0)	(48, 0.00048749335790299855)	(49, 0.0030971258671952428)	(50, 0.0)	(51, 0.00469283276450512)	(52, 0.0)	(53, 0.0009283930444793108)	(54, 0.0)	(55, 0.002701242571582928)
SRR34661417	(1, 0.0)	(2, 0.05847768435989177)	(3, 0.0001792762885147094)	(4, 0.021378697405379097)	(5, 0.0)	(6, 0.0)	(7, 0.0)	(8, 0.0)	(9, 0.0)	(10, 0.0)	(11, 8.96381442573547e-05)	(12, 0.0023193869826590528)	(13, 0.0)	(14, 0.0002353001286755561)	(15, 0.0004481907212867735)	(16, 0.0001849825393824936)	(17, 0.0)	(18, 0.0)	(19, 0.0)	(20, 0.0)	(21, 0.0)	(22, 0.0)	(23, 0.0)	(24, 0.0)	(25, 0.0)	(26, 0.0)	(27, 0.0012594148758486806)	(28, 0.0)	(29, 0.0)	(30, 2.609523665378693e-05)	(31, 0.0)	(32, 0.003540591340329337)	(33, 0.0)	(34, 0.0)	(35, 0.0008150054732711315)	(36, 0.005289305740053763)	(37, 0.0)	(38, 0.0)	(39, 0.00043161337800052223)	(40, 0.0012875764025115314)	(41, 0.0025080452036230013)	(42, 0.0)	(43, 0.0)	(44, 0.0)	(45, 0.0)	(46, 0.0)	(47, 0.0)	(48, 0.0010337039161872864)	(49, 0.006015073774879849)	(50, 0.0)	(51, 0.0018791252671881238)	(52, 0.0005838938714499253)	(53, 0.002934387104346805)	(54, 0.0)	(55, 0.00289544546428468)
SRR34661418	(1, 0.0)	(2, 0.057188809337417934)	(3, 0.0003098656769474314)	(4, 0.021888911419566556)	(5, 0.0)	(6, 0.0)	(7, 0.0)	(8, 0.0)	(9, 0.0)	(10, 0.0)	(11, 0.0001115516437010753)	(12, 0.0023797683989562734)	(13, 0.0)	(14, 0.0002231032874021506)	(15, 0.0003346549311032259)	(16, 7.621131212126948e-05)	(17, 0.0)	(18, 0.0)	(19, 0.0)	(20, 0.0)	(21, 0.0)	(22, 0.0)	(23, 0.0)	(24, 0.0)	(25, 0.0)	(26, 0.0)	(27, 0.0010096550741106622)	(28, 0.0)	(29, 0.0)	(30, 0.0)	(31, 0.0)	(32, 0.0030921182718964694)	(33, 0.0)	(34, 0.0)	(35, 0.0012455619777486015)	(36, 0.0066835943132514015)	(37, 0.0)	(38, 0.0)	(39, 0.00048205432270162523)	(40, 0.0012742294734374123)	(41, 0.002340013747580767)	(42, 0.0)	(43, 0.0)	(44, 0.0)	(45, 0.0)	(46, 0.0)	(47, 0.0)	(48, 0.000279292941988063)	(49, 0.004176371375793109)	(50, 0.0)	(51, 0.002395611240207939)	(52, 0.0011917459674295828)	(53, 0.0010038749573353142)	(54, 0.0)	(55, 0.005827505827505828)
SRR34661419	(1, 0.0)	(2, 0.05670508403648936)	(3, 0.0001947672170046249)	(4, 0.022119991074096686)	(5, 0.0)	(6, 0.0)	(7, 0.0)	(8, 0.0)	(9, 0.0)	(10, 0.0)	(11, 9.738360850231245e-05)	(12, 0.0023650304921990165)	(13, 0.0)	(14, 0.00016694332886110704)	(15, 0.00044518221029628545)	(16, 8.648216082020834e-05)	(17, 0.0)	(18, 0.0)	(19, 0.0)	(20, 0.0)	(21, 0.0)	(22, 0.0)	(23, 0.0)	(24, 0.0)	(25, 0.0)	(26, 0.0)	(27, 0.0008192300241989978)	(28, 0.0)	(29, 0.0)	(30, 0.0)	(31, 0.0)	(32, 0.002399131125484284)	(33, 0.0)	(34, 0.0)	(35, 0.001030091018842425)	(36, 0.005572830065077007)	(37, 0.0)	(38, 0.0)	(39, 0.0004361568187303184)	(40, 0.001695495223327548)	(41, 0.0014494066491530031)	(42, 0.0)	(43, 0.0)	(44, 0.0)	(45, 0.0)	(46, 0.0)	(47, 0.0)	(48, 0.0010555426544786675)	(49, 0.006227697059904218)	(50, 0.0)	(51, 0.0029529593574360437)	(52, 0.0)	(53, 0.0)	(54, 0.0)	(55, 0.01119194180190263)
SRR34661420	(1, 0.0)	(2, 0.05735137305125124)	(3, 0.00012609736229537549)	(4, 0.021333381021063073)	(5, 0.0)	(6, 0.0)	(7, 0.0)	(8, 0.0)	(9, 0.0)	(10, 0.0)	(11, 0.00020634113830152355)	(12, 0.0021780453487383043)	(13, 0.0)	(14, 0.00022926793144613727)	(15, 0.00036682869031381965)	(16, 0.00011883083764808104)	(17, 0.0)	(18, 0.0)	(19, 0.0)	(20, 0.0)	(21, 0.0)	(22, 0.0)	(23, 0.0)	(24, 0.0)	(25, 0.0)	(26, 0.0)	(27, 0.0010629987329959783)	(28, 0.0)	(29, 0.0)	(30, 0.0)	(31, 0.0)	(32, 0.0029877665687436696)	(33, 0.0)	(34, 0.0)	(35, 0.0010267450883757326)	(36, 0.006171628325910883)	(37, 0.0)	(38, 0.0)	(39, 0.0004362424402820453)	(40, 0.0015308274198745793)	(41, 0.0034511197556253252)	(42, 0.0)	(43, 0.0)	(44, 0.0)	(45, 0.0)	(46, 0.0)	(47, 0.0)	(48, 0.000529757821212033)	(49, 0.0030823480094196555)	(50, 0.0)	(51, 0.008364495178114545)	(52, 0.0)	(53, 0.0039047247169074584)	(54, 0.0)	(55, 0.008632348286478865)
SRR34661421	(1, 0.0)	(2, 0.05619975223881241)	(3, 0.00023394069135592748)	(4, 0.020676758028304664)	(5, 0.0)	(6, 0.0)	(7, 0.0)	(8, 0.0)	(9, 0.0)	(10, 0.0)	(11, 8.09794700847441e-05)	(12, 0.002114463941101652)	(13, 0.0)	(14, 0.00031492016144067154)	(15, 0.0005128699772033794)	(16, 8.320528194525813e-05)	(17, 0.0)	(18, 0.0)	(19, 0.0)	(20, 0.0)	(21, 0.0)	(22, 0.0)	(23, 0.0)	(24, 0.0)	(25, 0.0)	(26, 0.0)	(27, 0.0012030013164271549)	(28, 0.0)	(29, 0.0)	(30, 0.0)	(31, 0.0)	(32, 0.0031123718687315876)	(33, 0.0)	(34, 0.0)	(35, 0.0009912370142319106)	(36, 0.006111529400213503)	(37, 0.0)	(38, 0.0)	(39, 0.0006693960173614551)	(40, 0.0014897452322832048)	(41, 0.00297605269597307)	(42, 0.0)	(43, 0.0)	(44, 0.0)	(45, 0.0)	(46, 0.0)	(47, 0.0)	(48, 0.0008008221774355004)	(49, 0.004670321971996749)	(50, 0.0)	(51, 0.003950714832464999)	(52, 0.0006146205947068874)	(53, 0.0)	(54, 0.0)	(55, 0.006029726551900871)
SRR34661422	(1, 0.0)	(2, 0.05782327172091711)	(3, 9.391468527028928e-05)	(4, 0.020896017472639365)	(5, 0.0)	(6, 0.0)	(7, 0.0)	(8, 0.0)	(9, 0.0)	(10, 0.0)	(11, 0.000131480559378405)	(12, 0.002084906013000422)	(13, 0.0)	(14, 0.00022539524464869427)	(15, 0.00044139902077035964)	(16, 0.00010638920362361627)	(17, 0.0)	(18, 0.0)	(19, 0.0)	(20, 0.0)	(21, 0.0)	(22, 0.0)	(23, 0.0)	(24, 0.0)	(25, 0.0)	(26, 0.0)	(27, 0.0009957321261519583)	(28, 0.0)	(29, 0.0)	(30, 0.0)	(31, 0.0)	(32, 0.0027436011152577144)	(33, 0.0)	(34, 0.0)	(35, 0.001047730845489456)	(36, 0.004940592771414183)	(37, 0.0)	(38, 0.0)	(39, 0.00029424451837174503)	(40, 0.0010549924102604838)	(41, 0.0030646971829731127)	(42, 0.0)	(43, 0.0)	(44, 0.0)	(45, 0.0)	(46, 0.0)	(47, 0.0)	(48, 0.00019394842135682434)	(49, 0.003990537991030157)	(50, 0.0)	(51, 0.005415486259895955)	(52, 0.0004203199475440705)	(53, 0.0014462466284375474)	(54, 0.0)	(55, 0.006106000162826671)
SRR34661423	(1, 0.0)	(2, 0.05659753121991714)	(3, 0.00012686868766606583)	(4, 0.021694545590897257)	(5, 0.0)	(6, 0.0)	(7, 0.0)	(8, 0.0)	(9, 0.0)	(10, 0.0)	(11, 0.0001409652085178509)	(12, 0.001860740752435632)	(13, 0.0)	(14, 0.00023964085448034656)	(15, 0.00040879910470176766)	(16, 8.727741168944195e-05)	(17, 0.0)	(18, 0.0)	(19, 0.0)	(20, 0.0)	(21, 0.0)	(22, 0.0)	(23, 0.0)	(24, 0.0)	(25, 0.0)	(26, 0.0)	(27, 0.0012217679338351575)	(28, 0.0)	(29, 0.0)	(30, 0.0)	(31, 0.0)	(32, 0.0028076221879477525)	(33, 0.0)	(34, 0.0)	(35, 0.0006538002735262599)	(36, 0.005235717157509764)	(37, 0.0)	(38, 0.0)	(39, 0.0005244008065284404)	(40, 0.0012914616855604437)	(41, 0.0018985879779299696)	(42, 0.0)	(43, 0.0)	(44, 0.0)	(45, 0.0)	(46, 0.0)	(47, 0.0)	(48, 0.00032003481978839295)	(49, 0.00337054666521858)	(50, 0.0)	(51, 0.003625881542450008)	(52, 0.0)	(53, 0.001197332343538596)	(54, 0.0)	(55, 0.0)
SRR34661424	(1, 0.6656210236234525)	(2, 0.0013964808533140245)	(3, 0.001291931484616718)	(4, 0.0)	(5, 2.2403436149422854e-05)	(6, 0.00012695280484672952)	(7, 0.0)	(8, 0.0)	(9, 0.0)	(10, 0.0)	(11, 0.0)	(12, 0.0)	(13, 0.0)	(14, 0.002367296419789015)	(15, 0.0)	(16, 0.0)	(17, 0.0)	(18, 0.0)	(19, 1.7097835610636802e-05)	(20, 3.571276154464122e-05)	(21, 0.0003446885222168987)	(22, 0.0)	(23, 0.0)	(24, 0.0)	(25, 0.0)	(26, 0.0003341226647164595)	(27, 0.00012665870124167747)	(28, 0.0)	(29, 0.0)	(30, 0.0)	(31, 0.0006338822753838157)	(32, 0.0)	(33, 0.0003503391552514492)	(34, 0.0)	(35, 0.00010657829667987291)	(36, 0.0038138915297794155)	(37, 0.0)	(38, 0.0)	(39, 0.0)	(40, 0.0011456984750753297)	(41, 0.0)	(42, 0.0)	(43, 0.0)	(44, 8.993808662116999e-05)	(45, 0.0)	(46, 0.0)	(47, 0.000917067010086427)	(48, 0.0)	(49, 0.0)	(50, 0.0)	(51, 0.0)	(52, 0.001176761317501971)	(53, 0.007443047396262527)	(54, 0.0)	(55, 0.0)
SRR34661425	(1, 0.6699228733904171)	(2, 0.001412264101457053)	(3, 0.0010299971266265725)	(4, 0.0)	(5, 1.0618527078624458e-05)	(6, 0.0002336075957297381)	(7, 2.1237054157248917e-05)	(8, 0.0)	(9, 0.0)	(10, 0.0)	(11, 0.0)	(12, 0.0)	(13, 0.0)	(14, 0.002569683553027119)	(15, 0.0)	(16, 0.0)	(17, 0.0)	(18, 0.0)	(19, 2.3443393815726485e-05)	(20, 1.2152824194814634e-05)	(21, 0.00029018526562865296)	(22, 0.0)	(23, 3.0768904145479075e-05)	(24, 0.0)	(25, 0.0)	(26, 0.00039753565752871016)	(27, 0.00011978539249081347)	(28, 0.0)	(29, 0.0)	(30, 0.0)	(31, 0.0008511564480268674)	(32, 0.0)	(33, 0.00040411420590750314)	(34, 0.0)	(35, 0.00010499751418385169)	(36, 0.004362969184233837)	(37, 0.0)	(38, 0.0)	(39, 0.0)	(40, 0.0010250126746759582)	(41, 0.0)	(42, 0.0)	(43, 0.0)	(44, 0.0001385970650685501)	(45, 0.0)	(46, 0.0)	(47, 0.0008271384112738965)	(48, 0.0)	(49, 0.0)	(50, 0.0)	(51, 0.0)	(52, 0.00044077329266465086)	(53, 0.007429922323539344)	(54, 0.0)	(55, 0.0)
SRR34661426	(1, 0.6283396227630309)	(2, 0.0014546955072451055)	(3, 0.0015324273282429355)	(4, 0.0)	(5, 0.0)	(6, 0.0003220318298481531)	(7, 1.1104545856832866e-05)	(8, 0.0)	(9, 0.0)	(10, 0.0)	(11, 0.0)	(12, 0.0)	(13, 0.0)	(14, 0.0027650319183513835)	(15, 0.0)	(16, 0.0)	(17, 0.0)	(18, 0.0)	(19, 6.611816797664389e-05)	(20, 4.363194649676193e-05)	(21, 0.0004391930893594808)	(22, 0.0)	(23, 0.0)	(24, 0.0)	(25, 0.0)	(26, 0.0002628851859465786)	(27, 0.000334136839616823)	(28, 0.0)	(29, 0.0)	(30, 0.0)	(31, 0.0007466045049286267)	(32, 0.0)	(33, 0.00011035122034655802)	(34, 0.0)	(35, 0.00015439198890847952)	(36, 0.003974446039982927)	(37, 0.0)	(38, 0.0)	(39, 0.0)	(40, 0.0013777675906477135)	(41, 0.0)	(42, 0.0)	(43, 0.0)	(44, 0.0)	(45, 0.0)	(46, 0.0)	(47, 0.0015683322355007686)	(48, 0.0)	(49, 0.0)	(50, 0.0)	(51, 0.0)	(52, 0.0019853349921910156)	(53, 0.012410027302060065)	(54, 0.0)	(55, 0.0)
SRR34661427	(1, 0.6686530316097912)	(2, 0.0014586217150015701)	(3, 0.0013648531761800405)	(4, 0.0)	(5, 2.0837453071451e-05)	(6, 0.00036465542875039253)	(7, 1.04187265357255e-05)	(8, 0.0)	(9, 0.0)	(10, 0.0)	(11, 0.0)	(12, 0.0)	(13, 0.0)	(14, 0.002542169274717022)	(15, 0.0)	(16, 0.0)	(17, 0.0)	(18, 0.0)	(19, 3.5438841537346395e-05)	(20, 6.223342313201402e-05)	(21, 0.00027455394788966067)	(22, 0.0)	(23, 0.0)	(24, 0.0)	(25, 0.0)	(26, 0.00031292020713529595)	(27, 0.00018924224094984466)	(28, 0.0)	(29, 0.0)	(30, 0.0)	(31, 0.000631244941273179)	(32, 0.0)	(33, 0.0005370807245756055)	(34, 0.0)	(35, 5.5600313808171136e-05)	(36, 0.003917045414827162)	(37, 0.0)	(38, 0.0)	(39, 0.0)	(40, 0.0010571873287153223)	(41, 0.0)	(42, 0.0)	(43, 0.0)	(44, 0.00013968002100787517)	(45, 0.0)	(46, 0.0)	(47, 0.0004088282369486696)	(48, 0.0)	(49, 0.0)	(50, 0.0)	(51, 0.0)	(52, 0.0012729340280724383)	(53, 0.008638275534410239)	(54, 0.0)	(55, 0.0)
SRR34661428	(1, 0.6273555892087856)	(2, 0.0014063453422878186)	(3, 0.00137495370518318)	(4, 0.0)	(5, 1.2556654841855525e-05)	(6, 0.00030763804362546034)	(7, 1.8834982262783287e-05)	(8, 0.0)	(9, 0.0)	(10, 0.0)	(11, 0.0)	(12, 6.278327420927762e-06)	(13, 0.0)	(14, 0.0027122374458407933)	(15, 0.0)	(16, 0.0)	(17, 0.0)	(18, 0.0)	(19, 4.2327594416990296e-05)	(20, 6.596073049896653e-05)	(21, 0.0003419503816318237)	(22, 0.0)	(23, 5.1033279311772e-05)	(24, 0.0)	(25, 0.0)	(26, 0.00039951510851279806)	(27, 0.00022156540389157474)	(28, 0.0)	(29, 0.0)	(30, 0.0)	(31, 0.000779654651971909)	(32, 0.0)	(33, 0.0004915400373883226)	(34, 0.0)	(35, 2.8441224645003745e-05)	(36, 0.004649255514714429)	(37, 0.0)	(38, 0.0)	(39, 3.881561148367629e-05)	(40, 0.001196480696434281)	(41, 0.0)	(42, 0.0)	(43, 0.0)	(44, 0.00013372228689180596)	(45, 0.0)	(46, 0.0)	(47, 0.0004792568068844282)	(48, 0.0)	(49, 0.0)	(50, 0.0)	(51, 0.0001536296542103743)	(52, 0.0018635091367852977)	(53, 0.008282625260902695)	(54, 0.0)	(55, 0.0)
SRR34661429	(1, 0.6380795807837342)	(2, 0.0014655332303836679)	(3, 0.0014461221942196458)	(4, 0.0)	(5, 1.941103616402209e-05)	(6, 0.0002523434701322872)	(7, 9.705518082011044e-06)	(8, 0.0)	(9, 0.0)	(10, 0.0)	(11, 0.0)	(12, 0.0)	(13, 0.0)	(14, 0.0024749071109128164)	(15, 0.0)	(16, 0.0)	(17, 0.0)	(18, 0.0)	(19, 4.342706413721389e-05)	(20, 3.3611166974115484e-05)	(21, 0.0004037715492875855)	(22, 0.0)	(23, 1.27578195865701e-05)	(24, 0.0)	(25, 0.0)	(26, 0.00041136876344753475)	(27, 0.0001694603488972907)	(28, 0.0)	(29, 0.0)	(30, 0.0)	(31, 0.0004066690102851111)	(32, 0.0)	(33, 0.00023465007221355971)	(34, 0.0)	(35, 0.00010839779388809879)	(36, 0.0036846691500291443)	(37, 0.0)	(38, 0.0)	(39, 0.0)	(40, 0.0013719049691980952)	(41, 0.0)	(42, 0.0)	(43, 0.0)	(44, 9.058036652439511e-05)	(45, 0.0)	(46, 0.0)	(47, 0.0006700526661395586)	(48, 0.0)	(49, 0.0)	(50, 0.0)	(51, 0.0)	(52, 0.0002776983252014007)	(53, 0.008215070546918321)	(54, 0.0)	(55, 0.0)
SRR34661430	(1, 0.6551566313269578)	(2, 0.0016516129478954342)	(3, 0.00134869703605435)	(4, 0.0)	(5, 7.212283615263903e-06)	(6, 0.0003101281954563479)	(7, 7.212283615263903e-06)	(8, 0.0)	(9, 0.0)	(10, 0.0)	(11, 0.0)	(12, 0.0)	(13, 0.0)	(14, 0.0028849134461055616)	(15, 0.0)	(16, 0.0)	(17, 0.0)	(18, 0.0)	(19, 8.289642083926492e-06)	(20, 4.358647661568095e-05)	(21, 0.0003772420368346485)	(22, 0.0)	(23, 2.3182210435356118e-05)	(24, 0.0)	(25, 0.0)	(26, 0.00042679482677575347)	(27, 0.00012452435587442093)	(28, 0.0)	(29, 0.0)	(30, 0.0)	(31, 0.0007288188673094701)	(32, 0.0)	(33, 0.0005181770760764553)	(34, 0.0)	(35, 3.773619081833194e-05)	(36, 0.004937533919393503)	(37, 0.0)	(38, 0.0)	(39, 0.0)	(40, 0.0013560073483806913)	(41, 0.0)	(42, 7.209186810936914e-05)	(43, 0.0)	(44, 0.0)	(45, 0.0)	(46, 0.0)	(47, 0.00043315607624124484)	(48, 0.0)	(49, 0.0)	(50, 0.0)	(51, 0.0)	(52, 0.0018946809988758227)	(53, 0.009934926233172717)	(54, 0.0)	(55, 0.0)
SRR34661431	(1, 0.6781704757433515)	(2, 0.0014092763741070065)	(3, 0.0014926655086695514)	(4, 0.0)	(5, 2.501674036876343e-05)	(6, 0.00022515066331887088)	(7, 8.338913456254478e-06)	(8, 0.0)	(9, 0.0)	(10, 0.0)	(11, 0.0)	(12, 8.338913456254478e-06)	(13, 0.0)	(14, 0.0025934020848951424)	(15, 0.0)	(16, 0.0)	(17, 0.0)	(18, 0.0)	(19, 9.616013354719348e-06)	(20, 3.052914643050676e-05)	(21, 0.000494380080695726)	(22, 0.0)	(23, 1.32505790503045e-05)	(24, 0.0)	(25, 0.0)	(26, 0.00033007777622641227)	(27, 0.00012211641706943278)	(28, 0.0)	(29, 0.0)	(30, 0.0)	(31, 0.0007517504509249788)	(32, 0.0)	(33, 0.000355807999534215)	(34, 0.0)	(35, 0.0)	(36, 0.00420795322286181)	(37, 0.0)	(38, 0.0)	(39, 0.0)	(40, 0.001200129613998312)	(41, 0.0)	(42, 0.0)	(43, 0.0)	(44, 0.00010549112977835258)	(45, 0.0)	(46, 0.0)	(47, 0.00030156406200760244)	(48, 0.0)	(49, 0.0)	(50, 0.0)	(51, 0.0)	(52, 0.0009649125628399308)	(53, 0.01144638730214102)	(54, 0.0)	(55, 0.0)
SRR34661432	(1, 0.024668142952432904)	(2, 0.08757527815444331)	(3, 0.006113882812890139)	(4, 0.0)	(5, 0.0)	(6, 0.0008141472448038608)	(7, 0.0007104342199880822)	(8, 0.0)	(9, 0.0)	(10, 0.0007934046398407051)	(11, 0.0)	(12, 0.0)	(13, 0.0)	(14, 0.0)	(15, 0.0)	(16, 0.0)	(17, 0.00023026878954498297)	(18, 0.0)	(19, 0.0)	(20, 0.0)	(21, 0.0)	(22, 0.0)	(23, 0.0)	(24, 0.0)	(25, 0.0)	(26, 0.0)	(27, 0.0)	(28, 0.0)	(29, 0.0)	(30, 0.0)	(31, 0.0)	(32, 0.0)	(33, 0.0)	(34, 0.0)	(35, 0.0)	(36, 0.0)	(37, 0.0)	(38, 0.0)	(39, 0.0)	(40, 0.0)	(41, 0.0)	(42, 0.0)	(43, 0.0)	(44, 0.0)	(45, 0.0)	(46, 4.1491813250327574e-05)	(47, 0.0)	(48, 0.0)	(49, 0.0)	(50, 0.0)	(51, 0.0)	(52, 0.0)	(53, 0.0)	(54, 0.0)	(55, 0.0)
SRR34661433	(1, 0.024064273733046496)	(2, 0.08748274004287698)	(3, 0.005793682315446068)	(4, 0.0)	(5, 0.0)	(6, 0.0007498254443623931)	(7, 0.0006427075237391941)	(8, 0.0)	(9, 0.0)	(10, 0.0007218816389824282)	(11, 0.0)	(12, 0.0)	(13, 0.0)	(14, 0.0)	(15, 0.0)	(16, 0.0)	(17, 0.0002322983907674166)	(18, 0.0)	(19, 0.0)	(20, 0.0)	(21, 0.0)	(22, 0.0)	(23, 0.0)	(24, 0.0)	(25, 0.0)	(26, 0.0)	(27, 0.0)	(28, 0.0)	(29, 0.0)	(30, 0.0)	(31, 0.0)	(32, 0.0)	(33, 0.0)	(34, 0.0)	(35, 0.0)	(36, 0.0)	(37, 0.0)	(38, 0.0)	(39, 0.0)	(40, 0.0)	(41, 0.0)	(42, 0.0)	(43, 0.0)	(44, 0.0)	(45, 0.0)	(46, 0.0)	(47, 0.0)	(48, 0.0)	(49, 0.0)	(50, 0.0)	(51, 0.0)	(52, 0.0)	(53, 0.0)	(54, 0.0)	(55, 0.0)
SRR34661434	(1, 0.024655766576562516)	(2, 0.08755911926656894)	(3, 0.005894936882473184)	(4, 0.0)	(5, 0.0)	(6, 0.0007774108901776862)	(7, 0.0006229583954403976)	(8, 0.0)	(9, 0.0)	(10, 0.0007156298922827709)	(11, 0.0)	(12, 0.0)	(13, 0.0)	(14, 0.0)	(15, 0.0)	(16, 0.0)	(17, 0.00021314026803667546)	(18, 0.0)	(19, 0.0)	(20, 0.0)	(21, 0.0)	(22, 0.0)	(23, 0.0)	(24, 0.0)	(25, 0.0)	(26, 0.0)	(27, 0.0)	(28, 0.0)	(29, 0.0)	(30, 0.0)	(31, 0.0)	(32, 0.0)	(33, 0.0)	(34, 0.0)	(35, 0.0)	(36, 0.0)	(37, 0.0)	(38, 0.0)	(39, 0.0)	(40, 0.0)	(41, 0.0)	(42, 0.0)	(43, 0.0)	(44, 0.0)	(45, 0.0)	(46, 4.40341246852661e-05)	(47, 0.0)	(48, 0.0)	(49, 0.0)	(50, 0.0001517717838041294)	(51, 0.0)	(52, 0.0)	(53, 0.0)	(54, 0.0)	(55, 0.0)
SRR34661435	(1, 0.024337060190628597)	(2, 0.08716020803620783)	(3, 0.005903317523966003)	(4, 0.0)	(5, 0.0)	(6, 0.0008825963602825531)	(7, 0.0006046853956261089)	(8, 0.0)	(9, 0.0)	(10, 0.0007237900947645849)	(11, 0.0)	(12, 0.0)	(13, 0.0)	(14, 0.0)	(15, 0.0)	(16, 0.0)	(17, 0.00020580811395006342)	(18, 0.0)	(19, 0.0)	(20, 0.0)	(21, 0.0)	(22, 0.0)	(23, 0.0)	(24, 0.0)	(25, 0.0)	(26, 0.0)	(27, 0.0)	(28, 0.0)	(29, 0.0)	(30, 0.0)	(31, 0.0)	(32, 0.0)	(33, 0.0)	(34, 0.0)	(35, 0.0)	(36, 0.0)	(37, 0.0)	(38, 0.0)	(39, 0.0)	(40, 0.0)	(41, 0.0)	(42, 0.0)	(43, 0.0)	(44, 0.0)	(45, 0.0)	(46, 0.0)	(47, 0.0)	(48, 0.0)	(49, 0.0)	(50, 0.0)	(51, 0.0)	(52, 0.0)	(53, 0.0)	(54, 0.0)	(55, 0.0)
SRR34661436	(1, 0.02422785715079474)	(2, 0.0859782173853454)	(3, 0.006488157636416842)	(4, 0.0)	(5, 0.0)	(6, 0.0008450232068839064)	(7, 0.0007524179239377247)	(8, 0.0)	(9, 0.0)	(10, 0.0007755692446742703)	(11, 0.0)	(12, 0.0)	(13, 0.0)	(14, 0.0)	(15, 0.0)	(16, 0.0)	(17, 0.00021140830487928556)	(18, 0.0)	(19, 0.0)	(20, 0.0)	(21, 0.0)	(22, 0.0)	(23, 0.0)	(24, 0.0)	(25, 0.0)	(26, 0.0)	(27, 0.0)	(28, 0.0)	(29, 0.0)	(30, 0.0)	(31, 0.0)	(32, 0.0)	(33, 0.0)	(34, 0.0)	(35, 0.0)	(36, 0.0)	(37, 0.0)	(38, 0.0)	(39, 0.0)	(40, 0.0)	(41, 0.0)	(42, 0.0)	(43, 0.0)	(44, 0.0)	(45, 0.0)	(46, 0.0)	(47, 0.0)	(48, 0.0)	(49, 0.0)	(50, 0.0)	(51, 0.0)	(52, 0.0)	(53, 0.0)	(54, 0.0)	(55, 0.0)
SRR34661437	(1, 0.024421981366925312)	(2, 0.08661709500606816)	(3, 0.005813564208010129)	(4, 0.0)	(5, 0.0)	(6, 0.0008620112446359846)	(7, 0.0005061810215595026)	(8, 0.0)	(9, 0.0)	(10, 0.0006164382737803844)	(11, 0.0)	(12, 0.0)	(13, 0.0)	(14, 0.0)	(15, 0.0)	(16, 0.0)	(17, 0.0002200237080784114)	(18, 0.0)	(19, 0.0)	(20, 0.0)	(21, 0.0)	(22, 0.0)	(23, 0.0)	(24, 0.0)	(25, 0.0)	(26, 0.0)	(27, 0.0)	(28, 0.0)	(29, 0.0)	(30, 0.0)	(31, 0.0)	(32, 0.0)	(33, 0.0)	(34, 0.0)	(35, 0.0)	(36, 0.0)	(37, 0.0)	(38, 0.0)	(39, 0.0)	(40, 0.0)	(41, 0.0)	(42, 0.0)	(43, 0.0)	(44, 0.0)	(45, 0.0)	(46, 0.0)	(47, 0.0)	(48, 0.0)	(49, 0.0)	(50, 0.0)	(51, 0.0)	(52, 0.0)	(53, 0.0)	(54, 0.0)	(55, 0.0)
SRR34661438	(1, 0.023712488035272632)	(2, 0.08738629761393434)	(3, 0.00581865244585379)	(4, 0.0)	(5, 0.0)	(6, 0.0009033704475257748)	(7, 0.0005838376691432955)	(8, 0.0)	(9, 0.0)	(10, 0.0006272310094174594)	(11, 0.0)	(12, 0.0)	(13, 0.0)	(14, 0.0)	(15, 0.0)	(16, 0.0)	(17, 0.00022369414779098163)	(18, 0.0)	(19, 0.0)	(20, 0.0)	(21, 0.0)	(22, 0.0)	(23, 0.0)	(24, 0.0)	(25, 0.0)	(26, 0.0)	(27, 0.0)	(28, 0.0)	(29, 0.0)	(30, 0.0)	(31, 0.0)	(32, 0.0)	(33, 0.0)	(34, 0.0)	(35, 0.0)	(36, 0.0)	(37, 0.0)	(38, 0.0)	(39, 0.0)	(40, 0.0)	(41, 0.0)	(42, 0.0)	(43, 0.0)	(44, 0.0)	(45, 0.0)	(46, 3.35923866214961e-05)	(47, 0.0)	(48, 0.0)	(49, 0.0)	(50, 5.747367561972427e-05)	(51, 0.0)	(52, 0.0)	(53, 0.0)	(54, 0.0)	(55, 0.0)
SRR34661439	(1, 0.024215019354014662)	(2, 0.08825620607049299)	(3, 0.005948097837443808)	(4, 0.0)	(5, 0.0)	(6, 0.0008713441568886982)	(7, 0.0006052450431083173)	(8, 0.0)	(9, 0.0)	(10, 0.0007043800070657141)	(11, 0.0)	(12, 0.0)	(13, 0.0)	(14, 0.0)	(15, 0.0)	(16, 0.0)	(17, 0.00028656612088797214)	(18, 0.0)	(19, 0.0)	(20, 0.0)	(21, 0.0)	(22, 0.0)	(23, 0.0)	(24, 0.0)	(25, 0.0)	(26, 0.0)	(27, 0.0)	(28, 0.0)	(29, 0.0)	(30, 0.0)	(31, 0.0)	(32, 0.0)	(33, 0.0)	(34, 0.0)	(35, 0.0)	(36, 0.0)	(37, 0.0)	(38, 0.0)	(39, 0.0)	(40, 0.0)	(41, 0.0)	(42, 0.0)	(43, 0.0)	(44, 0.0)	(45, 0.0)	(46, 0.0)	(47, 0.0)	(48, 0.0)	(49, 0.0)	(50, 9.701777074506737e-05)	(51, 0.0)	(52, 0.0)	(53, 0.0)	(54, 0.0)	(55, 0.0)
SRR34661440	(1, 0.02513383944205206)	(2, 0.08795213249796122)	(3, 0.005981807199924902)	(4, 0.0)	(5, 0.0)	(6, 0.0008991345713282756)	(7, 0.0006056346853506521)	(8, 0.0)	(9, 0.0)	(10, 0.0008339123744443593)	(11, 0.0)	(12, 0.0)	(13, 0.0)	(14, 0.0)	(15, 0.0)	(16, 0.0)	(17, 0.00027088537093712456)	(18, 0.0)	(19, 0.0)	(20, 0.0)	(21, 0.0)	(22, 0.0)	(23, 0.0)	(24, 0.0)	(25, 0.0)	(26, 0.0)	(27, 0.0)	(28, 0.0)	(29, 0.0)	(30, 0.0)	(31, 0.0)	(32, 0.0)	(33, 0.0)	(34, 0.0)	(35, 0.0)	(36, 0.0)	(37, 0.0)	(38, 0.0)	(39, 0.0)	(40, 0.0)	(41, 0.0)	(42, 0.0)	(43, 0.0)	(44, 0.0)	(45, 0.0)	(46, 0.0)	(47, 0.0)	(48, 0.0)	(49, 0.0)	(50, 0.0)	(51, 0.0)	(52, 0.0)	(53, 0.0)	(54, 0.0)	(55, 0.0)
SRR34661441	(1, 0.055022248765181296)	(2, 0.09481337681219218)	(3, 0.009678545029360818)	(4, 0.0)	(5, 0.0)	(6, 0.0019720734814160047)	(7, 0.001762278430201536)	(8, 0.0)	(9, 0.0)	(10, 0.0005874261434005121)	(11, 0.0)	(12, 0.0)	(13, 0.0)	(14, 0.0)	(15, 0.0)	(16, 0.0)	(17, 0.0005194135878306013)	(18, 0.0)	(19, 0.0)	(20, 0.0)	(21, 0.0)	(22, 0.0)	(23, 0.0)	(24, 0.0)	(25, 0.0)	(26, 0.0)	(27, 0.0)	(28, 0.0)	(29, 0.0)	(30, 0.0)	(31, 0.0)	(32, 0.0)	(33, 0.0)	(34, 0.0)	(35, 0.0)	(36, 0.0)	(37, 0.0)	(38, 0.0)	(39, 0.0)	(40, 0.0)	(41, 0.0)	(42, 0.0)	(43, 0.0)	(44, 0.0)	(45, 0.0)	(46, 0.0)	(47, 0.0)	(48, 0.0)	(49, 0.0)	(50, 0.0)	(51, 0.0)	(52, 0.0)	(53, 0.0)	(54, 0.0)	(55, 0.0013022189811438692)
SRR34661442	(1, 0.023799030099208737)	(2, 0.08751276080908596)	(3, 0.005965177111130809)	(4, 0.0)	(5, 0.0)	(6, 0.0007445457398678779)	(7, 0.0005418883195488105)	(8, 0.0)	(9, 0.0)	(10, 0.0007401401437739851)	(11, 0.0)	(12, 0.0)	(13, 0.0)	(14, 0.0)	(15, 0.0)	(16, 0.0)	(17, 0.00022080150763269412)	(18, 0.0)	(19, 0.0)	(20, 0.0)	(21, 0.0)	(22, 0.0)	(23, 0.0)	(24, 0.0)	(25, 0.0)	(26, 0.0)	(27, 0.0)	(28, 0.0)	(29, 0.0)	(30, 0.0)	(31, 0.0)	(32, 0.0)	(33, 0.0)	(34, 0.0)	(35, 0.0)	(36, 0.0)	(37, 0.0)	(38, 0.0)	(39, 0.0)	(40, 0.0)	(41, 0.0)	(42, 0.0)	(43, 0.0)	(44, 0.0)	(45, 0.0)	(46, 0.0)	(47, 0.0)	(48, 0.0)	(49, 0.0)	(50, 0.0)	(51, 0.0)	(52, 0.0)	(53, 0.0)	(54, 0.0)	(55, 0.0)
SRR34661443	(1, 0.0229523751991242)	(2, 0.08625726145047989)	(3, 0.006113701751793899)	(4, 0.0)	(5, 0.0)	(6, 0.0006862318292829886)	(7, 0.0005302700499004912)	(8, 0.0)	(9, 0.0)	(10, 0.0006706356513447388)	(11, 0.0)	(12, 0.0)	(13, 0.0)	(14, 0.0)	(15, 0.0)	(16, 0.0)	(17, 0.0001673319190007715)	(18, 0.0)	(19, 0.0)	(20, 0.0)	(21, 0.0)	(22, 0.0)	(23, 0.0)	(24, 0.0)	(25, 0.0)	(26, 0.0)	(27, 0.0)	(28, 0.0)	(29, 0.0)	(30, 0.0)	(31, 0.0)	(32, 0.0)	(33, 0.0)	(34, 0.0)	(35, 0.0)	(36, 0.0)	(37, 0.0)	(38, 0.0)	(39, 0.0)	(40, 0.0)	(41, 0.0)	(42, 0.0)	(43, 0.0)	(44, 0.0)	(45, 0.0)	(46, 0.0)	(47, 0.0)	(48, 0.0)	(49, 0.0)	(50, 0.0)	(51, 0.0)	(52, 0.0)	(53, 0.0)	(54, 0.0)	(55, 0.0)
