Sample	0	1	2	3	4	5	6	7	8	9	10	11	12	13	14	15	16	17	18	19	20	21	22	23	24	25	26	27	28	29	30	31	32	33	34	35	36	37	38	39	40	41	42	43	44	45	46	47	48	49	50	51	52	53	54	55	56	57	58	59	60	61	62	63	64	65	66	67	68	69	70	71	72	73	74	75	76	77	78	79	80	81	82	83	84	85	86	87	88	89	90	91	92	93	94	95	96	97	98	99	100
SRR34661416	(0.0, 61.0)	(1.0, 64.0)	(2.0, 72.5)	(3.0, 87.5)	(4.0, 97.0)	(5.0, 109.5)	(6.0, 132.5)	(7.0, 166.5)	(8.0, 246.0)	(9.0, 389.5)	(10.0, 619.5)	(11.0, 963.0)	(12.0, 1538.0)	(13.0, 2358.5)	(14.0, 3230.5)	(15.0, 4410.0)	(16.0, 6144.5)	(17.0, 8475.5)	(18.0, 11956.0)	(19.0, 15639.0)	(20.0, 21372.5)	(21.0, 27068.5)	(22.0, 30663.5)	(23.0, 35235.0)	(24.0, 43990.0)	(25.0, 59802.0)	(26.0, 81177.5)	(27.0, 127813.0)	(28.0, 206564.0)	(29.0, 301869.0)	(30.0, 363957.5)	(31.0, 362717.5)	(32.0, 371029.0)	(33.0, 406619.5)	(34.0, 425736.0)	(35.0, 446603.0)	(36.0, 485638.5)	(37.0, 535883.0)	(38.0, 602906.0)	(39.0, 697751.0)	(40.0, 782965.5)	(41.0, 800196.0)	(42.0, 797509.0)	(43.0, 957304.0)	(44.0, 1121615.0)	(45.0, 1173123.5)	(46.0, 1223017.0)	(47.0, 1276918.0)	(48.0, 1314524.0)	(49.0, 1338194.0)	(50.0, 1323966.5)	(51.0, 1257222.0)	(52.0, 1035666.5)	(53.0, 837412.5)	(54.0, 801382.0)	(55.0, 761015.0)	(56.0, 855224.0)	(57.0, 952692.5)	(58.0, 952585.5)	(59.0, 963424.5)	(60.0, 901098.0)	(61.0, 838693.0)	(62.0, 822309.5)	(63.0, 748617.0)	(64.0, 650505.5)	(65.0, 589220.0)	(66.0, 525411.5)	(67.0, 490497.5)	(68.0, 488854.0)	(69.0, 434749.5)	(70.0, 386863.0)	(71.0, 358047.5)	(72.0, 303560.0)	(73.0, 273385.5)	(74.0, 271530.0)	(75.0, 253049.0)	(76.0, 236766.5)	(77.0, 195858.0)	(78.0, 136847.0)	(79.0, 103419.5)	(80.0, 93990.5)	(81.0, 88511.5)	(82.0, 83951.5)	(83.0, 77928.5)	(84.0, 68557.5)	(85.0, 60105.0)	(86.0, 52218.0)	(87.0, 46670.0)	(88.0, 41135.0)	(89.0, 36343.5)	(90.0, 30580.0)	(91.0, 22544.0)	(92.0, 17589.5)	(93.0, 15485.0)	(94.0, 14365.0)	(95.0, 13910.5)	(96.0, 13732.0)	(97.0, 10132.0)	(98.0, 4995.5)	(99.0, 3443.5)	(100.0, 3441.0)
SRR34661417	(0.0, 76.0)	(1.0, 78.0)	(2.0, 95.5)	(3.0, 116.5)	(4.0, 125.0)	(5.0, 141.5)	(6.0, 187.5)	(7.0, 251.0)	(8.0, 349.0)	(9.0, 505.0)	(10.0, 738.5)	(11.0, 1074.0)	(12.0, 1536.0)	(13.0, 2237.5)	(14.0, 3032.5)	(15.0, 4142.0)	(16.0, 5722.0)	(17.0, 7638.5)	(18.0, 10275.0)	(19.0, 13083.0)	(20.0, 17944.0)	(21.0, 22601.0)	(22.0, 25001.5)	(23.0, 28338.0)	(24.0, 35313.5)	(25.0, 49823.0)	(26.0, 70251.5)	(27.0, 117687.5)	(28.0, 193412.5)	(29.0, 275437.5)	(30.0, 314291.5)	(31.0, 289741.0)	(32.0, 282545.5)	(33.0, 305265.5)	(34.0, 313967.0)	(35.0, 327538.0)	(36.0, 359181.0)	(37.0, 399823.0)	(38.0, 451626.5)	(39.0, 526932.5)	(40.0, 599639.0)	(41.0, 620596.5)	(42.0, 626266.0)	(43.0, 733688.5)	(44.0, 847413.0)	(45.0, 904929.0)	(46.0, 962443.5)	(47.0, 1042117.0)	(48.0, 1169493.0)	(49.0, 1258688.0)	(50.0, 1264059.5)	(51.0, 1222815.0)	(52.0, 1031874.5)	(53.0, 862822.0)	(54.0, 833224.0)	(55.0, 787975.0)	(56.0, 874923.0)	(57.0, 1007283.0)	(58.0, 1082462.5)	(59.0, 1116858.5)	(60.0, 1038074.5)	(61.0, 998297.0)	(62.0, 995440.5)	(63.0, 907527.5)	(64.0, 790110.5)	(65.0, 720614.5)	(66.0, 614631.5)	(67.0, 538330.5)	(68.0, 539637.0)	(69.0, 483005.5)	(70.0, 427599.0)	(71.0, 393414.5)	(72.0, 335650.5)	(73.0, 297299.5)	(74.0, 284544.0)	(75.0, 257628.5)	(76.0, 237024.5)	(77.0, 198622.5)	(78.0, 148639.0)	(79.0, 119478.5)	(80.0, 109551.5)	(81.0, 103395.5)	(82.0, 97841.0)	(83.0, 88987.0)	(84.0, 75756.5)	(85.0, 64967.0)	(86.0, 55961.5)	(87.0, 50169.5)	(88.0, 45484.0)	(89.0, 41533.0)	(90.0, 34678.5)	(91.0, 24630.5)	(92.0, 18640.5)	(93.0, 16382.0)	(94.0, 15498.0)	(95.0, 15181.0)	(96.0, 14971.5)	(97.0, 10736.5)	(98.0, 4776.0)	(99.0, 3028.0)	(100.0, 3027.0)
SRR34661418	(0.0, 111.0)	(1.0, 111.5)	(2.0, 119.0)	(3.0, 123.0)	(4.0, 124.0)	(5.0, 141.0)	(6.0, 163.0)	(7.0, 198.0)	(8.0, 297.5)	(9.0, 489.0)	(10.0, 805.0)	(11.0, 1186.5)	(12.0, 1659.5)	(13.0, 2397.5)	(14.0, 3230.0)	(15.0, 4278.5)	(16.0, 5536.5)	(17.0, 6831.5)	(18.0, 8426.0)	(19.0, 10022.0)	(20.0, 12640.0)	(21.0, 15585.0)	(22.0, 18223.5)	(23.0, 22010.5)	(24.0, 27869.0)	(25.0, 36969.0)	(26.0, 49276.0)	(27.0, 74353.5)	(28.0, 114651.0)	(29.0, 164148.0)	(30.0, 202352.5)	(31.0, 210574.5)	(32.0, 220333.5)	(33.0, 242872.0)	(34.0, 258661.0)	(35.0, 279709.0)	(36.0, 310745.5)	(37.0, 361850.0)	(38.0, 425550.0)	(39.0, 498216.5)	(40.0, 566476.0)	(41.0, 566135.5)	(42.0, 554007.0)	(43.0, 634860.0)	(44.0, 719983.0)	(45.0, 773807.5)	(46.0, 831436.0)	(47.0, 906158.0)	(48.0, 1055719.0)	(49.0, 1183006.0)	(50.0, 1210447.0)	(51.0, 1180753.0)	(52.0, 998820.5)	(53.0, 835726.5)	(54.0, 805780.0)	(55.0, 776482.0)	(56.0, 894288.0)	(57.0, 1028209.0)	(58.0, 1039548.5)	(59.0, 1036081.0)	(60.0, 945424.5)	(61.0, 847041.5)	(62.0, 804561.5)	(63.0, 715114.5)	(64.0, 598088.0)	(65.0, 530967.0)	(66.0, 478273.0)	(67.0, 454004.0)	(68.0, 451516.0)	(69.0, 399340.5)	(70.0, 345052.5)	(71.0, 307206.5)	(72.0, 258512.0)	(73.0, 220786.5)	(74.0, 205174.5)	(75.0, 184074.5)	(76.0, 168276.0)	(77.0, 144578.0)	(78.0, 114882.5)	(79.0, 94393.0)	(80.0, 85598.5)	(81.0, 78517.5)	(82.0, 72876.5)	(83.0, 67283.0)	(84.0, 58800.5)	(85.0, 51087.0)	(86.0, 43715.0)	(87.0, 38949.0)	(88.0, 35172.0)	(89.0, 31892.5)	(90.0, 26632.0)	(91.0, 18939.0)	(92.0, 14189.0)	(93.0, 12490.0)	(94.0, 11785.5)	(95.0, 11453.5)	(96.0, 11288.5)	(97.0, 8227.5)	(98.0, 3883.0)	(99.0, 2585.5)	(100.0, 2583.0)
SRR34661419	(0.0, 43.0)	(1.0, 44.5)	(2.0, 48.5)	(3.0, 57.0)	(4.0, 66.0)	(5.0, 73.0)	(6.0, 89.0)	(7.0, 115.5)	(8.0, 164.5)	(9.0, 260.5)	(10.0, 452.0)	(11.0, 725.0)	(12.0, 1091.5)	(13.0, 1656.0)	(14.0, 2297.0)	(15.0, 3174.0)	(16.0, 4427.5)	(17.0, 5860.5)	(18.0, 7672.0)	(19.0, 9512.0)	(20.0, 12460.0)	(21.0, 15546.5)	(22.0, 17785.5)	(23.0, 20845.0)	(24.0, 26042.5)	(25.0, 34846.5)	(26.0, 47178.0)	(27.0, 73133.0)	(28.0, 115542.0)	(29.0, 166151.5)	(30.0, 201922.5)	(31.0, 207320.0)	(32.0, 217170.0)	(33.0, 240160.0)	(34.0, 255578.0)	(35.0, 274075.5)	(36.0, 302997.0)	(37.0, 342154.0)	(38.0, 390832.5)	(39.0, 454096.5)	(40.0, 512437.5)	(41.0, 523343.0)	(42.0, 522333.0)	(43.0, 630351.0)	(44.0, 744089.5)	(45.0, 802441.5)	(46.0, 860896.0)	(47.0, 943046.5)	(48.0, 1096740.5)	(49.0, 1207960.5)	(50.0, 1200803.5)	(51.0, 1143574.0)	(52.0, 935270.5)	(53.0, 750901.0)	(54.0, 729790.0)	(55.0, 674395.0)	(56.0, 725839.5)	(57.0, 807995.0)	(58.0, 812742.5)	(59.0, 827218.5)	(60.0, 774487.5)	(61.0, 772354.0)	(62.0, 809156.0)	(63.0, 747019.0)	(64.0, 661031.5)	(65.0, 606611.5)	(66.0, 502934.5)	(67.0, 429384.0)	(68.0, 428634.5)	(69.0, 384626.5)	(70.0, 345763.5)	(71.0, 317768.0)	(72.0, 265454.0)	(73.0, 239017.5)	(74.0, 240939.5)	(75.0, 222676.5)	(76.0, 208064.0)	(77.0, 171522.5)	(78.0, 115477.5)	(79.0, 82200.0)	(80.0, 73371.5)	(81.0, 68375.0)	(82.0, 64481.5)	(83.0, 57889.0)	(84.0, 47724.0)	(85.0, 40317.5)	(86.0, 34874.0)	(87.0, 31437.5)	(88.0, 28439.5)	(89.0, 25951.0)	(90.0, 21144.0)	(91.0, 14301.0)	(92.0, 10683.5)	(93.0, 9585.5)	(94.0, 9148.0)	(95.0, 8943.0)	(96.0, 8835.0)	(97.0, 6210.5)	(98.0, 2617.5)	(99.0, 1638.0)	(100.0, 1638.0)
SRR34661420	(0.0, 135.0)	(1.0, 138.5)	(2.0, 169.0)	(3.0, 230.0)	(4.0, 272.5)	(5.0, 327.0)	(6.0, 417.0)	(7.0, 514.0)	(8.0, 667.5)	(9.0, 900.5)	(10.0, 1240.0)	(11.0, 1690.0)	(12.0, 2415.0)	(13.0, 3426.0)	(14.0, 4456.0)	(15.0, 5899.0)	(16.0, 7993.5)	(17.0, 10854.5)	(18.0, 15326.5)	(19.0, 20189.5)	(20.0, 28954.0)	(21.0, 36683.5)	(22.0, 38351.0)	(23.0, 40935.0)	(24.0, 49392.5)	(25.0, 64354.5)	(26.0, 87022.5)	(27.0, 150192.5)	(28.0, 249099.0)	(29.0, 349528.5)	(30.0, 391637.0)	(31.0, 356834.5)	(32.0, 342133.5)	(33.0, 363717.5)	(34.0, 375463.5)	(35.0, 390054.0)	(36.0, 421087.0)	(37.0, 464568.5)	(38.0, 518373.5)	(39.0, 601129.5)	(40.0, 679357.5)	(41.0, 696141.5)	(42.0, 696682.0)	(43.0, 807707.0)	(44.0, 921974.0)	(45.0, 960913.5)	(46.0, 997602.5)	(47.0, 1054475.5)	(48.0, 1118522.5)	(49.0, 1155440.5)	(50.0, 1164006.0)	(51.0, 1132109.0)	(52.0, 961432.5)	(53.0, 807650.0)	(54.0, 775462.0)	(55.0, 725813.0)	(56.0, 789403.5)	(57.0, 897937.0)	(58.0, 932382.5)	(59.0, 922414.5)	(60.0, 865524.0)	(61.0, 869020.5)	(62.0, 888616.5)	(63.0, 827912.5)	(64.0, 739331.5)	(65.0, 681032.5)	(66.0, 595794.0)	(67.0, 538630.0)	(68.0, 540182.5)	(69.0, 490243.5)	(70.0, 440594.0)	(71.0, 407191.0)	(72.0, 348128.5)	(73.0, 315099.5)	(74.0, 310435.5)	(75.0, 285658.5)	(76.0, 267803.5)	(77.0, 224593.0)	(78.0, 161937.5)	(79.0, 127326.5)	(80.0, 117478.5)	(81.0, 111115.5)	(82.0, 105047.5)	(83.0, 95227.0)	(84.0, 81763.0)	(85.0, 71375.0)	(86.0, 62406.5)	(87.0, 56358.5)	(88.0, 51564.5)	(89.0, 47310.0)	(90.0, 39981.5)	(91.0, 29516.0)	(92.0, 23229.5)	(93.0, 20688.5)	(94.0, 19853.0)	(95.0, 19729.5)	(96.0, 19500.5)	(97.0, 14408.5)	(98.0, 6637.5)	(99.0, 3934.5)	(100.0, 3933.0)
SRR34661421	(0.0, 55.0)	(1.0, 54.5)	(2.0, 60.5)	(3.0, 90.5)	(4.0, 116.5)	(5.0, 141.5)	(6.0, 183.0)	(7.0, 220.5)	(8.0, 277.5)	(9.0, 392.5)	(10.0, 581.0)	(11.0, 854.5)	(12.0, 1265.0)	(13.0, 1900.5)	(14.0, 2620.5)	(15.0, 3664.5)	(16.0, 5149.0)	(17.0, 6944.0)	(18.0, 9915.5)	(19.0, 13149.5)	(20.0, 18633.5)	(21.0, 23919.0)	(22.0, 26485.5)	(23.0, 30063.5)	(24.0, 37468.0)	(25.0, 50094.0)	(26.0, 68378.0)	(27.0, 115455.5)	(28.0, 191085.5)	(29.0, 269622.0)	(30.0, 308469.5)	(31.0, 295849.5)	(32.0, 297999.0)	(33.0, 327807.5)	(34.0, 350607.5)	(35.0, 377726.5)	(36.0, 418795.5)	(37.0, 467861.0)	(38.0, 526534.0)	(39.0, 605227.5)	(40.0, 688352.5)	(41.0, 737033.5)	(42.0, 767562.5)	(43.0, 909014.5)	(44.0, 1059202.0)	(45.0, 1143163.5)	(46.0, 1225988.5)	(47.0, 1383794.5)	(48.0, 1594518.5)	(49.0, 1695256.5)	(50.0, 1646684.0)	(51.0, 1562809.0)	(52.0, 1361050.0)	(53.0, 1160434.5)	(54.0, 1092485.0)	(55.0, 979410.5)	(56.0, 1033080.0)	(57.0, 1167499.5)	(58.0, 1228390.0)	(59.0, 1231384.0)	(60.0, 1145422.5)	(61.0, 1152033.0)	(62.0, 1177997.0)	(63.0, 1094696.5)	(64.0, 962022.5)	(65.0, 874064.0)	(66.0, 776230.5)	(67.0, 717405.5)	(68.0, 739764.0)	(69.0, 684777.0)	(70.0, 601258.5)	(71.0, 538521.0)	(72.0, 465139.5)	(73.0, 408843.0)	(74.0, 370685.0)	(75.0, 318320.5)	(76.0, 281418.5)	(77.0, 245195.0)	(78.0, 208876.5)	(79.0, 182425.0)	(80.0, 168963.5)	(81.0, 160026.0)	(82.0, 152687.5)	(83.0, 136495.5)	(84.0, 111148.5)	(85.0, 92435.5)	(86.0, 79652.0)	(87.0, 71478.5)	(88.0, 65256.5)	(89.0, 60020.0)	(90.0, 49176.5)	(91.0, 31834.5)	(92.0, 21523.5)	(93.0, 18802.0)	(94.0, 17900.5)	(95.0, 17484.0)	(96.0, 17193.0)	(97.0, 12257.0)	(98.0, 5126.0)	(99.0, 2909.0)	(100.0, 2908.0)
SRR34661422	(0.0, 53.0)	(1.0, 52.0)	(2.0, 61.0)	(3.0, 121.5)	(4.0, 179.0)	(5.0, 211.5)	(6.0, 251.0)	(7.0, 300.0)	(8.0, 391.0)	(9.0, 530.0)	(10.0, 757.5)	(11.0, 1117.5)	(12.0, 1646.5)	(13.0, 2474.0)	(14.0, 3449.5)	(15.0, 4772.0)	(16.0, 6646.5)	(17.0, 8967.5)	(18.0, 12614.5)	(19.0, 16628.5)	(20.0, 23351.0)	(21.0, 29763.0)	(22.0, 32749.5)	(23.0, 36961.5)	(24.0, 45736.5)	(25.0, 60592.0)	(26.0, 82185.5)	(27.0, 135577.0)	(28.0, 222842.0)	(29.0, 321159.5)	(30.0, 375160.0)	(31.0, 361290.0)	(32.0, 363013.5)	(33.0, 394997.5)	(34.0, 413880.0)	(35.0, 440510.5)	(36.0, 485273.5)	(37.0, 537427.5)	(38.0, 604873.5)	(39.0, 704666.0)	(40.0, 801730.0)	(41.0, 829830.5)	(42.0, 836998.0)	(43.0, 972859.0)	(44.0, 1113437.5)	(45.0, 1167145.0)	(46.0, 1217227.0)	(47.0, 1262075.0)	(48.0, 1305783.0)	(49.0, 1354166.0)	(50.0, 1383623.5)	(51.0, 1349447.0)	(52.0, 1144780.0)	(53.0, 961002.5)	(54.0, 916105.5)	(55.0, 861976.0)	(56.0, 939281.5)	(57.0, 1070671.0)	(58.0, 1161639.5)	(59.0, 1208408.5)	(60.0, 1137631.5)	(61.0, 1066669.5)	(62.0, 1029907.0)	(63.0, 942164.5)	(64.0, 820474.0)	(65.0, 743945.0)	(66.0, 677130.5)	(67.0, 651604.5)	(68.0, 657182.0)	(69.0, 594724.0)	(70.0, 535982.5)	(71.0, 501106.5)	(72.0, 432048.0)	(73.0, 387694.5)	(74.0, 377806.5)	(75.0, 345994.5)	(76.0, 319767.0)	(77.0, 271898.0)	(78.0, 206355.0)	(79.0, 165618.0)	(80.0, 151010.0)	(81.0, 142788.0)	(82.0, 135861.0)	(83.0, 124780.0)	(84.0, 108786.0)	(85.0, 94866.5)	(86.0, 82628.5)	(87.0, 74734.0)	(88.0, 67995.0)	(89.0, 61756.0)	(90.0, 52620.5)	(91.0, 39492.0)	(92.0, 31317.0)	(93.0, 28424.5)	(94.0, 27594.5)	(95.0, 27369.5)	(96.0, 27053.0)	(97.0, 20128.5)	(98.0, 8968.5)	(99.0, 4708.0)	(100.0, 4708.0)
SRR34661423	(0.0, 117.0)	(1.0, 119.0)	(2.0, 159.5)	(3.0, 237.0)	(4.0, 281.5)	(5.0, 312.0)	(6.0, 368.5)	(7.0, 429.0)	(8.0, 522.0)	(9.0, 732.5)	(10.0, 1026.0)	(11.0, 1374.5)	(12.0, 1871.0)	(13.0, 2676.5)	(14.0, 3627.5)	(15.0, 4961.5)	(16.0, 6711.5)	(17.0, 8558.0)	(18.0, 11144.0)	(19.0, 13890.0)	(20.0, 18993.5)	(21.0, 24084.0)	(22.0, 26712.0)	(23.0, 30088.5)	(24.0, 36510.5)	(25.0, 49631.5)	(26.0, 68440.0)	(27.0, 111606.5)	(28.0, 178377.5)	(29.0, 247511.0)	(30.0, 276979.0)	(31.0, 252653.0)	(32.0, 243098.5)	(33.0, 260724.0)	(34.0, 271059.0)	(35.0, 284247.5)	(36.0, 309545.5)	(37.0, 339345.5)	(38.0, 374139.0)	(39.0, 426060.0)	(40.0, 476743.5)	(41.0, 496012.0)	(42.0, 504374.0)	(43.0, 578721.5)	(44.0, 659567.5)	(45.0, 697362.0)	(46.0, 732047.0)	(47.0, 791442.5)	(48.0, 890405.5)	(49.0, 949195.0)	(50.0, 941524.0)	(51.0, 916298.0)	(52.0, 775387.0)	(53.0, 628280.0)	(54.0, 589490.0)	(55.0, 554421.5)	(56.0, 604523.5)	(57.0, 702459.5)	(58.0, 796480.5)	(59.0, 837628.0)	(60.0, 799195.5)	(61.0, 809654.5)	(62.0, 817514.5)	(63.0, 747895.5)	(64.0, 654994.5)	(65.0, 607781.0)	(66.0, 530565.5)	(67.0, 468275.5)	(68.0, 474203.0)	(69.0, 423417.5)	(70.0, 368442.0)	(71.0, 340870.5)	(72.0, 291861.0)	(73.0, 256252.0)	(74.0, 241266.5)	(75.0, 215171.0)	(76.0, 195162.5)	(77.0, 165175.0)	(78.0, 128562.0)	(79.0, 105935.5)	(80.0, 97805.5)	(81.0, 93561.0)	(82.0, 89359.5)	(83.0, 81071.5)	(84.0, 69301.5)	(85.0, 60029.0)	(86.0, 52151.0)	(87.0, 46852.0)	(88.0, 42268.5)	(89.0, 38417.5)	(90.0, 32299.5)	(91.0, 23177.5)	(92.0, 17649.5)	(93.0, 15429.5)	(94.0, 14381.5)	(95.0, 14056.0)	(96.0, 13856.0)	(97.0, 10045.0)	(98.0, 4541.0)	(99.0, 2837.5)	(100.0, 2837.0)
SRR34661424	(0.0, 66.0)	(1.0, 65.0)	(2.0, 52.5)	(3.0, 33.0)	(4.0, 30.5)	(5.0, 40.5)	(6.0, 52.0)	(7.0, 74.5)	(8.0, 118.5)	(9.0, 217.5)	(10.0, 398.5)	(11.0, 617.5)	(12.0, 910.5)	(13.0, 1331.5)	(14.0, 1758.5)	(15.0, 2323.5)	(16.0, 3134.5)	(17.0, 4174.0)	(18.0, 5529.0)	(19.0, 7080.0)	(20.0, 9088.0)	(21.0, 11975.0)	(22.0, 16316.0)	(23.0, 22437.0)	(24.0, 29832.5)	(25.0, 39974.5)	(26.0, 52811.0)	(27.0, 68716.5)	(28.0, 93967.0)	(29.0, 123049.0)	(30.0, 168743.5)	(31.0, 223445.0)	(32.0, 257157.0)	(33.0, 305285.0)	(34.0, 405709.5)	(35.0, 484333.5)	(36.0, 529587.5)	(37.0, 603898.5)	(38.0, 677629.0)	(39.0, 802828.0)	(40.0, 955968.5)	(41.0, 1043176.0)	(42.0, 1080220.5)	(43.0, 1121320.0)	(44.0, 1180322.0)	(45.0, 1264734.0)	(46.0, 1307466.5)	(47.0, 1383795.0)	(48.0, 1485977.0)	(49.0, 1584473.5)	(50.0, 1633114.5)	(51.0, 1507026.5)	(52.0, 1350494.5)	(53.0, 1356138.5)	(54.0, 1443399.0)	(55.0, 1527879.0)	(56.0, 1822314.0)	(57.0, 2030178.5)	(58.0, 1962318.5)	(59.0, 1888534.5)	(60.0, 1715700.0)	(61.0, 1560412.0)	(62.0, 1473225.5)	(63.0, 1260565.5)	(64.0, 1067403.0)	(65.0, 967280.0)	(66.0, 857513.0)	(67.0, 789816.5)	(68.0, 782532.5)	(69.0, 729927.0)	(70.0, 697425.5)	(71.0, 662481.5)	(72.0, 634109.0)	(73.0, 642659.5)	(74.0, 630336.0)	(75.0, 600113.0)	(76.0, 560034.0)	(77.0, 489919.0)	(78.0, 349409.0)	(79.0, 232202.5)	(80.0, 198657.5)	(81.0, 182645.0)	(82.0, 168167.0)	(83.0, 145438.0)	(84.0, 116968.5)	(85.0, 97238.5)	(86.0, 81144.0)	(87.0, 70158.0)	(88.0, 62481.0)	(89.0, 57669.5)	(90.0, 48741.0)	(91.0, 33602.5)	(92.0, 24005.0)	(93.0, 21071.5)	(94.0, 19701.5)	(95.0, 19133.0)	(96.0, 18951.0)	(97.0, 12213.5)	(98.0, 3907.5)	(99.0, 2328.0)	(100.0, 2327.0)
SRR34661425	(0.0, 332.0)	(1.0, 309.5)	(2.0, 232.5)	(3.0, 167.0)	(4.0, 163.0)	(5.0, 201.5)	(6.0, 261.5)	(7.0, 336.0)	(8.0, 541.0)	(9.0, 989.5)	(10.0, 1795.0)	(11.0, 2828.5)	(12.0, 3990.5)	(13.0, 5420.5)	(14.0, 6797.0)	(15.0, 8453.0)	(16.0, 10575.0)	(17.0, 12985.5)	(18.0, 15903.0)	(19.0, 19029.5)	(20.0, 22850.5)	(21.0, 27644.5)	(22.0, 35298.5)	(23.0, 46130.5)	(24.0, 58853.0)	(25.0, 74489.0)	(26.0, 92557.0)	(27.0, 120262.0)	(28.0, 163966.0)	(29.0, 210851.0)	(30.0, 269183.0)	(31.0, 328627.0)	(32.0, 363487.0)	(33.0, 415615.5)	(34.0, 513512.5)	(35.0, 589873.5)	(36.0, 633820.5)	(37.0, 700018.5)	(38.0, 766086.0)	(39.0, 885709.0)	(40.0, 1021965.0)	(41.0, 1066579.5)	(42.0, 1065420.5)	(43.0, 1086083.5)	(44.0, 1111300.5)	(45.0, 1108020.5)	(46.0, 1075892.0)	(47.0, 1099597.5)	(48.0, 1121821.0)	(49.0, 1181951.5)	(50.0, 1253663.5)	(51.0, 1150904.0)	(52.0, 928643.5)	(53.0, 786629.5)	(54.0, 762844.5)	(55.0, 723551.0)	(56.0, 768909.5)	(57.0, 842322.5)	(58.0, 880083.5)	(59.0, 910862.5)	(60.0, 878145.5)	(61.0, 845487.0)	(62.0, 813215.0)	(63.0, 700584.0)	(64.0, 589933.0)	(65.0, 542269.5)	(66.0, 474457.0)	(67.0, 425231.5)	(68.0, 420229.0)	(69.0, 395698.0)	(70.0, 389576.0)	(71.0, 380775.5)	(72.0, 353630.0)	(73.0, 342956.5)	(74.0, 331799.0)	(75.0, 314015.0)	(76.0, 295938.5)	(77.0, 250887.5)	(78.0, 162697.5)	(79.0, 101622.0)	(80.0, 88132.0)	(81.0, 82263.5)	(82.0, 78198.5)	(83.0, 68660.5)	(84.0, 55527.5)	(85.0, 46290.0)	(86.0, 38600.0)	(87.0, 33074.0)	(88.0, 29374.5)	(89.0, 26849.5)	(90.0, 23416.5)	(91.0, 17639.5)	(92.0, 13454.5)	(93.0, 11502.0)	(94.0, 10382.0)	(95.0, 9934.0)	(96.0, 9781.0)	(97.0, 6623.5)	(98.0, 2553.5)	(99.0, 1632.0)	(100.0, 1631.0)
SRR34661426	(0.0, 294.0)	(1.0, 288.5)	(2.0, 239.5)	(3.0, 160.5)	(4.0, 129.5)	(5.0, 153.5)	(6.0, 188.5)	(7.0, 234.5)	(8.0, 347.0)	(9.0, 630.0)	(10.0, 1201.0)	(11.0, 1923.0)	(12.0, 2689.0)	(13.0, 3617.0)	(14.0, 4499.0)	(15.0, 5473.0)	(16.0, 6772.5)	(17.0, 8273.5)	(18.0, 9896.5)	(19.0, 11490.0)	(20.0, 13570.0)	(21.0, 16400.5)	(22.0, 20626.0)	(23.0, 26576.0)	(24.0, 33826.0)	(25.0, 43472.0)	(26.0, 55574.0)	(27.0, 73689.5)	(28.0, 102147.0)	(29.0, 130838.5)	(30.0, 180295.5)	(31.0, 239935.0)	(32.0, 269925.0)	(33.0, 309444.5)	(34.0, 398162.0)	(35.0, 467658.5)	(36.0, 503798.5)	(37.0, 564010.0)	(38.0, 622082.5)	(39.0, 725119.0)	(40.0, 849677.0)	(41.0, 912797.0)	(42.0, 933432.5)	(43.0, 932029.0)	(44.0, 935922.0)	(45.0, 930163.5)	(46.0, 889687.0)	(47.0, 929421.0)	(48.0, 966581.5)	(49.0, 1001362.5)	(50.0, 1057934.0)	(51.0, 986651.5)	(52.0, 838162.0)	(53.0, 778677.0)	(54.0, 788985.5)	(55.0, 758912.5)	(56.0, 816813.5)	(57.0, 905892.0)	(58.0, 1024719.0)	(59.0, 1138850.0)	(60.0, 1117502.0)	(61.0, 1234806.0)	(62.0, 1351863.0)	(63.0, 1189156.0)	(64.0, 1030648.5)	(65.0, 987810.5)	(66.0, 792280.0)	(67.0, 607415.5)	(68.0, 594664.5)	(69.0, 562841.0)	(70.0, 566972.0)	(71.0, 567593.5)	(72.0, 514380.5)	(73.0, 481915.0)	(74.0, 469289.5)	(75.0, 443846.5)	(76.0, 417322.0)	(77.0, 334319.0)	(78.0, 211184.0)	(79.0, 147192.0)	(80.0, 129946.5)	(81.0, 122331.0)	(82.0, 115775.5)	(83.0, 100692.0)	(84.0, 80055.5)	(85.0, 66214.5)	(86.0, 55388.5)	(87.0, 47737.0)	(88.0, 43210.5)	(89.0, 40072.0)	(90.0, 34735.5)	(91.0, 25472.5)	(92.0, 19155.5)	(93.0, 16726.0)	(94.0, 15376.0)	(95.0, 14804.5)	(96.0, 14601.0)	(97.0, 9753.0)	(98.0, 3577.0)	(99.0, 2234.0)	(100.0, 2234.0)
SRR34661427	(0.0, 393.0)	(1.0, 382.0)	(2.0, 294.5)	(3.0, 198.0)	(4.0, 196.5)	(5.0, 234.5)	(6.0, 286.0)	(7.0, 356.0)	(8.0, 543.5)	(9.0, 1007.5)	(10.0, 1886.5)	(11.0, 2982.5)	(12.0, 4146.0)	(13.0, 5566.0)	(14.0, 6840.0)	(15.0, 8251.5)	(16.0, 10025.5)	(17.0, 12007.5)	(18.0, 14432.5)	(19.0, 17047.0)	(20.0, 20333.0)	(21.0, 24486.0)	(22.0, 30342.5)	(23.0, 38723.0)	(24.0, 49270.5)	(25.0, 63795.5)	(26.0, 81118.0)	(27.0, 105755.0)	(28.0, 146962.5)	(29.0, 189983.0)	(30.0, 258935.0)	(31.0, 339471.0)	(32.0, 379346.0)	(33.0, 431318.0)	(34.0, 541376.0)	(35.0, 625359.5)	(36.0, 670732.0)	(37.0, 749779.5)	(38.0, 825980.5)	(39.0, 968980.5)	(40.0, 1139906.5)	(41.0, 1211646.0)	(42.0, 1226410.0)	(43.0, 1217939.0)	(44.0, 1211790.5)	(45.0, 1196594.0)	(46.0, 1131062.5)	(47.0, 1117718.0)	(48.0, 1102962.5)	(49.0, 1114529.5)	(50.0, 1182709.5)	(51.0, 1126319.0)	(52.0, 941621.5)	(53.0, 819674.0)	(54.0, 798352.5)	(55.0, 754620.0)	(56.0, 797106.0)	(57.0, 871296.0)	(58.0, 915706.5)	(59.0, 945953.5)	(60.0, 917302.0)	(61.0, 939828.5)	(62.0, 955032.5)	(63.0, 842707.5)	(64.0, 732625.0)	(65.0, 688505.0)	(66.0, 574334.0)	(67.0, 476423.5)	(68.0, 467436.5)	(69.0, 436843.5)	(70.0, 426251.5)	(71.0, 413285.5)	(72.0, 376052.5)	(73.0, 355860.5)	(74.0, 340019.5)	(75.0, 317252.5)	(76.0, 295998.0)	(77.0, 245544.5)	(78.0, 169002.0)	(79.0, 123464.0)	(80.0, 110723.5)	(81.0, 104764.5)	(82.0, 99713.5)	(83.0, 88207.0)	(84.0, 71505.0)	(85.0, 59974.0)	(86.0, 51551.5)	(87.0, 45291.5)	(88.0, 40715.0)	(89.0, 37466.5)	(90.0, 32205.0)	(91.0, 23812.0)	(92.0, 18308.5)	(93.0, 16142.5)	(94.0, 15041.0)	(95.0, 14491.5)	(96.0, 14291.0)	(97.0, 9625.0)	(98.0, 3663.5)	(99.0, 2360.0)	(100.0, 2359.0)
SRR34661428	(0.0, 273.0)	(1.0, 267.0)	(2.0, 210.0)	(3.0, 133.5)	(4.0, 112.5)	(5.0, 142.5)	(6.0, 196.5)	(7.0, 262.0)	(8.0, 383.0)	(9.0, 571.5)	(10.0, 864.5)	(11.0, 1255.5)	(12.0, 1747.5)	(13.0, 2434.0)	(14.0, 3171.5)	(15.0, 4400.5)	(16.0, 6118.5)	(17.0, 8299.5)	(18.0, 11746.5)	(19.0, 15749.5)	(20.0, 20904.5)	(21.0, 28235.0)	(22.0, 39554.5)	(23.0, 54567.0)	(24.0, 72624.0)	(25.0, 95053.0)	(26.0, 120936.0)	(27.0, 153606.0)	(28.0, 201175.5)	(29.0, 261169.5)	(30.0, 324626.0)	(31.0, 390039.0)	(32.0, 450260.5)	(33.0, 550420.0)	(34.0, 700604.5)	(35.0, 788970.5)	(36.0, 834018.0)	(37.0, 893589.0)	(38.0, 966620.0)	(39.0, 1069134.5)	(40.0, 1181213.5)	(41.0, 1241961.5)	(42.0, 1256244.5)	(43.0, 1345743.0)	(44.0, 1445912.5)	(45.0, 1450600.0)	(46.0, 1454906.5)	(47.0, 1543281.5)	(48.0, 1643848.0)	(49.0, 1805997.5)	(50.0, 1912240.5)	(51.0, 1768284.5)	(52.0, 1491925.0)	(53.0, 1322849.5)	(54.0, 1335801.5)	(55.0, 1340041.5)	(56.0, 1481517.5)	(57.0, 1661225.5)	(58.0, 1704022.5)	(59.0, 1740849.0)	(60.0, 1661443.5)	(61.0, 1581978.5)	(62.0, 1531223.0)	(63.0, 1343757.0)	(64.0, 1153880.5)	(65.0, 1039238.0)	(66.0, 893261.0)	(67.0, 825474.5)	(68.0, 850092.0)	(69.0, 818674.0)	(70.0, 816154.5)	(71.0, 793785.0)	(72.0, 779669.0)	(73.0, 808539.0)	(74.0, 824207.5)	(75.0, 827065.5)	(76.0, 786814.0)	(77.0, 704394.0)	(78.0, 525403.0)	(79.0, 353978.5)	(80.0, 292298.0)	(81.0, 279274.5)	(82.0, 270220.0)	(83.0, 240521.5)	(84.0, 206784.0)	(85.0, 184670.5)	(86.0, 160975.0)	(87.0, 145077.5)	(88.0, 133637.0)	(89.0, 123727.5)	(90.0, 110580.0)	(91.0, 90032.5)	(92.0, 73533.5)	(93.0, 63711.5)	(94.0, 56605.5)	(95.0, 54029.5)	(96.0, 53245.5)	(97.0, 36895.5)	(98.0, 14625.0)	(99.0, 8669.0)	(100.0, 8664.0)
SRR34661429	(0.0, 370.0)	(1.0, 367.0)	(2.0, 312.0)	(3.0, 239.0)	(4.0, 226.5)	(5.0, 257.0)	(6.0, 303.5)	(7.0, 369.5)	(8.0, 489.5)	(9.0, 697.5)	(10.0, 1020.0)	(11.0, 1450.0)	(12.0, 1982.5)	(13.0, 2772.0)	(14.0, 3726.0)	(15.0, 5175.0)	(16.0, 7261.0)	(17.0, 10056.5)	(18.0, 13915.0)	(19.0, 18445.0)	(20.0, 23887.0)	(21.0, 30253.5)	(22.0, 39457.0)	(23.0, 52631.5)	(24.0, 68599.0)	(25.0, 86369.5)	(26.0, 107424.5)	(27.0, 137859.5)	(28.0, 180665.0)	(29.0, 230405.0)	(30.0, 275557.0)	(31.0, 311254.5)	(32.0, 343038.5)	(33.0, 404325.0)	(34.0, 495066.5)	(35.0, 548879.0)	(36.0, 576085.0)	(37.0, 613238.5)	(38.0, 659471.0)	(39.0, 749228.0)	(40.0, 841866.5)	(41.0, 852579.0)	(42.0, 834543.5)	(43.0, 875119.5)	(44.0, 919525.5)	(45.0, 922045.0)	(46.0, 925778.0)	(47.0, 976234.0)	(48.0, 1058900.0)	(49.0, 1184078.5)	(50.0, 1256466.0)	(51.0, 1160637.0)	(52.0, 945562.5)	(53.0, 804275.0)	(54.0, 807259.5)	(55.0, 834780.0)	(56.0, 934543.5)	(57.0, 1018517.0)	(58.0, 1012428.0)	(59.0, 1011997.5)	(60.0, 978775.5)	(61.0, 905925.5)	(62.0, 844209.0)	(63.0, 758729.0)	(64.0, 670972.5)	(65.0, 614520.0)	(66.0, 557757.5)	(67.0, 531941.5)	(68.0, 531258.0)	(69.0, 510070.0)	(70.0, 506398.0)	(71.0, 494513.5)	(72.0, 469093.5)	(73.0, 464205.0)	(74.0, 468585.0)	(75.0, 464212.0)	(76.0, 440023.5)	(77.0, 388621.5)	(78.0, 284210.5)	(79.0, 192348.0)	(80.0, 159770.0)	(81.0, 149928.0)	(82.0, 143412.5)	(83.0, 128166.0)	(84.0, 110447.5)	(85.0, 98075.0)	(86.0, 85211.5)	(87.0, 76113.0)	(88.0, 68061.5)	(89.0, 61721.5)	(90.0, 55857.0)	(91.0, 46233.5)	(92.0, 38393.0)	(93.0, 34331.0)	(94.0, 31353.5)	(95.0, 29867.0)	(96.0, 29421.0)	(97.0, 20388.5)	(98.0, 8140.5)	(99.0, 4899.5)	(100.0, 4897.0)
SRR34661430	(0.0, 335.0)	(1.0, 334.5)	(2.0, 276.0)	(3.0, 201.0)	(4.0, 199.0)	(5.0, 241.0)	(6.0, 286.0)	(7.0, 335.5)	(8.0, 459.5)	(9.0, 750.5)	(10.0, 1305.5)	(11.0, 2071.5)	(12.0, 2992.5)	(13.0, 4198.0)	(14.0, 5277.5)	(15.0, 6419.0)	(16.0, 8050.5)	(17.0, 10021.0)	(18.0, 12401.5)	(19.0, 14982.5)	(20.0, 18245.5)	(21.0, 22695.5)	(22.0, 28942.5)	(23.0, 37543.0)	(24.0, 48487.0)	(25.0, 64982.0)	(26.0, 84362.5)	(27.0, 108585.5)	(28.0, 149414.0)	(29.0, 192428.5)	(30.0, 262147.5)	(31.0, 345462.5)	(32.0, 388925.0)	(33.0, 448179.5)	(34.0, 569318.5)	(35.0, 664912.0)	(36.0, 722072.5)	(37.0, 821968.5)	(38.0, 920676.5)	(39.0, 1094908.0)	(40.0, 1303857.0)	(41.0, 1404157.5)	(42.0, 1444269.0)	(43.0, 1456754.5)	(44.0, 1485497.0)	(45.0, 1545457.0)	(46.0, 1545277.0)	(47.0, 1619105.0)	(48.0, 1709805.0)	(49.0, 1785064.5)	(50.0, 1826026.5)	(51.0, 1679306.5)	(52.0, 1436732.5)	(53.0, 1315628.5)	(54.0, 1305517.5)	(55.0, 1238633.5)	(56.0, 1300140.0)	(57.0, 1398336.0)	(58.0, 1475352.0)	(59.0, 1527655.0)	(60.0, 1455394.0)	(61.0, 1418860.0)	(62.0, 1387629.5)	(63.0, 1225764.5)	(64.0, 1069919.5)	(65.0, 1002639.0)	(66.0, 879079.5)	(67.0, 771068.5)	(68.0, 743667.0)	(69.0, 697567.5)	(70.0, 672351.0)	(71.0, 654995.0)	(72.0, 627888.0)	(73.0, 618102.0)	(74.0, 599693.0)	(75.0, 562493.5)	(76.0, 521045.0)	(77.0, 457914.5)	(78.0, 361886.0)	(79.0, 290178.0)	(80.0, 265037.0)	(81.0, 253096.0)	(82.0, 243022.0)	(83.0, 216219.0)	(84.0, 179151.5)	(85.0, 154179.5)	(86.0, 134367.0)	(87.0, 121057.5)	(88.0, 113779.0)	(89.0, 106915.5)	(90.0, 94778.5)	(91.0, 77361.0)	(92.0, 67741.0)	(93.0, 65040.0)	(94.0, 62497.0)	(95.0, 59878.5)	(96.0, 58418.5)	(97.0, 39858.0)	(98.0, 14521.0)	(99.0, 7679.0)	(100.0, 7677.0)
SRR34661431	(0.0, 284.0)	(1.0, 276.5)	(2.0, 211.5)	(3.0, 134.5)	(4.0, 114.0)	(5.0, 131.5)	(6.0, 167.0)	(7.0, 207.5)	(8.0, 297.5)	(9.0, 486.5)	(10.0, 848.5)	(11.0, 1429.5)	(12.0, 2163.0)	(13.0, 3030.0)	(14.0, 3824.0)	(15.0, 4843.5)	(16.0, 6187.5)	(17.0, 7722.0)	(18.0, 9684.0)	(19.0, 11748.0)	(20.0, 14254.5)	(21.0, 17605.5)	(22.0, 22311.0)	(23.0, 28758.0)	(24.0, 37049.5)	(25.0, 50749.0)	(26.0, 66963.5)	(27.0, 86525.5)	(28.0, 118532.0)	(29.0, 152307.0)	(30.0, 205200.0)	(31.0, 268685.0)	(32.0, 304728.0)	(33.0, 354247.5)	(34.0, 454366.0)	(35.0, 530712.0)	(36.0, 575181.0)	(37.0, 652599.0)	(38.0, 728309.5)	(39.0, 859367.5)	(40.0, 1022714.0)	(41.0, 1111386.5)	(42.0, 1149011.0)	(43.0, 1155283.0)	(44.0, 1179395.0)	(45.0, 1246745.5)	(46.0, 1271217.0)	(47.0, 1350074.0)	(48.0, 1451817.0)	(49.0, 1545901.5)	(50.0, 1574803.5)	(51.0, 1420803.5)	(52.0, 1210868.0)	(53.0, 1127382.5)	(54.0, 1137792.0)	(55.0, 1093730.0)	(56.0, 1150286.0)	(57.0, 1239730.5)	(58.0, 1307107.0)	(59.0, 1353340.0)	(60.0, 1300172.5)	(61.0, 1310252.5)	(62.0, 1312655.5)	(63.0, 1162632.5)	(64.0, 1017988.5)	(65.0, 954069.0)	(66.0, 817968.0)	(67.0, 695301.0)	(68.0, 669919.5)	(69.0, 625235.0)	(70.0, 595618.0)	(71.0, 576998.0)	(72.0, 546570.5)	(73.0, 530157.5)	(74.0, 513377.5)	(75.0, 479637.5)	(76.0, 443921.5)	(77.0, 394145.0)	(78.0, 329274.5)	(79.0, 281152.0)	(80.0, 258882.0)	(81.0, 247047.0)	(82.0, 236233.5)	(83.0, 210693.5)	(84.0, 176121.0)	(85.0, 152904.0)	(86.0, 135288.0)	(87.0, 123661.5)	(88.0, 116358.5)	(89.0, 108915.5)	(90.0, 96054.5)	(91.0, 77929.5)	(92.0, 67904.0)	(93.0, 65749.0)	(94.0, 63859.0)	(95.0, 61480.5)	(96.0, 60350.5)	(97.0, 41701.5)	(98.0, 15475.5)	(99.0, 7864.5)	(100.0, 7864.0)
SRR34661432	(0.0, 557.0)	(1.0, 560.5)	(2.0, 553.5)	(3.0, 633.0)	(4.0, 737.5)	(5.0, 893.5)	(6.0, 1149.0)	(7.0, 1454.0)	(8.0, 2174.5)	(9.0, 3248.5)	(10.0, 4497.5)	(11.0, 6197.0)	(12.0, 8786.0)	(13.0, 11686.5)	(14.0, 14376.5)	(15.0, 19263.5)	(16.0, 26318.5)	(17.0, 36317.0)	(18.0, 55123.5)	(19.0, 77880.0)	(20.0, 109538.5)	(21.0, 139669.0)	(22.0, 158789.5)	(23.0, 179545.5)	(24.0, 231635.5)	(25.0, 318966.5)	(26.0, 484016.0)	(27.0, 903057.0)	(28.0, 1467868.5)	(29.0, 1997457.0)	(30.0, 2155855.0)	(31.0, 1778408.0)	(32.0, 1483443.0)	(33.0, 1432259.5)	(34.0, 1306737.0)	(35.0, 1208089.5)	(36.0, 1208246.5)	(37.0, 1240278.5)	(38.0, 1313653.0)	(39.0, 1611414.5)	(40.0, 1886205.0)	(41.0, 1669424.0)	(42.0, 1412947.5)	(43.0, 1447025.0)	(44.0, 1490986.5)	(45.0, 1502393.0)	(46.0, 1545006.0)	(47.0, 1618112.5)	(48.0, 1790902.0)	(49.0, 1960465.0)	(50.0, 1882230.5)	(51.0, 1681116.0)	(52.0, 1296866.5)	(53.0, 960997.5)	(54.0, 922063.0)	(55.0, 911573.5)	(56.0, 1035604.5)	(57.0, 1146217.5)	(58.0, 1209936.0)	(59.0, 1288846.5)	(60.0, 1266984.0)	(61.0, 1189240.5)	(62.0, 1100977.0)	(63.0, 1001049.0)	(64.0, 877297.0)	(65.0, 744006.0)	(66.0, 641002.0)	(67.0, 625593.5)	(68.0, 635919.5)	(69.0, 602645.0)	(70.0, 574886.0)	(71.0, 547321.0)	(72.0, 457247.5)	(73.0, 389609.0)	(74.0, 372363.5)	(75.0, 340668.5)	(76.0, 310869.5)	(77.0, 247175.0)	(78.0, 170974.0)	(79.0, 141018.5)	(80.0, 128892.5)	(81.0, 124000.5)	(82.0, 124793.5)	(83.0, 118904.0)	(84.0, 107368.5)	(85.0, 97488.0)	(86.0, 86628.0)	(87.0, 76520.0)	(88.0, 66071.5)	(89.0, 58338.0)	(90.0, 51456.5)	(91.0, 40782.5)	(92.0, 33815.0)	(93.0, 30705.0)	(94.0, 28214.0)	(95.0, 26583.0)	(96.0, 25468.5)	(97.0, 19067.0)	(98.0, 8636.0)	(99.0, 4445.5)	(100.0, 4439.0)
SRR34661433	(0.0, 480.0)	(1.0, 488.0)	(2.0, 512.5)	(3.0, 624.5)	(4.0, 736.5)	(5.0, 906.5)	(6.0, 1194.5)	(7.0, 1498.0)	(8.0, 2277.5)	(9.0, 3472.5)	(10.0, 4827.0)	(11.0, 6804.5)	(12.0, 10254.0)	(13.0, 14146.5)	(14.0, 17270.5)	(15.0, 21993.5)	(16.0, 29294.0)	(17.0, 40697.5)	(18.0, 62058.5)	(19.0, 88237.0)	(20.0, 127972.0)	(21.0, 165996.5)	(22.0, 185226.0)	(23.0, 202968.5)	(24.0, 260850.0)	(25.0, 360929.5)	(26.0, 567104.0)	(27.0, 1122132.5)	(28.0, 1840992.5)	(29.0, 2452707.5)	(30.0, 2548663.0)	(31.0, 1991140.5)	(32.0, 1580348.5)	(33.0, 1482499.0)	(34.0, 1327693.0)	(35.0, 1228425.5)	(36.0, 1244702.5)	(37.0, 1290167.0)	(38.0, 1366159.5)	(39.0, 1633048.5)	(40.0, 1884113.5)	(41.0, 1712834.5)	(42.0, 1508943.0)	(43.0, 1591877.0)	(44.0, 1688408.0)	(45.0, 1718191.0)	(46.0, 1764308.5)	(47.0, 1879756.0)	(48.0, 1984581.0)	(49.0, 2039267.5)	(50.0, 1949200.5)	(51.0, 1755133.5)	(52.0, 1441231.0)	(53.0, 1157712.5)	(54.0, 1089808.0)	(55.0, 1038201.5)	(56.0, 1136134.0)	(57.0, 1266282.5)	(58.0, 1355087.5)	(59.0, 1417100.5)	(60.0, 1407424.0)	(61.0, 1384910.0)	(62.0, 1325346.5)	(63.0, 1211184.5)	(64.0, 1054314.5)	(65.0, 913519.5)	(66.0, 787308.5)	(67.0, 731694.5)	(68.0, 741499.0)	(69.0, 716535.5)	(70.0, 696048.5)	(71.0, 682312.5)	(72.0, 609272.5)	(73.0, 541155.0)	(74.0, 507146.0)	(75.0, 455660.5)	(76.0, 408003.0)	(77.0, 323702.5)	(78.0, 236393.0)	(79.0, 202437.5)	(80.0, 186730.0)	(81.0, 180508.5)	(82.0, 178085.5)	(83.0, 167222.5)	(84.0, 149063.5)	(85.0, 134254.0)	(86.0, 119621.5)	(87.0, 107230.0)	(88.0, 94338.5)	(89.0, 83818.0)	(90.0, 72722.5)	(91.0, 55781.0)	(92.0, 45229.5)	(93.0, 40222.5)	(94.0, 36122.5)	(95.0, 33427.0)	(96.0, 31762.5)	(97.0, 23364.0)	(98.0, 10437.0)	(99.0, 5746.0)	(100.0, 5732.0)
SRR34661434	(0.0, 385.0)	(1.0, 390.5)	(2.0, 428.0)	(3.0, 613.5)	(4.0, 793.0)	(5.0, 1017.5)	(6.0, 1362.0)	(7.0, 1713.0)	(8.0, 2501.5)	(9.0, 3687.5)	(10.0, 5198.5)	(11.0, 7266.0)	(12.0, 11042.5)	(13.0, 15070.5)	(14.0, 17976.0)	(15.0, 22537.0)	(16.0, 29621.0)	(17.0, 41359.5)	(18.0, 63801.0)	(19.0, 91332.5)	(20.0, 135843.0)	(21.0, 176625.0)	(22.0, 191076.5)	(23.0, 199826.5)	(24.0, 251414.0)	(25.0, 350452.0)	(26.0, 570511.5)	(27.0, 1187676.0)	(28.0, 2016368.0)	(29.0, 2712520.0)	(30.0, 2758689.5)	(31.0, 2036649.0)	(32.0, 1522524.0)	(33.0, 1422760.5)	(34.0, 1259786.5)	(35.0, 1126395.0)	(36.0, 1119021.0)	(37.0, 1155310.0)	(38.0, 1223058.5)	(39.0, 1445576.5)	(40.0, 1659734.0)	(41.0, 1517519.5)	(42.0, 1337846.5)	(43.0, 1402442.5)	(44.0, 1474493.5)	(45.0, 1489002.5)	(46.0, 1528572.5)	(47.0, 1593256.5)	(48.0, 1679854.0)	(49.0, 1765857.5)	(50.0, 1700398.5)	(51.0, 1528359.5)	(52.0, 1219499.0)	(53.0, 939186.5)	(54.0, 879737.5)	(55.0, 842814.5)	(56.0, 927591.5)	(57.0, 1025915.5)	(58.0, 1096978.5)	(59.0, 1178974.5)	(60.0, 1157926.5)	(61.0, 1103377.0)	(62.0, 1046290.0)	(63.0, 956030.5)	(64.0, 853319.0)	(65.0, 753319.0)	(66.0, 652018.5)	(67.0, 612306.5)	(68.0, 616814.5)	(69.0, 586277.5)	(70.0, 557935.0)	(71.0, 533814.0)	(72.0, 466946.0)	(73.0, 414586.5)	(74.0, 399737.5)	(75.0, 367813.5)	(76.0, 332145.0)	(77.0, 265625.0)	(78.0, 188531.5)	(79.0, 156082.0)	(80.0, 145146.5)	(81.0, 143617.0)	(82.0, 144473.0)	(83.0, 134767.5)	(84.0, 119657.0)	(85.0, 108659.5)	(86.0, 96965.5)	(87.0, 86823.5)	(88.0, 76734.5)	(89.0, 68617.5)	(90.0, 60771.5)	(91.0, 48021.0)	(92.0, 39241.0)	(93.0, 34964.0)	(94.0, 31686.0)	(95.0, 29762.5)	(96.0, 28528.0)	(97.0, 21273.0)	(98.0, 9630.0)	(99.0, 5120.5)	(100.0, 5108.0)
SRR34661435	(0.0, 673.0)	(1.0, 677.5)	(2.0, 682.0)	(3.0, 770.5)	(4.0, 878.0)	(5.0, 1112.5)	(6.0, 1482.5)	(7.0, 1859.5)	(8.0, 2782.0)	(9.0, 4191.0)	(10.0, 5905.0)	(11.0, 8340.0)	(12.0, 12644.5)	(13.0, 17401.5)	(14.0, 21248.5)	(15.0, 27291.5)	(16.0, 36214.5)	(17.0, 50312.5)	(18.0, 77809.5)	(19.0, 112461.5)	(20.0, 166818.0)	(21.0, 215142.0)	(22.0, 232027.0)	(23.0, 241485.5)	(24.0, 299807.0)	(25.0, 415502.5)	(26.0, 673717.5)	(27.0, 1401560.0)	(28.0, 2381585.0)	(29.0, 3245691.5)	(30.0, 3372752.5)	(31.0, 2568980.5)	(32.0, 1976807.0)	(33.0, 1828690.5)	(34.0, 1608632.5)	(35.0, 1473175.0)	(36.0, 1496410.5)	(37.0, 1546189.0)	(38.0, 1644883.0)	(39.0, 2060983.0)	(40.0, 2462733.5)	(41.0, 2217510.0)	(42.0, 1922034.5)	(43.0, 2000298.5)	(44.0, 2117556.0)	(45.0, 2251422.5)	(46.0, 2432097.0)	(47.0, 2614364.5)	(48.0, 2756128.0)	(49.0, 2817737.0)	(50.0, 2680244.0)	(51.0, 2437389.0)	(52.0, 2107576.5)	(53.0, 1844801.0)	(54.0, 1788323.5)	(55.0, 1773523.5)	(56.0, 2015290.0)	(57.0, 2299132.0)	(58.0, 2505338.5)	(59.0, 2635247.5)	(60.0, 2573972.0)	(61.0, 2464686.0)	(62.0, 2312160.0)	(63.0, 2035983.5)	(64.0, 1709066.0)	(65.0, 1498824.0)	(66.0, 1357438.5)	(67.0, 1309335.0)	(68.0, 1337977.0)	(69.0, 1297987.5)	(70.0, 1267717.0)	(71.0, 1276766.0)	(72.0, 1207496.5)	(73.0, 1121008.0)	(74.0, 1033612.0)	(75.0, 910483.5)	(76.0, 815958.5)	(77.0, 694093.5)	(78.0, 586410.5)	(79.0, 545906.5)	(80.0, 520844.0)	(81.0, 500068.5)	(82.0, 482011.0)	(83.0, 456264.5)	(84.0, 426890.5)	(85.0, 399712.5)	(86.0, 367371.5)	(87.0, 345391.0)	(88.0, 321031.0)	(89.0, 287924.0)	(90.0, 249989.5)	(91.0, 204052.0)	(92.0, 174412.0)	(93.0, 160012.5)	(94.0, 154254.5)	(95.0, 148535.5)	(96.0, 141162.0)	(97.0, 113670.5)	(98.0, 55989.5)	(99.0, 25087.0)	(100.0, 25053.0)
SRR34661436	(0.0, 822.0)	(1.0, 832.0)	(2.0, 851.0)	(3.0, 989.0)	(4.0, 1149.5)	(5.0, 1409.5)	(6.0, 1841.5)	(7.0, 2303.0)	(8.0, 3092.5)	(9.0, 4345.5)	(10.0, 5868.0)	(11.0, 7655.0)	(12.0, 10170.5)	(13.0, 13249.0)	(14.0, 16382.5)	(15.0, 21208.0)	(16.0, 27969.5)	(17.0, 38022.0)	(18.0, 56234.0)	(19.0, 77809.5)	(20.0, 110125.0)	(21.0, 140549.0)	(22.0, 154076.5)	(23.0, 164216.0)	(24.0, 202081.5)	(25.0, 271458.5)	(26.0, 409696.0)	(27.0, 764399.5)	(28.0, 1242155.0)	(29.0, 1666877.0)	(30.0, 1739166.0)	(31.0, 1364827.5)	(32.0, 1106166.0)	(33.0, 1077473.5)	(34.0, 992833.5)	(35.0, 936489.5)	(36.0, 960041.0)	(37.0, 1001621.5)	(38.0, 1075447.0)	(39.0, 1372099.0)	(40.0, 1655120.0)	(41.0, 1470022.0)	(42.0, 1248456.0)	(43.0, 1295712.5)	(44.0, 1347290.0)	(45.0, 1367062.5)	(46.0, 1411751.5)	(47.0, 1539241.0)	(48.0, 1721654.0)	(49.0, 1868145.0)	(50.0, 1805868.0)	(51.0, 1595072.5)	(52.0, 1271081.5)	(53.0, 999312.5)	(54.0, 943523.5)	(55.0, 910510.5)	(56.0, 1001842.0)	(57.0, 1102009.0)	(58.0, 1144335.0)	(59.0, 1186351.0)	(60.0, 1139119.5)	(61.0, 1068527.0)	(62.0, 1013256.5)	(63.0, 918020.5)	(64.0, 809053.5)	(65.0, 719023.0)	(66.0, 634460.5)	(67.0, 600920.0)	(68.0, 605835.0)	(69.0, 590029.5)	(70.0, 584738.0)	(71.0, 577018.5)	(72.0, 520845.0)	(73.0, 470222.5)	(74.0, 445550.5)	(75.0, 402856.5)	(76.0, 360260.5)	(77.0, 292399.0)	(78.0, 218661.0)	(79.0, 187913.0)	(80.0, 176978.5)	(81.0, 173970.0)	(82.0, 175321.5)	(83.0, 168795.5)	(84.0, 154156.5)	(85.0, 141406.0)	(86.0, 127086.5)	(87.0, 112834.0)	(88.0, 99200.0)	(89.0, 88772.5)	(90.0, 76802.5)	(91.0, 59409.5)	(92.0, 48038.0)	(93.0, 42575.5)	(94.0, 39695.0)	(95.0, 38195.0)	(96.0, 36717.5)	(97.0, 27352.0)	(98.0, 12288.5)	(99.0, 6459.0)	(100.0, 6454.0)
SRR34661437	(0.0, 1278.0)	(1.0, 1278.5)	(2.0, 1157.0)	(3.0, 1101.0)	(4.0, 1207.0)	(5.0, 1529.0)	(6.0, 2012.0)	(7.0, 2523.5)	(8.0, 3552.5)	(9.0, 5028.5)	(10.0, 6834.0)	(11.0, 9189.5)	(12.0, 12940.5)	(13.0, 17467.0)	(14.0, 21312.0)	(15.0, 27083.5)	(16.0, 35429.0)	(17.0, 47489.0)	(18.0, 69003.0)	(19.0, 94412.0)	(20.0, 133191.5)	(21.0, 170359.5)	(22.0, 187485.0)	(23.0, 199943.5)	(24.0, 246344.5)	(25.0, 333483.5)	(26.0, 514216.0)	(27.0, 989256.0)	(28.0, 1647559.0)	(29.0, 2243500.5)	(30.0, 2333270.5)	(31.0, 1780296.5)	(32.0, 1386706.0)	(33.0, 1334664.5)	(34.0, 1223643.0)	(35.0, 1147863.5)	(36.0, 1178629.0)	(37.0, 1235247.5)	(38.0, 1320342.5)	(39.0, 1552170.0)	(40.0, 1768548.0)	(41.0, 1654504.5)	(42.0, 1502280.0)	(43.0, 1576916.5)	(44.0, 1657713.0)	(45.0, 1683554.5)	(46.0, 1723512.5)	(47.0, 1847912.5)	(48.0, 2010425.0)	(49.0, 2101926.5)	(50.0, 1975995.5)	(51.0, 1759490.5)	(52.0, 1427782.5)	(53.0, 1131515.0)	(54.0, 1081845.5)	(55.0, 1043790.0)	(56.0, 1140089.5)	(57.0, 1234425.5)	(58.0, 1266369.5)	(59.0, 1300330.5)	(60.0, 1247622.5)	(61.0, 1181828.5)	(62.0, 1127187.5)	(63.0, 1031598.5)	(64.0, 919731.5)	(65.0, 821167.5)	(66.0, 727137.0)	(67.0, 688539.0)	(68.0, 695683.5)	(69.0, 680134.0)	(70.0, 681577.5)	(71.0, 682262.5)	(72.0, 618263.0)	(73.0, 560885.5)	(74.0, 533132.0)	(75.0, 484626.0)	(76.0, 440429.0)	(77.0, 357768.5)	(78.0, 260400.5)	(79.0, 217851.5)	(80.0, 202323.5)	(81.0, 193997.0)	(82.0, 190526.0)	(83.0, 179992.5)	(84.0, 163670.0)	(85.0, 151206.5)	(86.0, 137090.0)	(87.0, 125253.0)	(88.0, 112621.5)	(89.0, 100720.5)	(90.0, 87770.5)	(91.0, 68846.0)	(92.0, 56137.5)	(93.0, 49434.5)	(94.0, 47055.5)	(95.0, 45903.0)	(96.0, 43602.5)	(97.0, 34079.0)	(98.0, 15877.5)	(99.0, 7045.0)	(100.0, 7037.0)
SRR34661438	(0.0, 813.0)	(1.0, 818.0)	(2.0, 836.5)	(3.0, 940.5)	(4.0, 1068.5)	(5.0, 1402.0)	(6.0, 1880.5)	(7.0, 2342.5)	(8.0, 3403.0)	(9.0, 5070.5)	(10.0, 7140.5)	(11.0, 9864.0)	(12.0, 14170.5)	(13.0, 18809.0)	(14.0, 22704.0)	(15.0, 29831.5)	(16.0, 39826.5)	(17.0, 54508.0)	(18.0, 82096.0)	(19.0, 114799.5)	(20.0, 164798.5)	(21.0, 212246.5)	(22.0, 235257.5)	(23.0, 255355.5)	(24.0, 322557.0)	(25.0, 442306.0)	(26.0, 696705.5)	(27.0, 1374582.0)	(28.0, 2286770.5)	(29.0, 3102946.0)	(30.0, 3246275.5)	(31.0, 2502436.5)	(32.0, 1949294.5)	(33.0, 1845191.5)	(34.0, 1636003.0)	(35.0, 1471834.0)	(36.0, 1469615.5)	(37.0, 1519357.5)	(38.0, 1637109.0)	(39.0, 1942129.5)	(40.0, 2225110.5)	(41.0, 2078707.5)	(42.0, 1868414.5)	(43.0, 1918968.0)	(44.0, 1979755.5)	(45.0, 1988292.5)	(46.0, 2029515.0)	(47.0, 2140145.0)	(48.0, 2325617.5)	(49.0, 2479010.5)	(50.0, 2357960.5)	(51.0, 2123757.5)	(52.0, 1712811.0)	(53.0, 1319155.0)	(54.0, 1237771.0)	(55.0, 1207513.0)	(56.0, 1347569.5)	(57.0, 1466377.0)	(58.0, 1491346.0)	(59.0, 1532342.5)	(60.0, 1475596.0)	(61.0, 1368363.5)	(62.0, 1286131.5)	(63.0, 1201771.5)	(64.0, 1073498.0)	(65.0, 929219.0)	(66.0, 839217.5)	(67.0, 829582.0)	(68.0, 828011.5)	(69.0, 776384.0)	(70.0, 740221.0)	(71.0, 710801.0)	(72.0, 612330.0)	(73.0, 528168.0)	(74.0, 492994.0)	(75.0, 440793.5)	(76.0, 388518.5)	(77.0, 312178.0)	(78.0, 228349.0)	(79.0, 189185.5)	(80.0, 175024.5)	(81.0, 169885.5)	(82.0, 167716.5)	(83.0, 158839.5)	(84.0, 142389.0)	(85.0, 127572.5)	(86.0, 113416.0)	(87.0, 102079.5)	(88.0, 89910.0)	(89.0, 79570.5)	(90.0, 69354.5)	(91.0, 54682.0)	(92.0, 45014.5)	(93.0, 39837.5)	(94.0, 36351.0)	(95.0, 34572.0)	(96.0, 33158.5)	(97.0, 25030.5)	(98.0, 11516.0)	(99.0, 5896.5)	(100.0, 5887.0)
SRR34661439	(0.0, 1018.0)	(1.0, 1019.5)	(2.0, 957.0)	(3.0, 947.5)	(4.0, 1033.5)	(5.0, 1287.0)	(6.0, 1691.0)	(7.0, 2114.0)	(8.0, 2945.0)	(9.0, 4336.5)	(10.0, 6170.5)	(11.0, 8531.0)	(12.0, 12084.5)	(13.0, 16224.5)	(14.0, 20176.0)	(15.0, 26744.5)	(16.0, 36119.5)	(17.0, 48923.5)	(18.0, 70011.0)	(19.0, 94223.0)	(20.0, 130861.5)	(21.0, 166451.0)	(22.0, 185144.0)	(23.0, 200889.0)	(24.0, 247729.0)	(25.0, 332111.0)	(26.0, 494045.5)	(27.0, 898893.0)	(28.0, 1435869.5)	(29.0, 1898719.0)	(30.0, 1966806.5)	(31.0, 1556081.0)	(32.0, 1264814.0)	(33.0, 1235553.5)	(34.0, 1192008.0)	(35.0, 1176452.5)	(36.0, 1229109.0)	(37.0, 1301909.5)	(38.0, 1404988.5)	(39.0, 1652817.0)	(40.0, 1883503.0)	(41.0, 1774978.5)	(42.0, 1606674.0)	(43.0, 1673035.0)	(44.0, 1754453.5)	(45.0, 1768400.0)	(46.0, 1829294.0)	(47.0, 2001473.0)	(48.0, 2166288.0)	(49.0, 2237377.0)	(50.0, 2071973.0)	(51.0, 1808950.0)	(52.0, 1458779.0)	(53.0, 1141480.5)	(54.0, 1068865.0)	(55.0, 1022785.5)	(56.0, 1119487.5)	(57.0, 1213425.0)	(58.0, 1229709.0)	(59.0, 1236462.5)	(60.0, 1165410.0)	(61.0, 1087084.5)	(62.0, 1028755.5)	(63.0, 939375.5)	(64.0, 829038.0)	(65.0, 730418.0)	(66.0, 638393.5)	(67.0, 597102.5)	(68.0, 600495.0)	(69.0, 581149.0)	(70.0, 569323.5)	(71.0, 553728.0)	(72.0, 487635.5)	(73.0, 430916.0)	(74.0, 404219.5)	(75.0, 361693.5)	(76.0, 322125.5)	(77.0, 259620.5)	(78.0, 186999.0)	(79.0, 152719.0)	(80.0, 142168.5)	(81.0, 137956.5)	(82.0, 135771.5)	(83.0, 127738.0)	(84.0, 113160.0)	(85.0, 100222.0)	(86.0, 87558.0)	(87.0, 77149.5)	(88.0, 66603.5)	(89.0, 58561.0)	(90.0, 50874.5)	(91.0, 39107.0)	(92.0, 31269.5)	(93.0, 27417.0)	(94.0, 25057.0)	(95.0, 23908.0)	(96.0, 22909.5)	(97.0, 16967.0)	(98.0, 7458.5)	(99.0, 3787.0)	(100.0, 3780.0)
SRR34661440	(0.0, 538.0)	(1.0, 539.0)	(2.0, 574.0)	(3.0, 834.5)	(4.0, 1088.0)	(5.0, 1409.5)	(6.0, 1918.0)	(7.0, 2383.0)	(8.0, 3400.0)	(9.0, 5013.5)	(10.0, 6840.5)	(11.0, 9191.5)	(12.0, 13244.0)	(13.0, 17770.0)	(14.0, 21239.0)	(15.0, 27082.0)	(16.0, 35969.5)	(17.0, 49306.0)	(18.0, 75677.0)	(19.0, 107543.0)	(20.0, 154262.5)	(21.0, 196423.0)	(22.0, 212756.5)	(23.0, 220360.0)	(24.0, 261366.0)	(25.0, 351033.0)	(26.0, 540843.5)	(27.0, 1025960.5)	(28.0, 1717531.0)	(29.0, 2342930.0)	(30.0, 2420207.5)	(31.0, 1879345.5)	(32.0, 1523265.0)	(33.0, 1498825.5)	(34.0, 1413391.5)	(35.0, 1350613.5)	(36.0, 1378864.5)	(37.0, 1437989.5)	(38.0, 1531634.0)	(39.0, 1771841.5)	(40.0, 1997381.5)	(41.0, 1881046.0)	(42.0, 1721339.5)	(43.0, 1790395.5)	(44.0, 1868682.0)	(45.0, 1898123.5)	(46.0, 1946925.5)	(47.0, 1985629.0)	(48.0, 1980502.5)	(49.0, 1989510.5)	(50.0, 1901584.5)	(51.0, 1724122.0)	(52.0, 1447957.0)	(53.0, 1190117.5)	(54.0, 1110951.5)	(55.0, 1037993.0)	(56.0, 1086645.0)	(57.0, 1174737.5)	(58.0, 1256430.5)	(59.0, 1331573.0)	(60.0, 1319874.0)	(61.0, 1295304.0)	(62.0, 1238075.0)	(63.0, 1099995.5)	(64.0, 941561.0)	(65.0, 836273.5)	(66.0, 741454.0)	(67.0, 697905.5)	(68.0, 714618.5)	(69.0, 696129.5)	(70.0, 686966.0)	(71.0, 692832.5)	(72.0, 634253.0)	(73.0, 573893.5)	(74.0, 536486.0)	(75.0, 477366.5)	(76.0, 421300.5)	(77.0, 331645.5)	(78.0, 246139.5)	(79.0, 215712.0)	(80.0, 202472.0)	(81.0, 196449.5)	(82.0, 192855.5)	(83.0, 181574.5)	(84.0, 165175.0)	(85.0, 152031.5)	(86.0, 138566.5)	(87.0, 128740.0)	(88.0, 118429.0)	(89.0, 107503.5)	(90.0, 94019.0)	(91.0, 73356.0)	(92.0, 59056.5)	(93.0, 52071.0)	(94.0, 48223.5)	(95.0, 45507.5)	(96.0, 43163.0)	(97.0, 33402.5)	(98.0, 15674.5)	(99.0, 7524.5)	(100.0, 7515.0)
SRR34661441	(0.0, 182.0)	(1.0, 181.5)	(2.0, 180.5)	(3.0, 221.5)	(4.0, 268.5)	(5.0, 346.0)	(6.0, 464.0)	(7.0, 608.5)	(8.0, 908.5)	(9.0, 1310.5)	(10.0, 1780.0)	(11.0, 2406.5)	(12.0, 3435.0)	(13.0, 4585.0)	(14.0, 5601.0)	(15.0, 7308.5)	(16.0, 9828.5)	(17.0, 13634.0)	(18.0, 20597.5)	(19.0, 28888.5)	(20.0, 41935.0)	(21.0, 54681.5)	(22.0, 61003.5)	(23.0, 66345.5)	(24.0, 85231.5)	(25.0, 118155.5)	(26.0, 190550.0)	(27.0, 387652.5)	(28.0, 645710.0)	(29.0, 866072.5)	(30.0, 894697.5)	(31.0, 683752.5)	(32.0, 525671.5)	(33.0, 484181.5)	(34.0, 422533.5)	(35.0, 378201.5)	(36.0, 375203.0)	(37.0, 382866.0)	(38.0, 402301.0)	(39.0, 479329.5)	(40.0, 552460.5)	(41.0, 503947.0)	(42.0, 448091.0)	(43.0, 462869.5)	(44.0, 481031.0)	(45.0, 494309.5)	(46.0, 513992.0)	(47.0, 537930.0)	(48.0, 561211.5)	(49.0, 577526.5)	(50.0, 554305.0)	(51.0, 508698.5)	(52.0, 433752.5)	(53.0, 362656.0)	(54.0, 342731.0)	(55.0, 339719.5)	(56.0, 386308.5)	(57.0, 433760.0)	(58.0, 459120.5)	(59.0, 468932.0)	(60.0, 454237.0)	(61.0, 430605.5)	(62.0, 397613.0)	(63.0, 360320.5)	(64.0, 312465.0)	(65.0, 271401.0)	(66.0, 239219.0)	(67.0, 225082.0)	(68.0, 228563.5)	(69.0, 225207.5)	(70.0, 226704.0)	(71.0, 232469.5)	(72.0, 218438.0)	(73.0, 199166.5)	(74.0, 181804.5)	(75.0, 157929.0)	(76.0, 138544.0)	(77.0, 114957.0)	(78.0, 92533.5)	(79.0, 82485.0)	(80.0, 77721.0)	(81.0, 75421.5)	(82.0, 73561.5)	(83.0, 69773.0)	(84.0, 65189.0)	(85.0, 60791.0)	(86.0, 55372.0)	(87.0, 51661.5)	(88.0, 47399.0)	(89.0, 42458.5)	(90.0, 37053.5)	(91.0, 29391.0)	(92.0, 24083.0)	(93.0, 21175.0)	(94.0, 19717.5)	(95.0, 18588.5)	(96.0, 17384.5)	(97.0, 13790.0)	(98.0, 6597.5)	(99.0, 2879.5)	(100.0, 2872.0)
SRR34661442	(0.0, 856.0)	(1.0, 853.0)	(2.0, 848.0)	(3.0, 991.0)	(4.0, 1162.0)	(5.0, 1501.0)	(6.0, 2057.0)	(7.0, 2606.5)	(8.0, 3701.0)	(9.0, 5275.5)	(10.0, 7109.0)	(11.0, 9549.5)	(12.0, 13431.5)	(13.0, 17815.5)	(14.0, 21452.5)	(15.0, 26997.5)	(16.0, 35151.0)	(17.0, 47746.0)	(18.0, 70773.0)	(19.0, 97865.5)	(20.0, 136639.5)	(21.0, 172503.5)	(22.0, 190433.5)	(23.0, 206588.0)	(24.0, 264371.0)	(25.0, 367897.5)	(26.0, 609420.0)	(27.0, 1280199.5)	(28.0, 2190806.5)	(29.0, 2969492.5)	(30.0, 3016689.5)	(31.0, 2193696.5)	(32.0, 1598550.5)	(33.0, 1491716.0)	(34.0, 1341926.5)	(35.0, 1212115.5)	(36.0, 1205282.0)	(37.0, 1256476.5)	(38.0, 1350362.0)	(39.0, 1616279.0)	(40.0, 1862340.0)	(41.0, 1697455.0)	(42.0, 1498606.5)	(43.0, 1555080.0)	(44.0, 1623637.5)	(45.0, 1644280.5)	(46.0, 1688981.0)	(47.0, 1741154.0)	(48.0, 1745394.0)	(49.0, 1758878.0)	(50.0, 1698728.0)	(51.0, 1550894.5)	(52.0, 1330579.0)	(53.0, 1145479.0)	(54.0, 1095570.0)	(55.0, 1052721.5)	(56.0, 1153857.0)	(57.0, 1296927.0)	(58.0, 1441719.5)	(59.0, 1569638.0)	(60.0, 1584015.5)	(61.0, 1582128.0)	(62.0, 1520098.5)	(63.0, 1347233.0)	(64.0, 1149739.5)	(65.0, 1029078.5)	(66.0, 917908.5)	(67.0, 860730.0)	(68.0, 880942.0)	(69.0, 852408.0)	(70.0, 833184.5)	(71.0, 833482.0)	(72.0, 755028.5)	(73.0, 678012.0)	(74.0, 639850.5)	(75.0, 579445.5)	(76.0, 519883.0)	(77.0, 416039.5)	(78.0, 311769.0)	(79.0, 275847.5)	(80.0, 260452.5)	(81.0, 254783.5)	(82.0, 252253.5)	(83.0, 238131.5)	(84.0, 216417.0)	(85.0, 197752.0)	(86.0, 179200.0)	(87.0, 165475.5)	(88.0, 151231.5)	(89.0, 137086.5)	(90.0, 120393.5)	(91.0, 94658.5)	(92.0, 76363.0)	(93.0, 66687.0)	(94.0, 60796.0)	(95.0, 57309.0)	(96.0, 54612.0)	(97.0, 42242.0)	(98.0, 20157.5)	(99.0, 10182.0)	(100.0, 10164.0)
SRR34661443	(0.0, 486.0)	(1.0, 499.0)	(2.0, 497.0)	(3.0, 464.0)	(4.0, 464.5)	(5.0, 547.5)	(6.0, 666.5)	(7.0, 809.5)	(8.0, 1154.0)	(9.0, 1623.0)	(10.0, 2125.5)	(11.0, 2741.5)	(12.0, 3472.0)	(13.0, 4381.5)	(14.0, 5371.5)	(15.0, 6896.5)	(16.0, 9154.5)	(17.0, 12363.0)	(18.0, 17493.0)	(19.0, 23395.5)	(20.0, 31034.0)	(21.0, 38577.5)	(22.0, 44259.0)	(23.0, 52217.5)	(24.0, 66805.5)	(25.0, 89238.5)	(26.0, 125487.0)	(27.0, 196321.5)	(28.0, 299063.5)	(29.0, 408691.0)	(30.0, 465379.0)	(31.0, 431805.5)	(32.0, 404131.0)	(33.0, 426372.0)	(34.0, 446555.5)	(35.0, 465089.5)	(36.0, 491317.0)	(37.0, 528730.0)	(38.0, 584042.5)	(39.0, 670138.0)	(40.0, 755757.5)	(41.0, 786138.0)	(42.0, 803118.0)	(43.0, 899313.5)	(44.0, 1031250.0)	(45.0, 1447576.5)	(46.0, 1872679.0)	(47.0, 2682743.5)	(48.0, 4343756.5)	(49.0, 5464791.5)	(50.0, 5028902.5)	(51.0, 4142131.0)	(52.0, 2756455.0)	(53.0, 1779220.5)	(54.0, 1944040.5)	(55.0, 2227148.0)	(56.0, 2810413.5)	(57.0, 2864988.0)	(58.0, 2279170.0)	(59.0, 1883857.5)	(60.0, 1536124.5)	(61.0, 1186079.5)	(62.0, 1067026.0)	(63.0, 939947.5)	(64.0, 831343.5)	(65.0, 739521.0)	(66.0, 632582.5)	(67.0, 581093.0)	(68.0, 586794.0)	(69.0, 578218.5)	(70.0, 576635.5)	(71.0, 556622.5)	(72.0, 477478.0)	(73.0, 416843.5)	(74.0, 395332.0)	(75.0, 356388.5)	(76.0, 321407.0)	(77.0, 267192.5)	(78.0, 202392.5)	(79.0, 173227.0)	(80.0, 161969.0)	(81.0, 156508.0)	(82.0, 154380.5)	(83.0, 147222.5)	(84.0, 136259.0)	(85.0, 130097.0)	(86.0, 122663.5)	(87.0, 113908.0)	(88.0, 103818.5)	(89.0, 93791.0)	(90.0, 83937.5)	(91.0, 72459.0)	(92.0, 66963.0)	(93.0, 67093.0)	(94.0, 67479.0)	(95.0, 65874.0)	(96.0, 63938.0)	(97.0, 49667.0)	(98.0, 23424.5)	(99.0, 11280.0)	(100.0, 11274.0)
